Time,plot,x_(m),y_(m),z_(m),log_res25,del_log_res25,swc,del_swc,pF,logK_cmd,cov
2024-05-16 00:30:00,x,0.05,0.6,0.0,2.1822205747479426,-0.002,0.221,0.001,2.735,-2.521,1.972
2024-05-16 00:30:00,x,0.05,0.6,0.05,2.1807307122854316,-0.002,0.222,0.001,2.731,-2.513,1.977
2024-05-16 00:30:00,x,0.05,0.6,0.1,2.1699564282131245,-0.002,0.224,0.001,2.716,-2.478,1.968
2024-05-16 00:30:00,x,0.05,0.6,0.15,2.1544087558024323,-0.0,0.226,0.0,2.707,-2.456,1.974
2024-05-16 00:30:00,x,0.05,0.6,0.2,2.0994009178736275,0.003,0.241,-0.002,2.614,-2.247,1.925
2024-05-16 00:30:00,x,0.05,0.6,0.25,2.0589306364840305,0.006,0.254,-0.003,2.535,-2.072,1.898
2024-05-16 00:30:00,x,0.05,0.6,0.3,1.9861982661866784,0.009,0.282,-0.005,2.376,-1.727,1.95
2024-05-16 00:30:00,x,0.05,0.6,0.35,1.9082490417283882,0.012,0.317,-0.007,2.179,-1.332,2.001
2024-05-16 00:30:00,x,0.05,0.6,0.4,1.8573747174535205,0.013,0.342,-0.008,2.02,-1.051,2.009
2024-05-16 00:30:00,x,0.05,0.6,0.45,1.8071898906740504,0.013,0.365,-0.009,1.873,-0.794,1.988
2024-05-16 00:30:00,x,0.05,0.6,0.5,1.7787082376449883,0.013,0.379,-0.009,1.759,-0.628,1.998
2024-05-16 00:30:00,x,0.05,0.6,0.55,1.7376537363055085,0.012,0.398,-0.007,1.477,-0.346,1.987
2024-05-16 00:30:00,x,0.05,0.6,0.6,1.7103628033468259,0.01,0.406,-0.006,1.324,-0.211,1.966
2024-05-16 00:30:00,x,0.05,0.6,0.65,1.6766296036164485,0.006,0.408,-0.004,1.326,-0.185,1.938
2024-05-16 00:30:00,x,0.05,0.6,0.7,1.6595168837642178,0.002,0.41,-0.002,1.325,-0.17,1.904
2024-05-16 00:30:00,x,0.05,0.6,0.75,1.6495976928625513,-0.002,0.413,0.0,1.28,-0.124,1.882
2024-05-16 00:30:00,x,0.05,0.6,0.8,1.6398946935548493,-0.007,0.415,0.002,1.237,-0.081,1.917
2024-05-16 00:30:00,x,0.05,0.6,0.85,1.6366182654274568,-0.013,0.418,0.005,1.179,-0.033,1.921
2024-05-16 00:30:00,x,0.05,0.6,0.9,1.6344067293655393,-0.016,0.418,0.006,1.16,-0.018,1.929
2024-05-16 00:30:00,x,0.05,0.6,0.95,1.6326597132939136,-0.019,0.419,0.007,1.134,-0.001,1.942
2024-05-16 00:30:00,x,0.1,0.6,0.0,2.177481668593883,-0.002,0.223,0.0,2.723,-2.495,1.984
2024-05-16 00:30:00,x,0.1,0.6,0.05,2.1732037564285673,-0.002,0.224,0.001,2.719,-2.484,2.002
2024-05-16 00:30:00,x,0.1,0.6,0.1,2.1685740823071207,-0.002,0.225,0.001,2.713,-2.471,2.044
2024-05-16 00:30:00,x,0.1,0.6,0.15,2.161852943153348,-0.001,0.224,0.0,2.719,-2.485,2.085
2024-05-16 00:30:00,x,0.1,0.6,0.2,2.1103944022038252,0.003,0.238,-0.002,2.634,-2.293,2.006
2024-05-16 00:30:00,x,0.1,0.6,0.25,2.051580815079889,0.006,0.256,-0.003,2.523,-2.044,1.889
2024-05-16 00:30:00,x,0.1,0.6,0.3,1.9660947794461707,0.01,0.29,-0.005,2.332,-1.633,1.981
2024-05-16 00:30:00,x,0.1,0.6,0.35,1.913803259706198,0.012,0.314,-0.007,2.199,-1.364,1.998
2024-05-16 00:30:00,x,0.1,0.6,0.4,1.8650091660434904,0.013,0.338,-0.008,2.057,-1.102,1.996
2024-05-16 00:30:00,x,0.1,0.6,0.45,1.8108102964235677,0.013,0.364,-0.009,1.887,-0.815,1.985
2024-05-16 00:30:00,x,0.1,0.6,0.5,1.790038735836031,0.013,0.374,-0.009,1.795,-0.687,1.989
2024-05-16 00:30:00,x,0.1,0.6,0.55,1.736364626282507,0.012,0.398,-0.007,1.418,-0.313,1.985
2024-05-16 00:30:00,x,0.1,0.6,0.6,1.7070930417215562,0.011,0.405,-0.006,1.32,-0.214,1.961
2024-05-16 00:30:00,x,0.1,0.6,0.65,1.6771048517343083,0.007,0.408,-0.004,1.32,-0.182,1.939
2024-05-16 00:30:00,x,0.1,0.6,0.7,1.659697572334321,0.003,0.41,-0.002,1.326,-0.17,1.908
2024-05-16 00:30:00,x,0.1,0.6,0.75,1.6478131389221036,-0.001,0.413,-0.0,1.278,-0.116,1.879
2024-05-16 00:30:00,x,0.1,0.6,0.8,1.640441682795658,-0.006,0.415,0.002,1.233,-0.078,1.947
2024-05-16 00:30:00,x,0.1,0.6,0.85,1.6363775534847185,-0.014,0.418,0.005,1.185,-0.036,2.02
2024-05-16 00:30:00,x,0.1,0.6,0.9,1.633195673394554,-0.016,0.419,0.006,1.143,-0.007,2.014
2024-05-16 00:30:00,x,0.1,0.6,0.95,1.6327811206884244,-0.016,0.419,0.006,1.139,-0.004,1.971
2024-05-16 00:30:00,x,0.15,0.6,0.0,2.16415351051824,-0.0,0.23,0.0,2.687,-2.413,2.116
2024-05-16 00:30:00,x,0.15,0.6,0.05,2.161511744893581,-0.001,0.229,0.0,2.688,-2.415,2.061
2024-05-16 00:30:00,x,0.15,0.6,0.1,2.161209231095441,-0.001,0.228,0.0,2.694,-2.429,2.051
2024-05-16 00:30:00,x,0.15,0.6,0.15,2.152856836744879,0.0,0.227,-0.0,2.697,-2.436,2.031
2024-05-16 00:30:00,x,0.15,0.6,0.2,2.1306489197445093,0.002,0.233,-0.001,2.666,-2.364,1.998
2024-05-16 00:30:00,x,0.15,0.6,0.25,2.0423431440819844,0.006,0.26,-0.003,2.506,-2.007,1.919
2024-05-16 00:30:00,x,0.15,0.6,0.3,1.9608654113478257,0.01,0.293,-0.006,2.317,-1.603,1.986
2024-05-16 00:30:00,x,0.15,0.6,0.35,1.9144119193767108,0.012,0.314,-0.007,2.199,-1.367,1.994
2024-05-16 00:30:00,x,0.15,0.6,0.4,1.8808650188455565,0.012,0.33,-0.008,2.107,-1.191,2.004
2024-05-16 00:30:00,x,0.15,0.6,0.45,1.8214414675352908,0.013,0.358,-0.009,1.932,-0.884,1.974
2024-05-16 00:30:00,x,0.15,0.6,0.5,1.791353747213654,0.013,0.373,-0.009,1.807,-0.702,1.991
2024-05-16 00:30:00,x,0.15,0.6,0.55,1.744496388752635,0.012,0.395,-0.007,1.457,-0.357,1.993
2024-05-16 00:30:00,x,0.15,0.6,0.6,1.7017147397049948,0.01,0.402,-0.006,1.353,-0.251,1.952
2024-05-16 00:30:00,x,0.15,0.6,0.65,1.677068312644881,0.008,0.408,-0.004,1.318,-0.181,1.943
2024-05-16 00:30:00,x,0.15,0.6,0.7,1.6631636129811933,0.004,0.41,-0.002,1.303,-0.154,1.934
2024-05-16 00:30:00,x,0.15,0.6,0.75,1.6488282109888008,-0.001,0.413,0.0,1.279,-0.119,1.895
2024-05-16 00:30:00,x,0.15,0.6,0.8,1.640362163527487,-0.005,0.415,0.001,1.24,-0.084,1.929
2024-05-16 00:30:00,x,0.15,0.6,0.85,1.636036316353447,-0.012,0.417,0.004,1.196,-0.045,2.007
2024-05-16 00:30:00,x,0.15,0.6,0.9,1.634275694625944,-0.014,0.419,0.006,1.143,-0.007,2.026
2024-05-16 00:30:00,x,0.15,0.6,0.95,1.6339630675312287,-0.013,0.419,0.006,1.139,-0.004,2.036
2024-05-16 00:30:00,x,0.2,0.6,0.0,2.156573379078958,0.002,0.234,-0.001,2.664,-2.366,2.132
2024-05-16 00:30:00,x,0.2,0.6,0.05,2.1587423336104763,0.001,0.232,-0.0,2.674,-2.385,2.153
2024-05-16 00:30:00,x,0.2,0.6,0.1,2.150688911793667,0.002,0.234,-0.001,2.659,-2.352,2.11
2024-05-16 00:30:00,x,0.2,0.6,0.15,2.148291010753685,0.002,0.232,-0.001,2.674,-2.385,2.047
2024-05-16 00:30:00,x,0.2,0.6,0.2,2.1141337319994804,0.003,0.24,-0.001,2.625,-2.275,2.004
2024-05-16 00:30:00,x,0.2,0.6,0.25,2.035341669545012,0.005,0.264,-0.002,2.481,-1.956,1.975
2024-05-16 00:30:00,x,0.2,0.6,0.3,1.9551969078457827,0.009,0.295,-0.005,2.302,-1.572,2.001
2024-05-16 00:30:00,x,0.2,0.6,0.35,1.919245498943398,0.01,0.312,-0.007,2.213,-1.395,2.0
2024-05-16 00:30:00,x,0.2,0.6,0.4,1.8924007280628643,0.012,0.324,-0.008,2.141,-1.255,2.017
2024-05-16 00:30:00,x,0.2,0.6,0.45,1.837152662711948,0.012,0.35,-0.008,1.978,-0.969,1.987
2024-05-16 00:30:00,x,0.2,0.6,0.5,1.7943974139561552,0.012,0.371,-0.009,1.78,-0.711,1.991
2024-05-16 00:30:00,x,0.2,0.6,0.55,1.7473418800685208,0.011,0.393,-0.008,1.519,-0.404,2.0
2024-05-16 00:30:00,x,0.2,0.6,0.6,1.6974037232004877,0.009,0.404,-0.005,1.354,-0.236,1.957
2024-05-16 00:30:00,x,0.2,0.6,0.65,1.6763643353293973,0.007,0.41,-0.003,1.295,-0.158,1.947
2024-05-16 00:30:00,x,0.2,0.6,0.7,1.6625689669332602,0.005,0.411,-0.003,1.288,-0.139,1.926
2024-05-16 00:30:00,x,0.2,0.6,0.75,1.6513070952442228,0.002,0.413,-0.001,1.278,-0.12,1.892
2024-05-16 00:30:00,x,0.2,0.6,0.8,1.6411170093614063,-0.005,0.415,0.0,1.25,-0.092,1.927
2024-05-16 00:30:00,x,0.2,0.6,0.85,1.6398847419163043,-0.006,0.416,0.002,1.221,-0.066,2.001
2024-05-16 00:30:00,x,0.2,0.6,0.9,1.6395960451577805,-0.006,0.417,0.003,1.196,-0.044,2.046
2024-05-16 00:30:00,x,0.2,0.6,0.95,1.639287225910237,-0.007,0.418,0.003,1.179,-0.032,2.024
2024-05-16 00:30:00,x,0.25,0.6,0.0,2.1475031901552404,0.003,0.239,-0.002,2.638,-2.31,2.148
2024-05-16 00:30:00,x,0.25,0.6,0.05,2.1493084264494904,0.003,0.236,-0.002,2.65,-2.336,2.092
2024-05-16 00:30:00,x,0.25,0.6,0.1,2.148278663810056,0.003,0.236,-0.001,2.653,-2.339,2.05
2024-05-16 00:30:00,x,0.25,0.6,0.15,2.140925795498442,0.003,0.236,-0.001,2.648,-2.328,1.995
2024-05-16 00:30:00,x,0.25,0.6,0.2,2.11631213722309,0.002,0.241,-0.001,2.62,-2.263,1.998
2024-05-16 00:30:00,x,0.25,0.6,0.25,2.0439671177348435,0.004,0.261,-0.002,2.5,-1.999,1.946
2024-05-16 00:30:00,x,0.25,0.6,0.3,1.9652393413866485,0.007,0.29,-0.004,2.333,-1.637,1.975
2024-05-16 00:30:00,x,0.25,0.6,0.35,1.925198603055123,0.009,0.309,-0.005,2.231,-1.428,2.012
2024-05-16 00:30:00,x,0.25,0.6,0.4,1.8843364794492514,0.01,0.327,-0.007,2.128,-1.225,2.048
2024-05-16 00:30:00,x,0.25,0.6,0.45,1.845315132986487,0.01,0.346,-0.007,1.998,-1.007,2.03
2024-05-16 00:30:00,x,0.25,0.6,0.5,1.7791345372380387,0.01,0.378,-0.007,1.701,-0.616,2.014
2024-05-16 00:30:00,x,0.25,0.6,0.55,1.7350876642278399,0.009,0.4,-0.007,1.441,-0.317,2.018
2024-05-16 00:30:00,x,0.25,0.6,0.6,1.6842167951388805,0.007,0.41,-0.004,1.287,-0.159,1.959
2024-05-16 00:30:00,x,0.25,0.6,0.65,1.671320977612709,0.006,0.411,-0.003,1.287,-0.143,1.947
2024-05-16 00:30:00,x,0.25,0.6,0.7,1.66185999172781,0.004,0.412,-0.002,1.278,-0.13,1.945
2024-05-16 00:30:00,x,0.25,0.6,0.75,1.650501794878367,0.003,0.414,-0.001,1.259,-0.101,1.889
2024-05-16 00:30:00,x,0.25,0.6,0.8,1.6416129039115093,-0.001,0.415,-0.0,1.252,-0.091,1.938
2024-05-16 00:30:00,x,0.25,0.6,0.85,1.6403820447095685,-0.001,0.416,0.0,1.226,-0.069,2.007
2024-05-16 00:30:00,x,0.25,0.6,0.9,1.6421280342880304,-0.002,0.416,0.001,1.225,-0.067,1.976
2024-05-16 00:30:00,x,0.25,0.6,0.95,1.6421181336945818,-0.003,0.417,0.002,1.213,-0.058,1.987
2024-05-16 00:30:00,x,0.3,0.6,0.0,2.1423863371847847,0.006,0.241,-0.003,2.625,-2.282,2.166
2024-05-16 00:30:00,x,0.3,0.6,0.05,2.1428241687571012,0.004,0.238,-0.002,2.637,-2.306,2.085
2024-05-16 00:30:00,x,0.3,0.6,0.1,2.1366317971687026,0.004,0.238,-0.002,2.636,-2.303,2.049
2024-05-16 00:30:00,x,0.3,0.6,0.15,2.132163596050864,0.004,0.239,-0.002,2.633,-2.296,2.004
2024-05-16 00:30:00,x,0.3,0.6,0.2,2.1118537196535803,0.003,0.241,-0.001,2.618,-2.259,1.977
2024-05-16 00:30:00,x,0.3,0.6,0.25,2.049543621447324,0.004,0.259,-0.002,2.512,-2.024,1.916
2024-05-16 00:30:00,x,0.3,0.6,0.3,1.9789926322060383,0.006,0.283,-0.003,2.373,-1.717,1.976
2024-05-16 00:30:00,x,0.3,0.6,0.35,1.9389847915945588,0.007,0.302,-0.004,2.27,-1.507,2.001
2024-05-16 00:30:00,x,0.3,0.6,0.4,1.8950190062345371,0.008,0.322,-0.005,2.158,-1.282,2.043
2024-05-16 00:30:00,x,0.3,0.6,0.45,1.83416628394262,0.008,0.351,-0.005,1.975,-0.96,2.044
2024-05-16 00:30:00,x,0.3,0.6,0.5,1.7679569013204697,0.007,0.385,-0.005,1.661,-0.536,2.044
2024-05-16 00:30:00,x,0.3,0.6,0.55,1.7280695711595617,0.007,0.404,-0.005,1.417,-0.268,2.018
2024-05-16 00:30:00,x,0.3,0.6,0.6,1.6823075678154633,0.007,0.411,-0.003,1.266,-0.135,1.964
2024-05-16 00:30:00,x,0.3,0.6,0.65,1.669000576707375,0.006,0.413,-0.002,1.25,-0.109,1.951
2024-05-16 00:30:00,x,0.3,0.6,0.7,1.6608654780038692,0.005,0.413,-0.002,1.267,-0.117,1.949
2024-05-16 00:30:00,x,0.3,0.6,0.75,1.6456874813629743,0.003,0.414,-0.001,1.27,-0.109,1.91
2024-05-16 00:30:00,x,0.3,0.6,0.8,1.641136856018871,-0.0,0.415,0.0,1.25,-0.087,1.937
2024-05-16 00:30:00,x,0.3,0.6,0.85,1.6445567487616986,0.001,0.415,-0.0,1.249,-0.088,1.943
2024-05-16 00:30:00,x,0.3,0.6,0.9,1.6457856669489197,0.002,0.415,0.0,1.248,-0.088,1.996
2024-05-16 00:30:00,x,0.3,0.6,0.95,1.6455892735741466,0.002,0.415,0.0,1.236,-0.079,2.031
2024-05-16 00:30:00,x,0.35,0.6,0.0,2.158793556643136,0.007,0.234,-0.003,2.667,-2.38,2.185
2024-05-16 00:30:00,x,0.35,0.6,0.05,2.1510203125109713,0.006,0.236,-0.003,2.654,-2.348,2.133
2024-05-16 00:30:00,x,0.35,0.6,0.1,2.1483157035879255,0.005,0.235,-0.002,2.658,-2.352,2.075
2024-05-16 00:30:00,x,0.35,0.6,0.15,2.1292869842179925,0.004,0.239,-0.002,2.63,-2.29,2.005
2024-05-16 00:30:00,x,0.35,0.6,0.2,2.092976655618654,0.004,0.247,-0.001,2.582,-2.179,1.993
2024-05-16 00:30:00,x,0.35,0.6,0.25,2.056862943706678,0.004,0.257,-0.002,2.52,-2.043,1.979
2024-05-16 00:30:00,x,0.35,0.6,0.3,1.9928759159105183,0.006,0.278,-0.003,2.397,-1.77,1.957
2024-05-16 00:30:00,x,0.35,0.6,0.35,1.9372269275963212,0.005,0.302,-0.003,2.268,-1.5,2.023
2024-05-16 00:30:00,x,0.35,0.6,0.4,1.8749106818690013,0.006,0.331,-0.004,2.102,-1.175,2.039
2024-05-16 00:30:00,x,0.35,0.6,0.45,1.818522802003136,0.006,0.359,-0.005,1.93,-0.876,2.06
2024-05-16 00:30:00,x,0.35,0.6,0.5,1.7766140258487926,0.006,0.381,-0.004,1.749,-0.614,2.045
2024-05-16 00:30:00,x,0.35,0.6,0.55,1.7365638128724499,0.006,0.402,-0.004,1.456,-0.305,2.033
2024-05-16 00:30:00,x,0.35,0.6,0.6,1.6774153099365186,0.005,0.415,-0.001,1.19,-0.065,1.973
2024-05-16 00:30:00,x,0.35,0.6,0.65,1.6672941495328968,0.005,0.416,-0.001,1.214,-0.072,1.948
2024-05-16 00:30:00,x,0.35,0.6,0.7,1.6526137399057153,0.004,0.415,-0.001,1.233,-0.08,1.948
2024-05-16 00:30:00,x,0.35,0.6,0.75,1.6423754757990503,0.003,0.415,-0.001,1.247,-0.085,1.949
2024-05-16 00:30:00,x,0.35,0.6,0.8,1.643008284390437,0.0,0.415,0.0,1.261,-0.098,1.978
2024-05-16 00:30:00,x,0.35,0.6,0.85,1.648164778574001,0.002,0.414,-0.0,1.284,-0.116,1.931
2024-05-16 00:30:00,x,0.35,0.6,0.9,1.6489841655579973,0.002,0.413,-0.0,1.287,-0.12,1.95
2024-05-16 00:30:00,x,0.35,0.6,0.95,1.6528939143211983,0.003,0.413,-0.0,1.294,-0.131,1.992
2024-05-16 00:30:00,x,0.4,0.6,0.0,2.1680435058257066,0.008,0.23,-0.004,2.692,-2.435,2.209
2024-05-16 00:30:00,x,0.4,0.6,0.05,2.1641237496442423,0.007,0.229,-0.003,2.693,-2.433,2.22
2024-05-16 00:30:00,x,0.4,0.6,0.1,2.1592031235549274,0.006,0.229,-0.003,2.692,-2.427,2.186
2024-05-16 00:30:00,x,0.4,0.6,0.15,2.146856418836449,0.006,0.231,-0.003,2.675,-2.387,2.11
2024-05-16 00:30:00,x,0.4,0.6,0.2,2.106500268626981,0.005,0.241,-0.002,2.613,-2.249,2.117
2024-05-16 00:30:00,x,0.4,0.6,0.25,2.051407233835394,0.003,0.259,-0.002,2.511,-2.022,2.036
2024-05-16 00:30:00,x,0.4,0.6,0.3,1.9772570596547256,0.004,0.285,-0.002,2.36,-1.692,2.019
2024-05-16 00:30:00,x,0.4,0.6,0.35,1.9338414628987213,0.005,0.304,-0.003,2.253,-1.477,2.035
2024-05-16 00:30:00,x,0.4,0.6,0.4,1.8570066533634109,0.005,0.34,-0.003,2.05,-1.082,2.059
2024-05-16 00:30:00,x,0.4,0.6,0.45,1.810944553405564,0.005,0.363,-0.003,1.896,-0.823,2.059
2024-05-16 00:30:00,x,0.4,0.6,0.5,1.7756905284568552,0.005,0.381,-0.004,1.742,-0.603,2.051
2024-05-16 00:30:00,x,0.4,0.6,0.55,1.7520868792589488,0.005,0.394,-0.004,1.611,-0.435,2.052
2024-05-16 00:30:00,x,0.4,0.6,0.6,1.6712283992230885,0.005,0.415,-0.001,1.2,-0.069,2.006
2024-05-16 00:30:00,x,0.4,0.6,0.65,1.6530966864691754,0.004,0.417,-0.0,1.197,-0.053,1.976
2024-05-16 00:30:00,x,0.4,0.6,0.7,1.6442908451282938,0.003,0.416,0.0,1.214,-0.064,1.967
2024-05-16 00:30:00,x,0.4,0.6,0.75,1.6404118647763142,0.003,0.416,0.0,1.229,-0.071,1.968
2024-05-16 00:30:00,x,0.4,0.6,0.8,1.6441036301157825,0.003,0.414,-0.001,1.267,-0.104,2.05
2024-05-16 00:30:00,x,0.4,0.6,0.85,1.6516365466742275,0.003,0.412,-0.0,1.31,-0.144,2.057
2024-05-16 00:30:00,x,0.4,0.6,0.9,1.659973215296316,0.006,0.41,-0.001,1.346,-0.178,2.174
2024-05-16 00:30:00,x,0.4,0.6,0.95,1.665580991017953,0.006,0.409,-0.001,1.369,-0.2,2.106
2024-05-16 00:30:00,x,0.45,0.6,0.0,2.1757668647202317,0.008,0.226,-0.004,2.716,-2.484,2.207
2024-05-16 00:30:00,x,0.45,0.6,0.05,2.170874577001327,0.007,0.226,-0.003,2.711,-2.471,2.18
2024-05-16 00:30:00,x,0.45,0.6,0.1,2.164884986580877,0.007,0.226,-0.003,2.709,-2.464,2.133
2024-05-16 00:30:00,x,0.45,0.6,0.15,2.1497393383089265,0.006,0.23,-0.003,2.685,-2.41,2.123
2024-05-16 00:30:00,x,0.45,0.6,0.2,2.132845399779914,0.005,0.233,-0.002,2.663,-2.361,2.12
2024-05-16 00:30:00,x,0.45,0.6,0.25,2.046303923406048,0.004,0.26,-0.002,2.503,-2.001,2.011
2024-05-16 00:30:00,x,0.45,0.6,0.3,1.9880994496873479,0.003,0.282,-0.002,2.379,-1.732,2.019
2024-05-16 00:30:00,x,0.45,0.6,0.35,1.9351443624716127,0.004,0.305,-0.002,2.253,-1.472,2.08
2024-05-16 00:30:00,x,0.45,0.6,0.4,1.8607451539354347,0.004,0.339,-0.003,2.054,-1.094,2.062
2024-05-16 00:30:00,x,0.45,0.6,0.45,1.805915245116206,0.004,0.366,-0.003,1.864,-0.781,2.057
2024-05-16 00:30:00,x,0.45,0.6,0.5,1.7780064614235083,0.005,0.38,-0.003,1.754,-0.618,2.046
2024-05-16 00:30:00,x,0.45,0.6,0.55,1.7386933738341401,0.004,0.402,-0.002,1.485,-0.311,2.067
2024-05-16 00:30:00,x,0.45,0.6,0.6,1.6643692808708024,0.003,0.417,0.0,1.172,-0.043,2.022
2024-05-16 00:30:00,x,0.45,0.6,0.65,1.6478619947917852,0.003,0.418,0.001,1.173,-0.034,1.99
2024-05-16 00:30:00,x,0.45,0.6,0.7,1.6428995860133024,0.003,0.417,0.001,1.199,-0.051,1.968
2024-05-16 00:30:00,x,0.45,0.6,0.75,1.6414741105040995,0.003,0.416,0.001,1.216,-0.062,1.953
2024-05-16 00:30:00,x,0.45,0.6,0.8,1.6507930396519308,0.003,0.414,0.0,1.277,-0.111,2.032
2024-05-16 00:30:00,x,0.45,0.6,0.85,1.6627861543111877,0.005,0.409,-0.001,1.345,-0.181,2.054
2024-05-16 00:30:00,x,0.45,0.6,0.9,1.6709876030100344,0.007,0.406,-0.001,1.392,-0.232,2.041
2024-05-16 00:30:00,x,0.45,0.6,0.95,1.6737763462688267,0.007,0.405,-0.001,1.41,-0.252,2.052
2024-05-16 00:30:00,x,0.5,0.6,0.0,2.175972535671026,0.008,0.226,-0.004,2.715,-2.483,2.238
2024-05-16 00:30:00,x,0.5,0.6,0.05,2.171193860578604,0.007,0.226,-0.003,2.714,-2.478,2.211
2024-05-16 00:30:00,x,0.5,0.6,0.1,2.16176318012343,0.006,0.228,-0.003,2.702,-2.448,2.204
2024-05-16 00:30:00,x,0.5,0.6,0.15,2.1499085082019955,0.006,0.231,-0.002,2.683,-2.405,2.193
2024-05-16 00:30:00,x,0.5,0.6,0.2,2.1192855892527755,0.004,0.238,-0.002,2.636,-2.3,2.096
2024-05-16 00:30:00,x,0.5,0.6,0.25,2.029712418290521,0.003,0.266,-0.002,2.469,-1.927,2.002
2024-05-16 00:30:00,x,0.5,0.6,0.3,1.9755099285324593,0.003,0.287,-0.002,2.353,-1.679,2.034
2024-05-16 00:30:00,x,0.5,0.6,0.35,1.9356835677016562,0.003,0.304,-0.002,2.258,-1.482,2.074
2024-05-16 00:30:00,x,0.5,0.6,0.4,1.8880502538223534,0.004,0.326,-0.002,2.126,-1.227,2.072
2024-05-16 00:30:00,x,0.5,0.6,0.45,1.8134008290699928,0.003,0.363,-0.002,1.883,-0.813,2.049
2024-05-16 00:30:00,x,0.5,0.6,0.5,1.779473832639225,0.003,0.382,-0.002,1.682,-0.573,2.057
2024-05-16 00:30:00,x,0.5,0.6,0.55,1.6988918242928612,0.003,0.412,-0.0,1.159,-0.082,2.046
2024-05-16 00:30:00,x,0.5,0.6,0.6,1.6657122913136526,0.003,0.418,0.001,1.129,-0.012,2.037
2024-05-16 00:30:00,x,0.5,0.6,0.65,1.6471775119704626,0.003,0.418,0.001,1.148,-0.016,2.008
2024-05-16 00:30:00,x,0.5,0.6,0.7,1.6419299795226938,0.003,0.417,0.001,1.177,-0.036,1.987
2024-05-16 00:30:00,x,0.5,0.6,0.75,1.643432935379254,0.004,0.416,0.001,1.224,-0.067,1.97
2024-05-16 00:30:00,x,0.5,0.6,0.8,1.6523720650812221,0.003,0.413,0.0,1.296,-0.129,2.019
2024-05-16 00:30:00,x,0.5,0.6,0.85,1.6691122396704268,0.005,0.405,-0.0,1.398,-0.24,2.12
2024-05-16 00:30:00,x,0.5,0.6,0.9,1.6775339559169087,0.007,0.403,-0.001,1.425,-0.272,2.125
2024-05-16 00:30:00,x,0.5,0.6,0.95,1.680072499759905,0.007,0.402,-0.001,1.44,-0.286,2.141
2024-05-16 00:30:00,x,0.55,0.6,0.0,2.1892235351016844,0.009,0.221,-0.004,2.751,-2.565,2.256
2024-05-16 00:30:00,x,0.55,0.6,0.05,2.1816664053729884,0.007,0.223,-0.003,2.737,-2.53,2.203
2024-05-16 00:30:00,x,0.55,0.6,0.1,2.167532951264008,0.006,0.225,-0.003,2.717,-2.482,2.151
2024-05-16 00:30:00,x,0.55,0.6,0.15,2.1575474255778078,0.006,0.227,-0.002,2.701,-2.447,2.112
2024-05-16 00:30:00,x,0.55,0.6,0.2,2.116740535452944,0.003,0.238,-0.001,2.636,-2.3,2.047
2024-05-16 00:30:00,x,0.55,0.6,0.25,2.0075984369350715,0.003,0.274,-0.002,2.425,-1.83,2.022
2024-05-16 00:30:00,x,0.55,0.6,0.3,1.9653287241709014,0.004,0.291,-0.002,2.33,-1.632,2.035
2024-05-16 00:30:00,x,0.55,0.6,0.35,1.9281192087167214,0.003,0.307,-0.002,2.239,-1.442,2.06
2024-05-16 00:30:00,x,0.55,0.6,0.4,1.8777743499913981,0.003,0.332,-0.002,2.095,-1.169,2.066
2024-05-16 00:30:00,x,0.55,0.6,0.45,1.836317784837257,0.003,0.354,-0.002,1.929,-0.914,2.075
2024-05-16 00:30:00,x,0.55,0.6,0.5,1.7652064520900408,0.003,0.39,-0.003,1.541,-0.443,2.077
2024-05-16 00:30:00,x,0.55,0.6,0.55,1.6865022070658582,0.004,0.418,0.0,1.08,-0.003,2.057
2024-05-16 00:30:00,x,0.55,0.6,0.6,1.6683672770418545,0.005,0.42,0.001,1.042,0.04,2.036
2024-05-16 00:30:00,x,0.55,0.6,0.65,1.6517237125886204,0.005,0.42,-0.0,1.074,0.027,2.0
2024-05-16 00:30:00,x,0.55,0.6,0.7,1.6369590457907697,0.005,0.418,0.0,1.152,-0.017,2.019
2024-05-16 00:30:00,x,0.55,0.6,0.75,1.6416822839852192,0.005,0.417,0.0,1.207,-0.054,1.992
2024-05-16 00:30:00,x,0.55,0.6,0.8,1.6607516741471924,0.005,0.408,-0.0,1.363,-0.205,2.005
2024-05-16 00:30:00,x,0.55,0.6,0.85,1.6701530451921802,0.005,0.403,-0.001,1.423,-0.273,2.06
2024-05-16 00:30:00,x,0.55,0.6,0.9,1.683902170403431,0.007,0.4,-0.001,1.473,-0.32,2.094
2024-05-16 00:30:00,x,0.55,0.6,0.95,1.6859207921945354,0.008,0.4,-0.001,1.47,-0.317,2.079
2024-05-16 00:30:00,x,0.6,0.6,0.0,2.2021966915062863,0.009,0.215,-0.004,2.79,-2.649,2.249
2024-05-16 00:30:00,x,0.6,0.6,0.05,2.1991378431311865,0.008,0.216,-0.004,2.782,-2.63,2.218
2024-05-16 00:30:00,x,0.6,0.6,0.1,2.1905473908904476,0.006,0.219,-0.003,2.761,-2.584,2.194
2024-05-16 00:30:00,x,0.6,0.6,0.15,2.177348890367912,0.005,0.221,-0.002,2.74,-2.535,2.126
2024-05-16 00:30:00,x,0.6,0.6,0.2,2.1094097905463656,0.004,0.239,-0.002,2.627,-2.278,2.057
2024-05-16 00:30:00,x,0.6,0.6,0.25,2.020556008458155,0.003,0.268,-0.002,2.457,-1.903,2.007
2024-05-16 00:30:00,x,0.6,0.6,0.3,1.9733218567324378,0.003,0.288,-0.002,2.347,-1.67,2.037
2024-05-16 00:30:00,x,0.6,0.6,0.35,1.9317527246720547,0.003,0.306,-0.002,2.242,-1.458,2.071
2024-05-16 00:30:00,x,0.6,0.6,0.4,1.8657493080185987,0.003,0.34,-0.002,2.02,-1.075,2.09
2024-05-16 00:30:00,x,0.6,0.6,0.45,1.80669539271181,0.003,0.372,-0.002,1.746,-0.682,2.086
2024-05-16 00:30:00,x,0.6,0.6,0.5,1.7352075390476418,0.003,0.406,-0.002,1.336,-0.215,2.095
2024-05-16 00:30:00,x,0.6,0.6,0.55,1.6784910640627846,0.005,0.42,0.001,1.017,0.04,2.069
2024-05-16 00:30:00,x,0.6,0.6,0.6,1.6491400641442189,0.006,0.422,0.001,0.973,0.084,2.031
2024-05-16 00:30:00,x,0.6,0.6,0.65,1.6356345173360942,0.006,0.421,0.001,1.03,0.058,2.031
2024-05-16 00:30:00,x,0.6,0.6,0.7,1.6345679486363276,0.007,0.42,0.001,1.087,0.023,2.034
2024-05-16 00:30:00,x,0.6,0.6,0.75,1.6385591378005435,0.007,0.416,-0.0,1.222,-0.07,1.995
2024-05-16 00:30:00,x,0.6,0.6,0.8,1.6635313195929935,0.006,0.405,-0.001,1.4,-0.243,2.08
2024-05-16 00:30:00,x,0.6,0.6,0.85,1.6739788016917687,0.007,0.402,-0.001,1.447,-0.292,2.102
2024-05-16 00:30:00,x,0.6,0.6,0.9,1.6875467963507491,0.008,0.399,-0.001,1.479,-0.327,2.073
2024-05-16 00:30:00,x,0.6,0.6,0.95,1.6925913767680016,0.009,0.399,-0.001,1.479,-0.329,2.073
2024-05-16 00:30:00,x,0.65,0.6,0.0,2.214226393384302,0.009,0.21,-0.004,2.822,-2.722,2.23
2024-05-16 00:30:00,x,0.65,0.6,0.05,2.2053884397999686,0.008,0.213,-0.003,2.801,-2.674,2.2
2024-05-16 00:30:00,x,0.65,0.6,0.1,2.197966614852093,0.006,0.214,-0.003,2.789,-2.646,2.156
2024-05-16 00:30:00,x,0.65,0.6,0.15,2.1716328582256113,0.005,0.221,-0.002,2.747,-2.549,2.11
2024-05-16 00:30:00,x,0.65,0.6,0.2,2.137765420057342,0.003,0.229,-0.001,2.687,-2.414,2.085
2024-05-16 00:30:00,x,0.65,0.6,0.25,2.0368882769086922,0.002,0.262,-0.001,2.493,-1.983,2.047
2024-05-16 00:30:00,x,0.65,0.6,0.3,1.9673654218562144,0.003,0.29,-0.002,2.335,-1.646,2.054
2024-05-16 00:30:00,x,0.65,0.6,0.35,1.9172954009456893,0.003,0.313,-0.002,2.204,-1.382,2.092
2024-05-16 00:30:00,x,0.65,0.6,0.4,1.845315132986487,0.003,0.351,-0.002,1.927,-0.931,2.114
2024-05-16 00:30:00,x,0.65,0.6,0.45,1.7967477388753021,0.003,0.378,-0.002,1.689,-0.605,2.079
2024-05-16 00:30:00,x,0.65,0.6,0.5,1.73710513866464,0.003,0.407,-0.001,1.238,-0.172,2.095
2024-05-16 00:30:00,x,0.65,0.6,0.55,1.6679663309843311,0.005,0.422,0.001,0.926,0.098,2.075
2024-05-16 00:30:00,x,0.65,0.6,0.6,1.6443203980174144,0.006,0.423,0.002,0.929,0.107,2.051
2024-05-16 00:30:00,x,0.65,0.6,0.65,1.6300310313616941,0.007,0.421,0.001,1.031,0.056,2.045
2024-05-16 00:30:00,x,0.65,0.6,0.7,1.622566290857468,0.008,0.42,0.0,1.093,0.023,2.03
2024-05-16 00:30:00,x,0.65,0.6,0.75,1.6222762086545723,0.008,0.419,0.0,1.135,-0.003,2.017
2024-05-16 00:30:00,x,0.65,0.6,0.8,1.6531352990037111,0.008,0.408,-0.001,1.356,-0.197,2.064
2024-05-16 00:30:00,x,0.65,0.6,0.85,1.6768033122689652,0.01,0.403,-0.002,1.424,-0.272,2.152
2024-05-16 00:30:00,x,0.65,0.6,0.9,1.6915411940153993,0.011,0.4,-0.002,1.464,-0.313,2.127
2024-05-16 00:30:00,x,0.65,0.6,0.95,1.6949472356195148,0.011,0.399,-0.002,1.482,-0.332,2.098
2024-05-16 00:30:00,x,0.7,0.6,0.0,2.2215315988704556,0.009,0.208,-0.004,2.838,-2.758,2.264
2024-05-16 00:30:00,x,0.7,0.6,0.05,2.211899755633429,0.007,0.21,-0.003,2.821,-2.719,2.35
2024-05-16 00:30:00,x,0.7,0.6,0.1,2.1971095640999643,0.006,0.213,-0.003,2.796,-2.66,2.305
2024-05-16 00:30:00,x,0.7,0.6,0.15,2.1821349246595285,0.006,0.215,-0.003,2.778,-2.619,2.224
2024-05-16 00:30:00,x,0.7,0.6,0.2,2.1606815742828327,0.005,0.22,-0.002,2.746,-2.547,2.16
2024-05-16 00:30:00,x,0.7,0.6,0.25,2.060482527985107,0.004,0.253,-0.002,2.547,-2.099,2.065
2024-05-16 00:30:00,x,0.7,0.6,0.3,1.9812113479796045,0.003,0.285,-0.002,2.367,-1.711,2.057
2024-05-16 00:30:00,x,0.7,0.6,0.35,1.912089143147475,0.003,0.316,-0.002,2.18,-1.342,2.085
2024-05-16 00:30:00,x,0.7,0.6,0.4,1.8393271808319551,0.004,0.355,-0.003,1.903,-0.894,2.086
2024-05-16 00:30:00,x,0.7,0.6,0.45,1.777318053891376,0.003,0.389,-0.002,1.565,-0.462,2.08
2024-05-16 00:30:00,x,0.7,0.6,0.5,1.7373119379896251,0.002,0.411,-0.001,1.165,-0.103,2.107
2024-05-16 00:30:00,x,0.7,0.6,0.55,1.6628616722946246,0.004,0.423,0.001,0.893,0.118,2.085
2024-05-16 00:30:00,x,0.7,0.6,0.6,1.6280209011843414,0.007,0.422,0.001,0.984,0.081,2.054
2024-05-16 00:30:00,x,0.7,0.6,0.65,1.619875608500043,0.007,0.421,0.0,1.05,0.048,2.053
2024-05-16 00:30:00,x,0.7,0.6,0.7,1.617031810595345,0.008,0.42,0.0,1.078,0.032,2.048
2024-05-16 00:30:00,x,0.7,0.6,0.75,1.615381837439644,0.009,0.419,0.0,1.119,0.008,2.073
2024-05-16 00:30:00,x,0.7,0.6,0.8,1.6537140754412487,0.01,0.412,-0.002,1.297,-0.139,2.116
2024-05-16 00:30:00,x,0.7,0.6,0.85,1.6754300334662187,0.012,0.406,-0.002,1.366,-0.216,2.158
2024-05-16 00:30:00,x,0.7,0.6,0.9,1.6863055076224276,0.013,0.403,-0.002,1.402,-0.256,2.161
2024-05-16 00:30:00,x,0.7,0.6,0.95,1.6920357140156914,0.013,0.401,-0.003,1.446,-0.298,2.172
2024-05-16 00:30:00,x,0.75,0.6,0.0,2.222726873286047,0.011,0.208,-0.004,2.841,-2.765,2.25
2024-05-16 00:30:00,x,0.75,0.6,0.05,2.220139481687183,0.009,0.207,-0.004,2.841,-2.764,2.232
2024-05-16 00:30:00,x,0.75,0.6,0.1,2.2053559614949165,0.008,0.21,-0.003,2.816,-2.708,2.177
2024-05-16 00:30:00,x,0.75,0.6,0.15,2.187791365516121,0.006,0.213,-0.003,2.795,-2.659,2.14
2024-05-16 00:30:00,x,0.75,0.6,0.2,2.160483537579947,0.005,0.219,-0.002,2.748,-2.551,2.164
2024-05-16 00:30:00,x,0.75,0.6,0.25,2.0722903465282934,0.004,0.248,-0.002,2.575,-2.161,2.048
2024-05-16 00:30:00,x,0.75,0.6,0.3,1.9836037375006086,0.004,0.284,-0.003,2.371,-1.725,2.068
2024-05-16 00:30:00,x,0.75,0.6,0.35,1.917227093756322,0.003,0.315,-0.002,2.192,-1.366,2.079
2024-05-16 00:30:00,x,0.75,0.6,0.4,1.8271365529543546,0.003,0.362,-0.003,1.865,-0.816,2.08
2024-05-16 00:30:00,x,0.75,0.6,0.45,1.7788094313533658,0.003,0.389,-0.002,1.604,-0.473,2.077
2024-05-16 00:30:00,x,0.75,0.6,0.5,1.7376140061335947,0.002,0.413,-0.0,1.134,-0.078,2.102
2024-05-16 00:30:00,x,0.75,0.6,0.55,1.6558488665117026,0.003,0.425,0.001,0.789,0.165,2.105
2024-05-16 00:30:00,x,0.75,0.6,0.6,1.6185187633048668,0.006,0.422,0.001,0.996,0.076,2.058
2024-05-16 00:30:00,x,0.75,0.6,0.65,1.6120417446452695,0.007,0.421,0.0,1.045,0.051,2.047
2024-05-16 00:30:00,x,0.75,0.6,0.7,1.6130380035027045,0.008,0.42,0.0,1.087,0.027,2.051
2024-05-16 00:30:00,x,0.75,0.6,0.75,1.6166330286633939,0.008,0.419,0.0,1.106,0.016,2.05
2024-05-16 00:30:00,x,0.75,0.6,0.8,1.6598876896494605,0.012,0.411,-0.002,1.303,-0.144,2.197
2024-05-16 00:30:00,x,0.75,0.6,0.85,1.6722733883129495,0.013,0.408,-0.003,1.366,-0.203,2.152
2024-05-16 00:30:00,x,0.75,0.6,0.9,1.6887045119387676,0.015,0.403,-0.004,1.436,-0.28,2.122
2024-05-16 00:30:00,x,0.75,0.6,0.95,1.69298784390957,0.016,0.4,-0.005,1.474,-0.319,2.112
2024-05-16 00:30:00,x,0.8,0.6,0.0,2.2263472450247113,0.012,0.207,-0.005,2.85,-2.79,2.235
2024-05-16 00:30:00,x,0.8,0.6,0.05,2.221422062897643,0.01,0.208,-0.004,2.84,-2.766,2.266
2024-05-16 00:30:00,x,0.8,0.6,0.1,2.2142608667775416,0.008,0.209,-0.004,2.829,-2.739,2.227
2024-05-16 00:30:00,x,0.8,0.6,0.15,2.199697596516536,0.007,0.211,-0.003,2.809,-2.693,2.215
2024-05-16 00:30:00,x,0.8,0.6,0.2,2.1504586235317764,0.004,0.224,-0.002,2.723,-2.495,2.152
2024-05-16 00:30:00,x,0.8,0.6,0.25,2.0568934223839355,0.003,0.253,-0.001,2.545,-2.096,2.046
2024-05-16 00:30:00,x,0.8,0.6,0.3,1.970514237997012,0.004,0.291,-0.003,2.325,-1.643,2.087
2024-05-16 00:30:00,x,0.8,0.6,0.35,1.9132945071127812,0.003,0.318,-0.003,2.161,-1.328,2.104
2024-05-16 00:30:00,x,0.8,0.6,0.4,1.8259775617073455,0.003,0.363,-0.002,1.818,-0.793,2.088
2024-05-16 00:30:00,x,0.8,0.6,0.45,1.7775790525361697,0.003,0.389,-0.002,1.594,-0.474,2.075
2024-05-16 00:30:00,x,0.8,0.6,0.5,1.736523982862251,0.002,0.408,0.001,1.186,-0.151,2.099
2024-05-16 00:30:00,x,0.8,0.6,0.55,1.6536755143329525,0.003,0.425,0.001,0.765,0.175,2.106
2024-05-16 00:30:00,x,0.8,0.6,0.6,1.6142115016422132,0.006,0.422,0.0,0.936,0.104,2.071
2024-05-16 00:30:00,x,0.8,0.6,0.65,1.6094343203316324,0.007,0.421,0.0,1.02,0.062,2.055
2024-05-16 00:30:00,x,0.8,0.6,0.7,1.6140002945951797,0.008,0.42,0.0,1.089,0.026,2.045
2024-05-16 00:30:00,x,0.8,0.6,0.75,1.6167589993631444,0.009,0.419,0.0,1.119,0.008,2.062
2024-05-16 00:30:00,x,0.8,0.6,0.8,1.650618316226444,0.011,0.416,-0.001,1.213,-0.067,2.122
2024-05-16 00:30:00,x,0.8,0.6,0.85,1.6718667887725633,0.014,0.408,-0.003,1.346,-0.19,2.186
2024-05-16 00:30:00,x,0.8,0.6,0.9,1.6827856620913497,0.016,0.405,-0.004,1.391,-0.239,2.184
2024-05-16 00:30:00,x,0.8,0.6,0.95,1.6901872167853802,0.016,0.402,-0.005,1.457,-0.299,2.169
2024-05-16 00:30:00,x,0.85,0.6,0.0,2.223371319765843,0.013,0.209,-0.006,2.838,-2.768,2.238
2024-05-16 00:30:00,x,0.85,0.6,0.05,2.2214064126460413,0.011,0.208,-0.004,2.84,-2.764,2.191
2024-05-16 00:30:00,x,0.85,0.6,0.1,2.214645192338553,0.009,0.209,-0.004,2.825,-2.729,2.163
2024-05-16 00:30:00,x,0.85,0.6,0.15,2.1915516115734572,0.007,0.214,-0.003,2.787,-2.642,2.14
2024-05-16 00:30:00,x,0.85,0.6,0.2,2.140218836111043,0.004,0.227,-0.002,2.701,-2.444,2.083
2024-05-16 00:30:00,x,0.85,0.6,0.25,2.057757364614519,0.003,0.257,-0.002,2.524,-2.07,2.06
2024-05-16 00:30:00,x,0.85,0.6,0.3,1.9768907904880597,0.003,0.288,-0.002,2.34,-1.682,2.091
2024-05-16 00:30:00,x,0.85,0.6,0.35,1.8940279146520882,0.002,0.328,-0.002,2.103,-1.218,2.087
2024-05-16 00:30:00,x,0.85,0.6,0.4,1.8411967359849744,0.001,0.354,-0.001,1.936,-0.914,2.102
2024-05-16 00:30:00,x,0.85,0.6,0.45,1.783195845785382,0.002,0.387,-0.001,1.533,-0.473,2.105
2024-05-16 00:30:00,x,0.85,0.6,0.5,1.7262135742227178,0.002,0.408,0.001,1.097,-0.114,2.099
2024-05-16 00:30:00,x,0.85,0.6,0.55,1.6598591773573055,0.003,0.417,0.0,1.015,0.011,2.091
2024-05-16 00:30:00,x,0.85,0.6,0.6,1.621477482087846,0.006,0.422,0.0,0.967,0.088,2.067
2024-05-16 00:30:00,x,0.85,0.6,0.65,1.6113089910083125,0.007,0.421,0.0,1.027,0.058,2.048
2024-05-16 00:30:00,x,0.85,0.6,0.7,1.6097971038126246,0.008,0.42,0.0,1.063,0.039,2.058
2024-05-16 00:30:00,x,0.85,0.6,0.75,1.6115002633547921,0.008,0.42,0.0,1.1,0.02,2.064
2024-05-16 00:30:00,x,0.85,0.6,0.8,1.6408688495876156,0.011,0.416,-0.001,1.194,-0.051,2.068
2024-05-16 00:30:00,x,0.85,0.6,0.85,1.6582976503081899,0.014,0.412,-0.003,1.292,-0.133,2.161
2024-05-16 00:30:00,x,0.85,0.6,0.9,1.6739880019689015,0.016,0.409,-0.004,1.347,-0.188,2.183
2024-05-16 00:30:00,x,0.85,0.6,0.95,1.679155241283354,0.016,0.407,-0.004,1.369,-0.21,2.179
2024-05-16 00:30:00,x,0.9,0.6,0.0,2.2337776447794546,0.013,0.202,-0.005,2.871,-2.832,2.196
2024-05-16 00:30:00,x,0.9,0.6,0.05,2.216983559382094,0.012,0.209,-0.005,2.829,-2.738,2.186
2024-05-16 00:30:00,x,0.9,0.6,0.1,2.18798578725453,0.011,0.218,-0.004,2.772,-2.61,2.16
2024-05-16 00:30:00,x,0.9,0.6,0.15,2.166302796868705,0.008,0.222,-0.004,2.74,-2.533,2.152
2024-05-16 00:30:00,x,0.9,0.6,0.2,2.1253023060134475,0.004,0.231,-0.002,2.674,-2.385,2.08
2024-05-16 00:30:00,x,0.9,0.6,0.25,2.062548141781149,0.003,0.254,-0.002,2.546,-2.107,2.036
2024-05-16 00:30:00,x,0.9,0.6,0.3,1.9865030153867405,0.003,0.284,-0.002,2.356,-1.72,2.07
2024-05-16 00:30:00,x,0.9,0.6,0.35,1.9092082404977457,0.001,0.321,-0.001,2.144,-1.301,2.05
2024-05-16 00:30:00,x,0.9,0.6,0.4,1.8544032157080483,0.001,0.348,-0.001,1.985,-0.995,2.084
2024-05-16 00:30:00,x,0.9,0.6,0.45,1.7788672457449184,0.001,0.384,-0.0,1.617,-0.525,2.098
2024-05-16 00:30:00,x,0.9,0.6,0.5,1.7245543842826982,0.002,0.407,0.003,1.115,-0.138,2.107
2024-05-16 00:30:00,x,0.9,0.6,0.55,1.655618583541222,0.004,0.419,0.0,0.977,0.041,2.093
2024-05-16 00:30:00,x,0.9,0.6,0.6,1.6294299880364052,0.005,0.421,-0.0,1.004,0.067,2.071
2024-05-16 00:30:00,x,0.9,0.6,0.65,1.6148655914971373,0.006,0.421,0.0,1.043,0.052,2.059
2024-05-16 00:30:00,x,0.9,0.6,0.7,1.609647759078724,0.007,0.42,0.0,1.097,0.021,2.06
2024-05-16 00:30:00,x,0.9,0.6,0.75,1.6129850685195322,0.007,0.419,0.0,1.123,0.006,2.053
2024-05-16 00:30:00,x,0.9,0.6,0.8,1.6378898165807905,0.011,0.416,-0.001,1.202,-0.057,2.104
2024-05-16 00:30:00,x,0.9,0.6,0.85,1.6550711716078288,0.013,0.415,-0.002,1.241,-0.089,2.171
2024-05-16 00:30:00,x,0.9,0.6,0.9,1.666742557556474,0.015,0.411,-0.004,1.308,-0.15,2.149
2024-05-16 00:30:00,x,0.9,0.6,0.95,1.6752099053186194,0.016,0.408,-0.005,1.365,-0.201,2.147
2024-05-16 00:30:00,x,0.95,0.6,0.0,2.2306226044367388,0.014,0.203,-0.005,2.863,-2.815,2.193
2024-05-16 00:30:00,x,0.95,0.6,0.05,2.2102034419642163,0.012,0.21,-0.005,2.818,-2.711,2.207
2024-05-16 00:30:00,x,0.95,0.6,0.1,2.1835317652903603,0.011,0.218,-0.005,2.765,-2.593,2.201
2024-05-16 00:30:00,x,0.95,0.6,0.15,2.16823812580741,0.009,0.221,-0.004,2.741,-2.539,2.185
2024-05-16 00:30:00,x,0.95,0.6,0.2,2.141340010022802,0.005,0.224,-0.002,2.717,-2.481,2.089
2024-05-16 00:30:00,x,0.95,0.6,0.25,2.086402546064049,0.004,0.242,-0.002,2.61,-2.243,2.05
2024-05-16 00:30:00,x,0.95,0.6,0.3,1.9973033624265888,0.003,0.278,-0.002,2.4,-1.793,2.084
2024-05-16 00:30:00,x,0.95,0.6,0.35,1.902312990958266,-0.0,0.323,-0.0,2.132,-1.273,2.064
2024-05-16 00:30:00,x,0.95,0.6,0.4,1.8543971429758166,0.0,0.347,-0.0,1.976,-0.993,2.081
2024-05-16 00:30:00,x,0.95,0.6,0.45,1.7860980699548512,0.001,0.38,0.001,1.61,-0.564,2.077
2024-05-16 00:30:00,x,0.95,0.6,0.5,1.7322891948606671,0.001,0.404,0.002,1.201,-0.195,2.075
2024-05-16 00:30:00,x,0.95,0.6,0.55,1.671311720661767,0.002,0.416,0.003,0.994,0.01,2.075
2024-05-16 00:30:00,x,0.95,0.6,0.6,1.6403124565901306,0.002,0.42,0.001,1.039,0.036,2.051
2024-05-16 00:30:00,x,0.95,0.6,0.65,1.6221207277352523,0.004,0.42,-0.0,1.066,0.036,2.049
2024-05-16 00:30:00,x,0.95,0.6,0.7,1.6117339263245243,0.005,0.42,0.0,1.089,0.026,2.064
2024-05-16 00:30:00,x,0.95,0.6,0.75,1.6128474073598367,0.006,0.419,-0.0,1.133,-0.001,2.071
2024-05-16 00:30:00,x,0.95,0.6,0.8,1.6323256678521807,0.01,0.417,-0.001,1.172,-0.031,2.152
2024-05-16 00:30:00,x,0.95,0.6,0.85,1.6503172387834821,0.011,0.415,-0.002,1.229,-0.079,2.163
2024-05-16 00:30:00,x,0.95,0.6,0.9,1.6625028448626546,0.014,0.413,-0.004,1.279,-0.124,2.169
2024-05-16 00:30:00,x,0.95,0.6,0.95,1.6700045113163693,0.014,0.41,-0.004,1.319,-0.161,2.13
2024-05-16 00:30:00,x,1.0,0.6,0.0,2.228592822469462,0.015,0.204,-0.006,2.859,-2.806,2.196
2024-05-16 00:30:00,x,1.0,0.6,0.05,2.215375797686951,0.013,0.208,-0.005,2.833,-2.745,2.173
2024-05-16 00:30:00,x,1.0,0.6,0.1,2.202362969322928,0.012,0.211,-0.005,2.81,-2.692,2.207
2024-05-16 00:30:00,x,1.0,0.6,0.15,2.1915013159318826,0.009,0.21,-0.004,2.809,-2.69,2.182
2024-05-16 00:30:00,x,1.0,0.6,0.2,2.1562674045433625,0.007,0.219,-0.003,2.75,-2.555,2.128
2024-05-16 00:30:00,x,1.0,0.6,0.25,2.091825173725554,0.005,0.24,-0.003,2.623,-2.268,2.033
2024-05-16 00:30:00,x,1.0,0.6,0.3,1.9975480132291292,0.001,0.278,-0.001,2.4,-1.79,2.052
2024-05-16 00:30:00,x,1.0,0.6,0.35,1.9309133900641362,0.001,0.308,-0.001,2.229,-1.444,2.086
2024-05-16 00:30:00,x,1.0,0.6,0.4,1.8525165899444973,0.0,0.348,-0.0,1.955,-0.981,2.063
2024-05-16 00:30:00,x,1.0,0.6,0.45,1.7824941233609592,0.001,0.381,-0.0,1.623,-0.556,2.061
2024-05-16 00:30:00,x,1.0,0.6,0.5,1.7376696273566419,0.002,0.4,0.001,1.233,-0.237,2.061
2024-05-16 00:30:00,x,1.0,0.6,0.55,1.6767393224275933,0.001,0.415,0.002,1.039,-0.023,2.053
2024-05-16 00:30:00,x,1.0,0.6,0.6,1.6486039281352811,0.001,0.415,0.001,1.118,-0.038,2.034
2024-05-16 00:30:00,x,1.0,0.6,0.65,1.6357751892809327,0.001,0.417,-0.0,1.139,-0.029,2.034
2024-05-16 00:30:00,x,1.0,0.6,0.7,1.626535396748938,0.002,0.417,-0.001,1.148,-0.026,2.068
2024-05-16 00:30:00,x,1.0,0.6,0.75,1.6169059190133626,0.004,0.418,-0.0,1.162,-0.022,2.079
2024-05-16 00:30:00,x,1.0,0.6,0.8,1.6313828823413097,0.008,0.417,-0.001,1.181,-0.038,2.166
2024-05-16 00:30:00,x,1.0,0.6,0.85,1.6478717653062325,0.01,0.415,-0.003,1.225,-0.076,2.155
2024-05-16 00:30:00,x,1.0,0.6,0.9,1.654715464367489,0.012,0.413,-0.004,1.263,-0.109,2.172
2024-05-16 00:30:00,x,1.0,0.6,0.95,1.6633805032588291,0.012,0.411,-0.004,1.303,-0.148,2.196
2024-05-16 00:30:00,x,1.05,0.6,0.0,2.225699454423123,0.015,0.205,-0.006,2.851,-2.787,2.175
2024-05-16 00:30:00,x,1.05,0.6,0.05,2.2203147211889,0.013,0.206,-0.005,2.84,-2.762,2.154
2024-05-16 00:30:00,x,1.05,0.6,0.1,2.20885234418688,0.013,0.208,-0.005,2.825,-2.727,2.141
2024-05-16 00:30:00,x,1.05,0.6,0.15,2.1989153878554353,0.011,0.209,-0.004,2.82,-2.716,2.151
2024-05-16 00:30:00,x,1.05,0.6,0.2,2.176571612535726,0.008,0.213,-0.003,2.789,-2.645,2.151
2024-05-16 00:30:00,x,1.05,0.6,0.25,2.063412177936587,0.003,0.251,-0.001,2.556,-2.123,2.041
2024-05-16 00:30:00,x,1.05,0.6,0.3,1.986305849147941,0.002,0.281,-0.001,2.386,-1.75,2.013
2024-05-16 00:30:00,x,1.05,0.6,0.35,1.925327564899124,0.002,0.31,-0.002,2.2,-1.408,2.05
2024-05-16 00:30:00,x,1.05,0.6,0.4,1.8699588473853186,0.002,0.338,-0.001,1.978,-1.073,2.063
2024-05-16 00:30:00,x,1.05,0.6,0.45,1.7912062704511629,0.002,0.376,0.001,1.603,-0.599,2.059
2024-05-16 00:30:00,x,1.05,0.6,0.5,1.7322087431391404,0.002,0.4,0.002,1.226,-0.238,2.063
2024-05-16 00:30:00,x,1.05,0.6,0.55,1.6772509773578443,0.001,0.411,0.002,1.097,-0.071,2.055
2024-05-16 00:30:00,x,1.05,0.6,0.6,1.64901340080603,0.001,0.416,0.001,1.133,-0.042,2.045
2024-05-16 00:30:00,x,1.05,0.6,0.65,1.630885321417265,0.001,0.416,-0.0,1.145,-0.034,2.042
2024-05-16 00:30:00,x,1.05,0.6,0.7,1.621570915588562,0.003,0.415,0.0,1.198,-0.061,2.047
2024-05-16 00:30:00,x,1.05,0.6,0.75,1.6257136278112014,0.003,0.418,0.0,1.173,-0.031,2.057
2024-05-16 00:30:00,x,1.05,0.6,0.8,1.6366483450415867,0.006,0.417,-0.001,1.187,-0.04,2.137
2024-05-16 00:30:00,x,1.05,0.6,0.85,1.6457660316074794,0.008,0.415,-0.002,1.227,-0.076,2.176
2024-05-16 00:30:00,x,1.05,0.6,0.9,1.6556089857670606,0.01,0.411,-0.004,1.282,-0.136,2.186
2024-05-16 00:30:00,x,1.05,0.6,0.95,1.6610645630232355,0.011,0.409,-0.005,1.312,-0.164,2.145
2024-05-16 00:30:00,x,1.1,0.6,0.0,2.2183017530291345,0.012,0.207,-0.005,2.83,-2.739,2.178
2024-05-16 00:30:00,x,1.1,0.6,0.05,2.2139452004705014,0.011,0.208,-0.004,2.829,-2.736,2.177
2024-05-16 00:30:00,x,1.1,0.6,0.1,2.209418493932854,0.012,0.209,-0.005,2.82,-2.714,2.189
2024-05-16 00:30:00,x,1.1,0.6,0.15,2.192787611029589,0.011,0.212,-0.004,2.8,-2.669,2.224
2024-05-16 00:30:00,x,1.1,0.6,0.2,2.157749825566777,0.007,0.22,-0.003,2.747,-2.547,2.08
2024-05-16 00:30:00,x,1.1,0.6,0.25,2.0492645517292303,0.003,0.257,-0.001,2.523,-2.05,1.988
2024-05-16 00:30:00,x,1.1,0.6,0.3,1.9468598388855602,0.003,0.3,-0.002,2.275,-1.532,2.019
2024-05-16 00:30:00,x,1.1,0.6,0.35,1.9102774710049732,0.003,0.318,-0.001,2.097,-1.301,2.023
2024-05-16 00:30:00,x,1.1,0.6,0.4,1.8795947160217494,0.003,0.332,-0.001,1.962,-1.116,2.038
2024-05-16 00:30:00,x,1.1,0.6,0.45,1.8359441000938481,0.003,0.351,0.0,1.748,-0.87,2.059
2024-05-16 00:30:00,x,1.1,0.6,0.5,1.7384872314224726,0.002,0.393,0.001,1.364,-0.351,2.063
2024-05-16 00:30:00,x,1.1,0.6,0.55,1.6814492869735962,0.002,0.41,0.003,1.082,-0.073,2.061
2024-05-16 00:30:00,x,1.1,0.6,0.6,1.641176546613114,0.002,0.416,0.001,1.139,-0.043,2.056
2024-05-16 00:30:00,x,1.1,0.6,0.65,1.6282356225890844,0.002,0.416,0.0,1.164,-0.047,2.045
2024-05-16 00:30:00,x,1.1,0.6,0.7,1.626986707745924,0.003,0.417,0.001,1.171,-0.039,2.041
2024-05-16 00:30:00,x,1.1,0.6,0.75,1.627570664180543,0.002,0.417,-0.0,1.181,-0.038,2.029
2024-05-16 00:30:00,x,1.1,0.6,0.8,1.637479722611926,0.003,0.416,-0.0,1.206,-0.063,2.075
2024-05-16 00:30:00,x,1.1,0.6,0.85,1.6458053014026461,0.007,0.413,-0.003,1.258,-0.11,2.227
2024-05-16 00:30:00,x,1.1,0.6,0.9,1.655253718928832,0.008,0.409,-0.004,1.316,-0.17,2.227
2024-05-16 00:30:00,x,1.1,0.6,0.95,1.6600777237750135,0.009,0.409,-0.004,1.319,-0.175,2.24
2024-05-16 00:30:00,x,1.15,0.6,0.0,2.1995412674507246,0.008,0.215,-0.003,2.782,-2.629,2.159
2024-05-16 00:30:00,x,1.15,0.6,0.05,2.198962085448449,0.007,0.214,-0.003,2.785,-2.637,2.106
2024-05-16 00:30:00,x,1.15,0.6,0.1,2.1863968705347445,0.007,0.217,-0.003,2.766,-2.593,2.09
2024-05-16 00:30:00,x,1.15,0.6,0.15,2.176123106149975,0.007,0.218,-0.003,2.759,-2.577,2.033
2024-05-16 00:30:00,x,1.15,0.6,0.2,2.12497673571303,0.004,0.233,-0.002,2.667,-2.368,1.989
2024-05-16 00:30:00,x,1.15,0.6,0.25,2.019988159591285,0.004,0.27,-0.002,2.448,-1.886,1.963
2024-05-16 00:30:00,x,1.15,0.6,0.3,1.9437714263653016,0.004,0.301,-0.003,2.272,-1.522,1.984
2024-05-16 00:30:00,x,1.15,0.6,0.35,1.91325738724642,0.005,0.316,-0.004,2.173,-1.349,2.007
2024-05-16 00:30:00,x,1.15,0.6,0.4,1.8802303318848366,0.005,0.333,-0.003,1.997,-1.13,2.026
2024-05-16 00:30:00,x,1.15,0.6,0.45,1.8536982117761744,0.005,0.346,-0.001,1.819,-0.938,2.042
2024-05-16 00:30:00,x,1.15,0.6,0.5,1.795177629779189,0.004,0.367,0.001,1.609,-0.67,2.046
2024-05-16 00:30:00,x,1.15,0.6,0.55,1.6893799035343633,0.003,0.405,0.003,1.179,-0.164,2.063
2024-05-16 00:30:00,x,1.15,0.6,0.6,1.6421379346557807,0.004,0.412,0.001,1.199,-0.1,2.045
2024-05-16 00:30:00,x,1.15,0.6,0.65,1.6340841111688218,0.004,0.413,0.001,1.236,-0.105,2.043
2024-05-16 00:30:00,x,1.15,0.6,0.7,1.6339328013497725,0.004,0.413,0.001,1.241,-0.105,2.043
2024-05-16 00:30:00,x,1.15,0.6,0.75,1.6294401821443079,0.003,0.414,-0.0,1.242,-0.097,2.042
2024-05-16 00:30:00,x,1.15,0.6,0.8,1.641622816029231,0.003,0.412,-0.001,1.263,-0.118,2.054
2024-05-16 00:30:00,x,1.15,0.6,0.85,1.6482916896212834,0.006,0.411,-0.002,1.293,-0.143,2.115
2024-05-16 00:30:00,x,1.15,0.6,0.9,1.6528263025610046,0.007,0.409,-0.003,1.315,-0.17,2.108
2024-05-16 00:30:00,x,1.15,0.6,0.95,1.6554265877459187,0.007,0.409,-0.003,1.306,-0.166,2.127
2024-05-16 00:30:00,x,1.2,0.6,0.0,2.1977215222268653,0.004,0.216,-0.001,2.778,-2.62,2.102
2024-05-16 00:30:00,x,1.2,0.6,0.05,2.189052148723337,0.003,0.219,-0.001,2.756,-2.57,2.082
2024-05-16 00:30:00,x,1.2,0.6,0.1,2.1799049426559343,0.003,0.222,-0.001,2.732,-2.516,2.083
2024-05-16 00:30:00,x,1.2,0.6,0.15,2.161861918436017,0.003,0.225,-0.001,2.716,-2.479,2.013
2024-05-16 00:30:00,x,1.2,0.6,0.2,2.1097742221630815,0.002,0.239,-0.001,2.624,-2.271,1.965
2024-05-16 00:30:00,x,1.2,0.6,0.25,2.037725221658858,0.005,0.265,-0.003,2.477,-1.952,1.936
2024-05-16 00:30:00,x,1.2,0.6,0.3,1.9435439771534544,0.005,0.302,-0.003,2.262,-1.505,1.951
2024-05-16 00:30:00,x,1.2,0.6,0.35,1.9065559046643112,0.006,0.32,-0.004,2.149,-1.3,1.982
2024-05-16 00:30:00,x,1.2,0.6,0.4,1.8700350080517003,0.006,0.338,-0.004,2.013,-1.084,2.008
2024-05-16 00:30:00,x,1.2,0.6,0.45,1.8506523605909537,0.006,0.348,-0.003,1.88,-0.945,2.012
2024-05-16 00:30:00,x,1.2,0.6,0.5,1.7864958796363328,0.007,0.375,-0.002,1.597,-0.597,2.03
2024-05-16 00:30:00,x,1.2,0.6,0.55,1.7135745377720697,0.007,0.397,0.001,1.273,-0.27,2.032
2024-05-16 00:30:00,x,1.2,0.6,0.6,1.6586504368261659,0.006,0.408,0.001,1.248,-0.155,2.028
2024-05-16 00:30:00,x,1.2,0.6,0.65,1.64018319192134,0.005,0.411,0.0,1.248,-0.123,2.022
2024-05-16 00:30:00,x,1.2,0.6,0.7,1.6330945994595645,0.005,0.413,-0.0,1.256,-0.111,2.024
2024-05-16 00:30:00,x,1.2,0.6,0.75,1.6325483933594602,0.004,0.412,-0.001,1.276,-0.128,2.033
2024-05-16 00:30:00,x,1.2,0.6,0.8,1.6431663425708876,0.004,0.41,-0.001,1.302,-0.156,2.053
2024-05-16 00:30:00,x,1.2,0.6,0.85,1.6451273992583912,0.005,0.41,-0.002,1.3,-0.155,2.088
2024-05-16 00:30:00,x,1.2,0.6,0.9,1.6484966214646033,0.006,0.408,-0.003,1.323,-0.181,2.146
2024-05-16 00:30:00,x,1.2,0.6,0.95,1.6525267524609313,0.006,0.407,-0.003,1.33,-0.195,2.136
2024-05-16 00:30:00,x,1.25,0.6,0.0,2.1913364171476086,0.001,0.218,-0.0,2.761,-2.582,2.104
2024-05-16 00:30:00,x,1.25,0.6,0.05,2.183027710419974,0.0,0.222,0.0,2.74,-2.533,2.08
2024-05-16 00:30:00,x,1.25,0.6,0.1,2.1697713902035023,-0.001,0.226,0.0,2.71,-2.465,2.066
2024-05-16 00:30:00,x,1.25,0.6,0.15,2.1498008622583282,-0.002,0.229,0.001,2.688,-2.416,1.994
2024-05-16 00:30:00,x,1.25,0.6,0.2,2.118598670344229,-0.001,0.236,0.0,2.644,-2.316,1.935
2024-05-16 00:30:00,x,1.25,0.6,0.25,2.0594270878627534,0.003,0.256,-0.002,2.527,-2.06,1.925
2024-05-16 00:30:00,x,1.25,0.6,0.3,1.9656296677492644,0.006,0.294,-0.004,2.308,-1.615,1.958
2024-05-16 00:30:00,x,1.25,0.6,0.35,1.91325738724642,0.006,0.318,-0.004,2.16,-1.329,1.994
2024-05-16 00:30:00,x,1.25,0.6,0.4,1.8597445646982886,0.007,0.344,-0.005,1.953,-1.014,2.015
2024-05-16 00:30:00,x,1.25,0.6,0.45,1.8224819137658028,0.009,0.361,-0.006,1.844,-0.815,2.008
2024-05-16 00:30:00,x,1.25,0.6,0.5,1.7865029800701124,0.009,0.376,-0.005,1.677,-0.616,2.019
2024-05-16 00:30:00,x,1.25,0.6,0.55,1.7219836392635535,0.009,0.396,-0.001,1.363,-0.315,2.019
2024-05-16 00:30:00,x,1.25,0.6,0.6,1.672384213061724,0.009,0.406,-0.001,1.309,-0.199,1.998
2024-05-16 00:30:00,x,1.25,0.6,0.65,1.6612540829939082,0.007,0.408,-0.001,1.294,-0.17,1.998
2024-05-16 00:30:00,x,1.25,0.6,0.7,1.6468054833112762,0.007,0.41,0.0,1.267,-0.142,2.021
2024-05-16 00:30:00,x,1.25,0.6,0.75,1.6372194622314482,0.006,0.41,-0.0,1.293,-0.152,2.039
2024-05-16 00:30:00,x,1.25,0.6,0.8,1.6438768933849,0.006,0.409,-0.001,1.294,-0.163,2.058
2024-05-16 00:30:00,x,1.25,0.6,0.85,1.6501714811836143,0.005,0.408,-0.002,1.321,-0.181,2.154
2024-05-16 00:30:00,x,1.25,0.6,0.9,1.6489939108593452,0.005,0.406,-0.004,1.337,-0.2,2.176
2024-05-16 00:30:00,x,1.25,0.6,0.95,1.6555417954082539,0.006,0.404,-0.004,1.358,-0.23,2.179
2024-05-16 00:30:00,x,1.3,0.6,0.0,2.1839556296151477,-0.003,0.222,0.002,2.743,-2.54,2.101
2024-05-16 00:30:00,x,1.3,0.6,0.05,2.174353504393894,-0.004,0.225,0.002,2.72,-2.489,2.091
2024-05-16 00:30:00,x,1.3,0.6,0.1,2.161562642345269,-0.005,0.228,0.002,2.697,-2.437,2.058
2024-05-16 00:30:00,x,1.3,0.6,0.15,2.1511767194328417,-0.004,0.229,0.002,2.693,-2.428,2.026
2024-05-16 00:30:00,x,1.3,0.6,0.2,2.1305942670423965,-0.004,0.234,0.002,2.66,-2.354,2.002
2024-05-16 00:30:00,x,1.3,0.6,0.25,2.06660169865928,0.002,0.254,-0.001,2.539,-2.083,1.914
2024-05-16 00:30:00,x,1.3,0.6,0.3,1.9506130908015855,0.006,0.302,-0.005,2.263,-1.528,1.966
2024-05-16 00:30:00,x,1.3,0.6,0.35,1.8835762710231547,0.009,0.333,-0.006,2.046,-1.152,1.991
2024-05-16 00:30:00,x,1.3,0.6,0.4,1.856547644856748,0.01,0.345,-0.007,1.976,-1.015,1.993
2024-05-16 00:30:00,x,1.3,0.6,0.45,1.8189117746123422,0.011,0.364,-0.007,1.812,-0.779,2.0
2024-05-16 00:30:00,x,1.3,0.6,0.5,1.7874675591993217,0.011,0.377,-0.007,1.707,-0.616,2.019
2024-05-16 00:30:00,x,1.3,0.6,0.55,1.7244397233970747,0.011,0.392,-0.003,1.467,-0.385,2.007
2024-05-16 00:30:00,x,1.3,0.6,0.6,1.6792734129430522,0.011,0.407,-0.002,1.323,-0.2,1.983
2024-05-16 00:30:00,x,1.3,0.6,0.65,1.6667238472412436,0.01,0.407,-0.002,1.321,-0.191,1.988
2024-05-16 00:30:00,x,1.3,0.6,0.7,1.6621626293877756,0.009,0.405,-0.002,1.344,-0.215,2.008
2024-05-16 00:30:00,x,1.3,0.6,0.75,1.6561940621791857,0.012,0.403,-0.002,1.337,-0.229,2.047
2024-05-16 00:30:00,x,1.3,0.6,0.8,1.6522076493482658,0.009,0.405,-0.001,1.327,-0.21,2.087
2024-05-16 00:30:00,x,1.3,0.6,0.85,1.6568836314745237,0.006,0.402,-0.002,1.35,-0.238,2.13
2024-05-16 00:30:00,x,1.3,0.6,0.9,1.6563857190586877,0.005,0.403,-0.003,1.363,-0.245,2.215
2024-05-16 00:30:00,x,1.3,0.6,0.95,1.6613109228616147,0.006,0.401,-0.004,1.37,-0.259,2.201
2024-05-16 00:30:00,x,1.35,0.6,0.0,2.174234304941022,-0.005,0.226,0.002,2.715,-2.478,2.11
2024-05-16 00:30:00,x,1.35,0.6,0.05,2.1636502775357007,-0.006,0.23,0.003,2.69,-2.42,2.08
2024-05-16 00:30:00,x,1.35,0.6,0.1,2.157272372950877,-0.007,0.23,0.003,2.685,-2.41,2.06
2024-05-16 00:30:00,x,1.35,0.6,0.15,2.150065315969936,-0.005,0.231,0.002,2.683,-2.405,2.013
2024-05-16 00:30:00,x,1.35,0.6,0.2,2.1298831553406212,-0.005,0.235,0.002,2.657,-2.345,2.017
2024-05-16 00:30:00,x,1.35,0.6,0.25,2.0546360324930273,0.001,0.259,-0.001,2.515,-2.033,1.973
2024-05-16 00:30:00,x,1.35,0.6,0.3,1.9270468317759026,0.009,0.31,-0.006,2.22,-1.422,1.961
2024-05-16 00:30:00,x,1.35,0.6,0.35,1.8828488570050241,0.01,0.331,-0.007,2.077,-1.18,1.998
2024-05-16 00:30:00,x,1.35,0.6,0.4,1.855246500339035,0.012,0.344,-0.008,1.987,-1.024,2.004
2024-05-16 00:30:00,x,1.35,0.6,0.45,1.8359441000938481,0.013,0.354,-0.009,1.91,-0.904,2.007
2024-05-16 00:30:00,x,1.35,0.6,0.5,1.7964147388249405,0.013,0.372,-0.008,1.721,-0.673,2.017
2024-05-16 00:30:00,x,1.35,0.6,0.55,1.7292377061521402,0.013,0.393,-0.004,1.429,-0.367,2.009
2024-05-16 00:30:00,x,1.35,0.6,0.6,1.683272236315922,0.013,0.407,-0.003,1.294,-0.185,1.98
2024-05-16 00:30:00,x,1.35,0.6,0.65,1.67655644233987,0.014,0.405,-0.003,1.333,-0.217,1.982
2024-05-16 00:30:00,x,1.35,0.6,0.7,1.6676957163501371,0.016,0.402,-0.004,1.337,-0.238,2.004
2024-05-16 00:30:00,x,1.35,0.6,0.75,1.6629843610174428,0.015,0.401,-0.003,1.373,-0.266,2.016
2024-05-16 00:30:00,x,1.35,0.6,0.8,1.658335803210077,0.011,0.401,-0.002,1.358,-0.253,2.048
2024-05-16 00:30:00,x,1.35,0.6,0.85,1.663314504640014,0.009,0.399,-0.003,1.384,-0.28,2.163
2024-05-16 00:30:00,x,1.35,0.6,0.9,1.6702922495788317,0.009,0.396,-0.005,1.419,-0.322,2.184
2024-05-16 00:30:00,x,1.35,0.6,0.95,1.667863703902984,0.008,0.398,-0.004,1.389,-0.295,2.133
2024-05-16 00:30:00,x,1.4,0.6,0.0,2.161562642345269,-0.005,0.231,0.002,2.68,-2.399,2.131
2024-05-16 00:30:00,x,1.4,0.6,0.05,2.1591278644887217,-0.006,0.232,0.003,2.679,-2.397,2.104
2024-05-16 00:30:00,x,1.4,0.6,0.1,2.1527438088311777,-0.007,0.233,0.003,2.672,-2.38,2.079
2024-05-16 00:30:00,x,1.4,0.6,0.15,2.1479544309308207,-0.007,0.233,0.003,2.67,-2.376,2.077
2024-05-16 00:30:00,x,1.4,0.6,0.2,2.115959803515191,-0.003,0.24,0.001,2.627,-2.28,1.946
2024-05-16 00:30:00,x,1.4,0.6,0.25,2.0228735731536416,0.006,0.271,-0.003,2.445,-1.88,1.918
2024-05-16 00:30:00,x,1.4,0.6,0.3,1.948408075047438,0.011,0.3,-0.006,2.277,-1.531,1.95
2024-05-16 00:30:00,x,1.4,0.6,0.35,1.8859206922421894,0.012,0.329,-0.008,2.104,-1.211,1.993
2024-05-16 00:30:00,x,1.4,0.6,0.4,1.8617852375631119,0.012,0.34,-0.009,2.017,-1.075,2.015
2024-05-16 00:30:00,x,1.4,0.6,0.45,1.840306877854649,0.014,0.352,-0.009,1.905,-0.923,2.022
2024-05-16 00:30:00,x,1.4,0.6,0.5,1.8010605298478555,0.015,0.37,-0.008,1.67,-0.671,2.035
2024-05-16 00:30:00,x,1.4,0.6,0.55,1.7265968196292396,0.017,0.393,-0.006,1.396,-0.346,2.012
2024-05-16 00:30:00,x,1.4,0.6,0.6,1.6892289202673212,0.021,0.403,-0.004,1.263,-0.201,1.989
2024-05-16 00:30:00,x,1.4,0.6,0.65,1.6772509773578443,0.02,0.403,-0.003,1.288,-0.213,2.001
2024-05-16 00:30:00,x,1.4,0.6,0.7,1.673242147318043,0.019,0.4,-0.004,1.349,-0.258,2.003
2024-05-16 00:30:00,x,1.4,0.6,0.75,1.672347274621003,0.018,0.398,-0.005,1.401,-0.301,2.007
2024-05-16 00:30:00,x,1.4,0.6,0.8,1.67164484665233,0.015,0.395,-0.005,1.432,-0.339,2.069
2024-05-16 00:30:00,x,1.4,0.6,0.85,1.6738959904257813,0.013,0.393,-0.005,1.453,-0.362,2.196
2024-05-16 00:30:00,x,1.4,0.6,0.9,1.6732974397596359,0.011,0.394,-0.005,1.437,-0.35,2.18
2024-05-16 00:30:00,x,1.4,0.6,0.95,1.676519857079279,0.011,0.394,-0.005,1.413,-0.338,2.195
2024-05-16 00:30:00,x,1.45,0.6,0.0,2.163823050441688,-0.005,0.231,0.002,2.685,-2.41,2.141
2024-05-16 00:30:00,x,1.45,0.6,0.05,2.152343392307376,-0.005,0.235,0.002,2.654,-2.341,2.104
2024-05-16 00:30:00,x,1.45,0.6,0.1,2.14771032461335,-0.005,0.236,0.002,2.648,-2.327,2.135
2024-05-16 00:30:00,x,1.45,0.6,0.15,2.1335452950068143,-0.004,0.237,0.002,2.649,-2.329,2.078
2024-05-16 00:30:00,x,1.45,0.6,0.2,2.09357576232116,0.001,0.248,-0.0,2.58,-2.177,1.987
2024-05-16 00:30:00,x,1.45,0.6,0.25,2.020411008176671,0.008,0.273,-0.004,2.435,-1.858,1.925
2024-05-16 00:30:00,x,1.45,0.6,0.3,1.9697699137531122,0.011,0.291,-0.006,2.33,-1.636,1.937
2024-05-16 00:30:00,x,1.45,0.6,0.35,1.9169484993598924,0.014,0.314,-0.009,2.197,-1.378,1.985
2024-05-16 00:30:00,x,1.45,0.6,0.4,1.8735705253747117,0.016,0.335,-0.01,2.027,-1.119,1.989
2024-05-16 00:30:00,x,1.45,0.6,0.45,1.8418973119970872,0.018,0.351,-0.01,1.84,-0.905,2.004
2024-05-16 00:30:00,x,1.45,0.6,0.5,1.7971636301993072,0.021,0.371,-0.012,1.679,-0.657,2.026
2024-05-16 00:30:00,x,1.45,0.6,0.55,1.7227655069862364,0.021,0.395,-0.004,1.306,-0.291,2.025
2024-05-16 00:30:00,x,1.45,0.6,0.6,1.690957643044936,0.022,0.401,-0.004,1.272,-0.217,2.011
2024-05-16 00:30:00,x,1.45,0.6,0.65,1.6855715692853515,0.022,0.401,-0.005,1.297,-0.227,2.003
2024-05-16 00:30:00,x,1.45,0.6,0.7,1.6818470174042197,0.022,0.399,-0.006,1.366,-0.28,2.002
2024-05-16 00:30:00,x,1.45,0.6,0.75,1.6807161475709362,0.022,0.397,-0.006,1.411,-0.319,2.0
2024-05-16 00:30:00,x,1.45,0.6,0.8,1.6830019846071993,0.018,0.392,-0.007,1.475,-0.383,2.033
2024-05-16 00:30:00,x,1.45,0.6,0.85,1.6933663524254847,0.019,0.385,-0.009,1.524,-0.465,2.111
2024-05-16 00:30:00,x,1.45,0.6,0.9,1.694385802878434,0.018,0.384,-0.009,1.528,-0.47,2.15
2024-05-16 00:30:00,x,1.45,0.6,0.95,1.6960941599952233,0.018,0.385,-0.009,1.497,-0.45,2.171
2024-05-16 00:30:00,x,1.5,0.6,0.0,2.1662939128960907,-0.005,0.23,0.002,2.69,-2.421,2.161
2024-05-16 00:30:00,x,1.5,0.6,0.05,2.155933919528447,-0.004,0.233,0.002,2.67,-2.377,2.129
2024-05-16 00:30:00,x,1.5,0.6,0.1,2.139875939328371,-0.002,0.237,0.001,2.643,-2.316,2.141
2024-05-16 00:30:00,x,1.5,0.6,0.15,2.1252111709283628,0.001,0.239,-0.0,2.633,-2.294,2.103
2024-05-16 00:30:00,x,1.5,0.6,0.2,2.077309753175891,0.005,0.255,-0.002,2.54,-2.09,2.059
2024-05-16 00:30:00,x,1.5,0.6,0.25,2.014936153690715,0.009,0.275,-0.004,2.421,-1.831,1.941
2024-05-16 00:30:00,x,1.5,0.6,0.3,1.9849096841478056,0.011,0.285,-0.006,2.365,-1.708,1.918
2024-05-16 00:30:00,x,1.5,0.6,0.35,1.929970384909012,0.014,0.309,-0.008,2.226,-1.44,1.978
2024-05-16 00:30:00,x,1.5,0.6,0.4,1.8816470944934092,0.019,0.33,-0.012,2.097,-1.2,2.004
2024-05-16 00:30:00,x,1.5,0.6,0.45,1.8451290599408372,0.021,0.347,-0.014,1.977,-0.996,1.996
2024-05-16 00:30:00,x,1.5,0.6,0.5,1.791522230785625,0.023,0.372,-0.016,1.783,-0.696,2.009
2024-05-16 00:30:00,x,1.5,0.6,0.55,1.7368265993650482,0.022,0.391,-0.01,1.435,-0.382,2.011
2024-05-16 00:30:00,x,1.5,0.6,0.6,1.6937972743196232,0.024,0.403,-0.006,1.268,-0.204,1.996
2024-05-16 00:30:00,x,1.5,0.6,0.65,1.6940257532413352,0.024,0.4,-0.007,1.325,-0.248,1.994
2024-05-16 00:30:00,x,1.5,0.6,0.7,1.6913556037452862,0.024,0.4,-0.006,1.339,-0.255,1.999
2024-05-16 00:30:00,x,1.5,0.6,0.75,1.6915853704877748,0.022,0.397,-0.007,1.413,-0.312,1.984
2024-05-16 00:30:00,x,1.5,0.6,0.8,1.6983963569292695,0.023,0.39,-0.01,1.487,-0.41,2.053
2024-05-16 00:30:00,x,1.5,0.6,0.85,1.6999764005652878,0.023,0.385,-0.01,1.535,-0.472,2.15
2024-05-16 00:30:00,x,1.5,0.6,0.9,1.7043564574815637,0.024,0.382,-0.011,1.55,-0.501,2.179
2024-05-16 00:30:00,x,1.5,0.6,0.95,1.7041419338600874,0.022,0.382,-0.009,1.554,-0.507,2.164
2024-05-16 00:30:00,x,1.55,0.6,0.0,2.1684974835230326,-0.004,0.229,0.002,2.696,-2.435,2.164
2024-05-16 00:30:00,x,1.55,0.6,0.05,2.164242780905658,-0.004,0.231,0.002,2.69,-2.421,2.197
2024-05-16 00:30:00,x,1.55,0.6,0.1,2.156727799202642,-0.003,0.233,0.001,2.677,-2.394,2.209
2024-05-16 00:30:00,x,1.55,0.6,0.15,2.143720345921985,0.001,0.234,-0.0,2.666,-2.368,2.167
2024-05-16 00:30:00,x,1.55,0.6,0.2,2.097514130558531,0.006,0.247,-0.002,2.589,-2.198,2.135
2024-05-16 00:30:00,x,1.55,0.6,0.25,2.0264842350974743,0.01,0.27,-0.005,2.453,-1.898,1.977
2024-05-16 00:30:00,x,1.55,0.6,0.3,1.9886570410646158,0.012,0.282,-0.006,2.381,-1.743,1.941
2024-05-16 00:30:00,x,1.55,0.6,0.35,1.9371867792700634,0.016,0.305,-0.01,2.248,-1.481,1.989
2024-05-16 00:30:00,x,1.55,0.6,0.4,1.8848066882989094,0.02,0.329,-0.013,2.102,-1.212,2.027
2024-05-16 00:30:00,x,1.55,0.6,0.45,1.8210547550468883,0.024,0.357,-0.016,1.919,-0.883,2.001
2024-05-16 00:30:00,x,1.55,0.6,0.5,1.7881117818542411,0.024,0.373,-0.016,1.738,-0.668,2.004
2024-05-16 00:30:00,x,1.55,0.6,0.55,1.7559738939977563,0.025,0.388,-0.016,1.549,-0.46,1.997
2024-05-16 00:30:00,x,1.55,0.6,0.6,1.7062311682589675,0.025,0.402,-0.008,1.274,-0.215,1.983
2024-05-16 00:30:00,x,1.55,0.6,0.65,1.6976390257840557,0.025,0.401,-0.008,1.32,-0.243,1.979
2024-05-16 00:30:00,x,1.55,0.6,0.7,1.6949121673285694,0.025,0.399,-0.009,1.38,-0.284,1.984
2024-05-16 00:30:00,x,1.55,0.6,0.75,1.6870203516937077,0.025,0.398,-0.009,1.414,-0.306,2.01
2024-05-16 00:30:00,x,1.55,0.6,0.8,1.6884198220027107,0.021,0.393,-0.008,1.434,-0.352,2.111
2024-05-16 00:30:00,x,1.55,0.6,0.85,1.6958492702373795,0.023,0.39,-0.007,1.457,-0.393,2.217
2024-05-16 00:30:00,x,1.55,0.6,0.9,1.703635237583896,0.024,0.385,-0.008,1.512,-0.462,2.212
2024-05-16 00:30:00,x,1.55,0.6,0.95,1.705007959333336,0.024,0.383,-0.009,1.53,-0.48,2.2
2024-05-16 00:30:00,x,1.6,0.6,0.0,2.170179543800823,-0.004,0.229,0.001,2.702,-2.449,2.166
2024-05-16 00:30:00,x,1.6,0.6,0.05,2.1644658766269678,-0.004,0.231,0.002,2.69,-2.421,2.16
2024-05-16 00:30:00,x,1.6,0.6,0.1,2.1622715921575257,-0.003,0.231,0.001,2.692,-2.427,2.131
2024-05-16 00:30:00,x,1.6,0.6,0.15,2.1469059664910057,0.001,0.234,-0.0,2.673,-2.383,2.135
2024-05-16 00:30:00,x,1.6,0.6,0.2,2.113485431405954,0.004,0.242,-0.001,2.618,-2.262,2.128
2024-05-16 00:30:00,x,1.6,0.6,0.25,2.029651577678799,0.011,0.268,-0.005,2.462,-1.916,2.028
2024-05-16 00:30:00,x,1.6,0.6,0.3,1.9929686162531022,0.014,0.28,-0.007,2.391,-1.765,1.958
2024-05-16 00:30:00,x,1.6,0.6,0.35,1.9440629804373002,0.019,0.301,-0.011,2.27,-1.521,2.012
2024-05-16 00:30:00,x,1.6,0.6,0.4,1.8965151946470846,0.022,0.324,-0.013,2.126,-1.267,2.039
2024-05-16 00:30:00,x,1.6,0.6,0.45,1.8108438645602627,0.024,0.362,-0.016,1.869,-0.815,2.008
2024-05-16 00:30:00,x,1.6,0.6,0.5,1.7747650631257013,0.026,0.38,-0.018,1.68,-0.585,2.002
2024-05-16 00:30:00,x,1.6,0.6,0.55,1.755714822960796,0.027,0.389,-0.018,1.545,-0.451,1.995
2024-05-16 00:30:00,x,1.6,0.6,0.6,1.720539661486122,0.026,0.403,-0.011,1.295,-0.222,1.985
2024-05-16 00:30:00,x,1.6,0.6,0.65,1.6950348939602577,0.027,0.401,-0.011,1.348,-0.251,1.98
2024-05-16 00:30:00,x,1.6,0.6,0.7,1.685446138687734,0.025,0.401,-0.01,1.381,-0.268,1.996
2024-05-16 00:30:00,x,1.6,0.6,0.75,1.6846479101829965,0.025,0.399,-0.009,1.404,-0.294,2.004
2024-05-16 00:30:00,x,1.6,0.6,0.8,1.6826413871962154,0.02,0.397,-0.008,1.417,-0.319,2.114
2024-05-16 00:30:00,x,1.6,0.6,0.85,1.6888467869545867,0.021,0.392,-0.007,1.443,-0.365,2.186
2024-05-16 00:30:00,x,1.6,0.6,0.9,1.70356648746789,0.024,0.386,-0.007,1.477,-0.433,2.129
2024-05-16 00:30:00,x,1.6,0.6,0.95,1.7070674661521184,0.024,0.385,-0.007,1.504,-0.457,2.136
2024-05-16 00:30:00,x,1.65,0.6,0.0,2.1747486636149618,-0.006,0.227,0.002,2.714,-2.476,2.163
2024-05-16 00:30:00,x,1.65,0.6,0.05,2.1677986325850584,-0.005,0.229,0.002,2.699,-2.441,2.133
2024-05-16 00:30:00,x,1.65,0.6,0.1,2.1530950154788395,-0.003,0.234,0.001,2.67,-2.377,2.2
2024-05-16 00:30:00,x,1.65,0.6,0.15,2.1354856704067338,0.0,0.237,0.0,2.651,-2.336,2.164
2024-05-16 00:30:00,x,1.65,0.6,0.2,2.109061945633498,0.002,0.243,-0.0,2.611,-2.247,2.094
2024-05-16 00:30:00,x,1.65,0.6,0.25,2.0280056510930233,0.008,0.268,-0.003,2.46,-1.912,1.944
2024-05-16 00:30:00,x,1.65,0.6,0.3,1.9841626229286309,0.014,0.284,-0.007,2.37,-1.721,1.991
2024-05-16 00:30:00,x,1.65,0.6,0.35,1.9468303885364144,0.017,0.3,-0.01,2.281,-1.536,2.005
2024-05-16 00:30:00,x,1.65,0.6,0.4,1.9082544062696158,0.019,0.317,-0.012,2.173,-1.343,2.01
2024-05-16 00:30:00,x,1.65,0.6,0.45,1.828479439976565,0.024,0.353,-0.017,1.938,-0.921,2.018
2024-05-16 00:30:00,x,1.65,0.6,0.5,1.776882707285475,0.025,0.378,-0.017,1.753,-0.633,2.008
2024-05-16 00:30:00,x,1.65,0.6,0.55,1.7580560797542424,0.025,0.386,-0.016,1.667,-0.53,1.999
2024-05-16 00:30:00,x,1.65,0.6,0.6,1.7323374587409062,0.024,0.394,-0.013,1.529,-0.398,1.992
2024-05-16 00:30:00,x,1.65,0.6,0.65,1.7040732639151825,0.023,0.399,-0.012,1.436,-0.315,1.992
2024-05-16 00:30:00,x,1.65,0.6,0.7,1.688757870531881,0.022,0.4,-0.009,1.389,-0.282,1.988
2024-05-16 00:30:00,x,1.65,0.6,0.75,1.680272041942144,0.023,0.401,-0.008,1.378,-0.268,1.99
2024-05-16 00:30:00,x,1.65,0.6,0.8,1.6758607948240787,0.019,0.4,-0.007,1.385,-0.278,2.084
2024-05-16 00:30:00,x,1.65,0.6,0.85,1.6860192402130285,0.019,0.392,-0.006,1.442,-0.363,2.197
2024-05-16 00:30:00,x,1.65,0.6,0.9,1.7023271206855646,0.021,0.388,-0.007,1.482,-0.422,2.186
2024-05-16 00:30:00,x,1.65,0.6,0.95,1.7091681612765164,0.022,0.385,-0.007,1.532,-0.467,2.15
2024-05-16 00:30:00,x,1.7,0.6,0.0,2.175242107559476,-0.01,0.226,0.004,2.714,-2.477,2.155
2024-05-16 00:30:00,x,1.7,0.6,0.05,2.167757315052975,-0.008,0.229,0.003,2.699,-2.443,2.221
2024-05-16 00:30:00,x,1.7,0.6,0.1,2.1557337055339145,-0.007,0.232,0.003,2.68,-2.4,2.151
2024-05-16 00:30:00,x,1.7,0.6,0.15,2.1428272945383364,-0.004,0.233,0.002,2.673,-2.385,2.115
2024-05-16 00:30:00,x,1.7,0.6,0.2,2.1085785529452123,-0.0,0.242,0.001,2.619,-2.264,2.006
2024-05-16 00:30:00,x,1.7,0.6,0.25,2.0144827358521917,0.009,0.272,-0.004,2.436,-1.861,1.949
2024-05-16 00:30:00,x,1.7,0.6,0.3,1.98863475114925,0.013,0.281,-0.007,2.383,-1.746,1.973
2024-05-16 00:30:00,x,1.7,0.6,0.35,1.9623598634951462,0.015,0.292,-0.008,2.324,-1.624,1.979
2024-05-16 00:30:00,x,1.7,0.6,0.4,1.9117540208938046,0.017,0.313,-0.011,2.202,-1.386,1.993
2024-05-16 00:30:00,x,1.7,0.6,0.45,1.846188609997429,0.022,0.342,-0.014,2.007,-1.043,2.013
2024-05-16 00:30:00,x,1.7,0.6,0.5,1.7911360258157585,0.024,0.369,-0.017,1.828,-0.743,2.0
2024-05-16 00:30:00,x,1.7,0.6,0.55,1.7633381302356719,0.024,0.382,-0.017,1.71,-0.586,2.002
2024-05-16 00:30:00,x,1.7,0.6,0.6,1.727411111842715,0.025,0.393,-0.016,1.578,-0.43,2.0
2024-05-16 00:30:00,x,1.7,0.6,0.65,1.708097821278124,0.023,0.396,-0.014,1.483,-0.356,1.989
2024-05-16 00:30:00,x,1.7,0.6,0.7,1.6988483848535636,0.021,0.398,-0.012,1.456,-0.332,1.985
2024-05-16 00:30:00,x,1.7,0.6,0.75,1.6932079471415755,0.019,0.397,-0.012,1.473,-0.348,1.988
2024-05-16 00:30:00,x,1.7,0.6,0.8,1.6881883739366945,0.018,0.396,-0.011,1.482,-0.355,2.017
2024-05-16 00:30:00,x,1.7,0.6,0.85,1.69394667798571,0.016,0.39,-0.009,1.53,-0.429,2.24
2024-05-16 00:30:00,x,1.7,0.6,0.9,1.6970199937646282,0.017,0.389,-0.007,1.503,-0.416,2.234
2024-05-16 00:30:00,x,1.7,0.6,0.95,1.702732025164265,0.018,0.387,-0.007,1.517,-0.442,2.214
2024-05-16 00:30:00,x,1.75,0.6,0.0,2.1915488175239517,-0.015,0.219,0.006,2.759,-2.577,2.148
2024-05-16 00:30:00,x,1.75,0.6,0.05,2.1899392549275127,-0.016,0.219,0.006,2.76,-2.579,2.177
2024-05-16 00:30:00,x,1.75,0.6,0.1,2.183150218236971,-0.015,0.22,0.006,2.75,-2.556,2.115
2024-05-16 00:30:00,x,1.75,0.6,0.15,2.179669540239335,-0.014,0.219,0.006,2.759,-2.577,2.069
2024-05-16 00:30:00,x,1.75,0.6,0.2,2.138040463069193,-0.009,0.23,0.004,2.686,-2.411,1.978
2024-05-16 00:30:00,x,1.75,0.6,0.25,2.0179010608300074,0.008,0.27,-0.004,2.445,-1.879,1.946
2024-05-16 00:30:00,x,1.75,0.6,0.3,1.9836127574906792,0.013,0.282,-0.007,2.377,-1.732,1.95
2024-05-16 00:30:00,x,1.75,0.6,0.35,1.9410639882199021,0.013,0.298,-0.007,2.287,-1.546,1.954
2024-05-16 00:30:00,x,1.75,0.6,0.4,1.926949211531711,0.014,0.304,-0.008,2.257,-1.484,1.966
2024-05-16 00:30:00,x,1.75,0.6,0.45,1.878142483928328,0.019,0.325,-0.012,2.123,-1.243,2.009
2024-05-16 00:30:00,x,1.75,0.6,0.5,1.8191291837370016,0.023,0.354,-0.016,1.931,-0.915,2.017
2024-05-16 00:30:00,x,1.75,0.6,0.55,1.7638171865896897,0.025,0.382,-0.017,1.696,-0.576,2.007
2024-05-16 00:30:00,x,1.75,0.6,0.6,1.7252171858137924,0.023,0.394,-0.015,1.563,-0.415,2.005
2024-05-16 00:30:00,x,1.75,0.6,0.65,1.70412476739177,0.021,0.397,-0.015,1.494,-0.352,2.008
2024-05-16 00:30:00,x,1.75,0.6,0.7,1.6975954608488806,0.02,0.397,-0.013,1.489,-0.354,1.986
2024-05-16 00:30:00,x,1.75,0.6,0.75,1.6942980134134284,0.02,0.395,-0.013,1.508,-0.375,1.992
2024-05-16 00:30:00,x,1.75,0.6,0.8,1.6925913767680016,0.017,0.394,-0.012,1.515,-0.387,2.011
2024-05-16 00:30:00,x,1.75,0.6,0.85,1.6996036118585738,0.018,0.389,-0.011,1.558,-0.451,2.052
2024-05-16 00:30:00,x,1.75,0.6,0.9,1.7023788316437614,0.017,0.388,-0.009,1.551,-0.454,2.075
2024-05-16 00:30:00,x,1.75,0.6,0.95,1.7044079273868409,0.017,0.388,-0.008,1.546,-0.455,2.113
2024-05-16 00:30:00,x,1.8,0.6,0.0,2.20274162702903,-0.02,0.214,0.008,2.789,-2.644,2.113
2024-05-16 00:30:00,x,1.8,0.6,0.05,2.2003743729632057,-0.019,0.214,0.008,2.789,-2.645,2.124
2024-05-16 00:30:00,x,1.8,0.6,0.1,2.1945753885732278,-0.018,0.215,0.007,2.786,-2.638,2.107
2024-05-16 00:30:00,x,1.8,0.6,0.15,2.1840153356352805,-0.018,0.216,0.007,2.774,-2.611,2.089
2024-05-16 00:30:00,x,1.8,0.6,0.2,2.1554787541573055,-0.015,0.222,0.006,2.732,-2.515,2.041
2024-05-16 00:30:00,x,1.8,0.6,0.25,2.056310146628307,-0.003,0.253,0.001,2.544,-2.098,2.0
2024-05-16 00:30:00,x,1.8,0.6,0.3,1.9712387279652372,0.006,0.285,-0.003,2.361,-1.699,1.942
2024-05-16 00:30:00,x,1.8,0.6,0.35,1.9526471697589431,0.009,0.292,-0.005,2.323,-1.622,1.96
2024-05-16 00:30:00,x,1.8,0.6,0.4,1.926789889273908,0.012,0.302,-0.007,2.272,-1.515,1.985
2024-05-16 00:30:00,x,1.8,0.6,0.45,1.8953893925234635,0.014,0.316,-0.009,2.184,-1.347,1.998
2024-05-16 00:30:00,x,1.8,0.6,0.5,1.8467081454560068,0.019,0.339,-0.013,2.038,-1.088,1.999
2024-05-16 00:30:00,x,1.8,0.6,0.55,1.773369497668596,0.023,0.375,-0.017,1.804,-0.683,1.986
2024-05-16 00:30:00,x,1.8,0.6,0.6,1.7268901407418216,0.023,0.393,-0.017,1.572,-0.426,1.972
2024-05-16 00:30:00,x,1.8,0.6,0.65,1.7114022609659356,0.022,0.395,-0.017,1.525,-0.384,1.984
2024-05-16 00:30:00,x,1.8,0.6,0.7,1.7017837835606922,0.02,0.396,-0.015,1.505,-0.372,1.988
2024-05-16 00:30:00,x,1.8,0.6,0.75,1.6985007128325116,0.021,0.394,-0.015,1.522,-0.391,1.971
2024-05-16 00:30:00,x,1.8,0.6,0.8,1.69980305027284,0.02,0.39,-0.013,1.552,-0.435,2.007
2024-05-16 00:30:00,x,1.8,0.6,0.85,1.7056242713789194,0.02,0.388,-0.012,1.569,-0.466,2.088
2024-05-16 00:30:00,x,1.8,0.6,0.9,1.7080637989920193,0.019,0.387,-0.01,1.577,-0.478,2.126
2024-05-16 00:30:00,x,1.8,0.6,0.95,1.7075446286123028,0.018,0.387,-0.01,1.565,-0.471,2.108
2024-05-16 00:30:00,x,1.85,0.6,0.0,2.20432079741897,-0.024,0.213,0.009,2.794,-2.657,2.093
2024-05-16 00:30:00,x,1.85,0.6,0.05,2.2058185481994554,-0.023,0.212,0.009,2.8,-2.67,2.059
2024-05-16 00:30:00,x,1.85,0.6,0.1,2.203799572309678,-0.024,0.211,0.009,2.807,-2.687,2.084
2024-05-16 00:30:00,x,1.85,0.6,0.15,2.200757503170707,-0.024,0.21,0.009,2.815,-2.704,2.056
2024-05-16 00:30:00,x,1.85,0.6,0.2,2.1705843819391935,-0.021,0.216,0.008,2.777,-2.618,2.023
2024-05-16 00:30:00,x,1.85,0.6,0.25,2.103957577571045,-0.013,0.234,0.005,2.66,-2.354,1.982
2024-05-16 00:30:00,x,1.85,0.6,0.3,2.0191412252995855,-0.006,0.265,0.002,2.479,-1.959,1.959
2024-05-16 00:30:00,x,1.85,0.6,0.35,1.9609556987913892,0.003,0.288,-0.002,2.347,-1.673,1.952
2024-05-16 00:30:00,x,1.85,0.6,0.4,1.9303784222217855,0.008,0.299,-0.005,2.285,-1.539,1.949
2024-05-16 00:30:00,x,1.85,0.6,0.45,1.8945043638514818,0.013,0.315,-0.009,2.197,-1.358,1.932
2024-05-16 00:30:00,x,1.85,0.6,0.5,1.8275501913992465,0.017,0.348,-0.011,1.986,-0.987,1.95
2024-05-16 00:30:00,x,1.85,0.6,0.55,1.7674972284046193,0.023,0.379,-0.016,1.771,-0.64,1.959
2024-05-16 00:30:00,x,1.85,0.6,0.6,1.7254624113888586,0.024,0.393,-0.018,1.545,-0.415,1.932
2024-05-16 00:30:00,x,1.85,0.6,0.65,1.7156440669379558,0.023,0.395,-0.018,1.497,-0.372,1.956
2024-05-16 00:30:00,x,1.85,0.6,0.7,1.7111320723068417,0.024,0.393,-0.018,1.533,-0.404,1.978
2024-05-16 00:30:00,x,1.85,0.6,0.75,1.7022236802940065,0.023,0.393,-0.016,1.538,-0.406,1.99
2024-05-16 00:30:00,x,1.85,0.6,0.8,1.7102443332407438,0.026,0.388,-0.016,1.58,-0.468,2.02
2024-05-16 00:30:00,x,1.85,0.6,0.85,1.7123381772140125,0.023,0.387,-0.014,1.587,-0.475,2.079
2024-05-16 00:30:00,x,1.85,0.6,0.9,1.7157360032250626,0.023,0.386,-0.013,1.59,-0.488,2.152
2024-05-16 00:30:00,x,1.85,0.6,0.95,1.7163957017429194,0.022,0.386,-0.012,1.598,-0.497,2.138
2024-05-16 00:30:00,x,1.9,0.6,0.0,2.2045052480723624,-0.032,0.213,0.012,2.795,-2.659,2.065
2024-05-16 00:30:00,x,1.9,0.6,0.05,2.2096168741417395,-0.033,0.21,0.012,2.819,-2.712,2.023
2024-05-16 00:30:00,x,1.9,0.6,0.1,2.218312261446063,-0.031,0.205,0.012,2.85,-2.784,1.995
2024-05-16 00:30:00,x,1.9,0.6,0.15,2.207728593414819,-0.029,0.206,0.011,2.846,-2.774,1.999
2024-05-16 00:30:00,x,1.9,0.6,0.2,2.178170885448802,-0.025,0.213,0.01,2.8,-2.669,1.998
2024-05-16 00:30:00,x,1.9,0.6,0.25,2.097992661451006,-0.016,0.235,0.007,2.653,-2.336,1.948
2024-05-16 00:30:00,x,1.9,0.6,0.3,2.049671468495342,-0.01,0.252,0.004,2.55,-2.107,1.924
2024-05-16 00:30:00,x,1.9,0.6,0.35,1.9897567411465944,-0.003,0.275,0.0,2.422,-1.83,1.925
2024-05-16 00:30:00,x,1.9,0.6,0.4,1.9359403366656924,0.005,0.296,-0.003,2.303,-1.572,1.904
2024-05-16 00:30:00,x,1.9,0.6,0.45,1.8758769704930303,0.011,0.324,-0.006,2.142,-1.261,1.905
2024-05-16 00:30:00,x,1.9,0.6,0.5,1.8367796959498381,0.014,0.343,-0.009,2.02,-1.042,1.919
2024-05-16 00:30:00,x,1.9,0.6,0.55,1.7611908664297455,0.025,0.381,-0.017,1.75,-0.613,1.935
2024-05-16 00:30:00,x,1.9,0.6,0.6,1.7315243011103396,0.03,0.387,-0.022,1.595,-0.487,1.913
2024-05-16 00:30:00,x,1.9,0.6,0.65,1.7221648286502724,0.029,0.39,-0.022,1.553,-0.446,1.929
2024-05-16 00:30:00,x,1.9,0.6,0.7,1.7186179280471725,0.03,0.388,-0.023,1.6,-0.481,1.966
2024-05-16 00:30:00,x,1.9,0.6,0.75,1.712279215017366,0.031,0.388,-0.022,1.6,-0.481,2.002
2024-05-16 00:30:00,x,1.9,0.6,0.8,1.7194473043627563,0.031,0.387,-0.019,1.62,-0.5,2.03
2024-05-16 00:30:00,x,1.9,0.6,0.85,1.7220577713314642,0.03,0.385,-0.017,1.638,-0.523,2.075
2024-05-16 00:30:00,x,1.9,0.6,0.9,1.7223294807030864,0.029,0.384,-0.017,1.638,-0.526,2.105
2024-05-16 00:30:00,x,1.9,0.6,0.95,1.725364337774282,0.03,0.382,-0.017,1.674,-0.564,2.068
2024-05-16 00:30:00,x,1.95,0.6,0.0,2.2102409125229996,-0.041,0.211,0.015,2.812,-2.696,2.052
2024-05-16 00:30:00,x,1.95,0.6,0.05,2.213762061922067,-0.04,0.208,0.015,2.827,-2.732,2.027
2024-05-16 00:30:00,x,1.95,0.6,0.1,2.207354260797353,-0.039,0.209,0.015,2.822,-2.72,2.059
2024-05-16 00:30:00,x,1.95,0.6,0.15,2.202757964535248,-0.034,0.208,0.013,2.83,-2.738,2.037
2024-05-16 00:30:00,x,1.95,0.6,0.2,2.1961789494772725,-0.031,0.208,0.012,2.835,-2.749,2.046
2024-05-16 00:30:00,x,1.95,0.6,0.25,2.0814697284619377,-0.017,0.241,0.007,2.619,-2.26,1.931
2024-05-16 00:30:00,x,1.95,0.6,0.3,2.0232318764690875,-0.01,0.261,0.004,2.495,-1.985,1.886
2024-05-16 00:30:00,x,1.95,0.6,0.35,1.9804260913066642,-0.005,0.277,0.002,2.405,-1.789,1.916
2024-05-16 00:30:00,x,1.95,0.6,0.4,1.9448082709273113,-0.0,0.292,-0.001,2.322,-1.617,1.93
2024-05-16 00:30:00,x,1.95,0.6,0.45,1.8737564217033558,0.009,0.325,-0.005,2.128,-1.244,1.901
2024-05-16 00:30:00,x,1.95,0.6,0.5,1.8292265580593923,0.016,0.346,-0.011,1.941,-0.982,1.913
2024-05-16 00:30:00,x,1.95,0.6,0.55,1.7703069614262603,0.028,0.374,-0.019,1.725,-0.653,1.918
2024-05-16 00:30:00,x,1.95,0.6,0.6,1.7394853186220596,0.031,0.383,-0.024,1.624,-0.533,1.915
2024-05-16 00:30:00,x,1.95,0.6,0.65,1.723865964443504,0.033,0.386,-0.026,1.61,-0.498,1.925
2024-05-16 00:30:00,x,1.95,0.6,0.7,1.7178368674869255,0.037,0.386,-0.026,1.617,-0.5,1.942
2024-05-16 00:30:00,x,1.95,0.6,0.75,1.7165291896262191,0.043,0.385,-0.027,1.613,-0.505,1.936
2024-05-16 00:30:00,x,1.95,0.6,0.8,1.7248900028380365,0.04,0.383,-0.025,1.674,-0.551,2.034
2024-05-16 00:30:00,x,1.95,0.6,0.85,1.7281670358376995,0.04,0.381,-0.025,1.703,-0.582,2.112
2024-05-16 00:30:00,x,1.95,0.6,0.9,1.736268984260046,0.041,0.376,-0.025,1.78,-0.664,2.176
2024-05-16 00:30:00,x,1.95,0.6,0.95,1.7345438163285243,0.04,0.377,-0.025,1.766,-0.647,2.086
2024-05-16 00:30:00,x,2.0,0.6,0.0,2.2031906846594214,-0.048,0.213,0.019,2.792,-2.652,2.045
2024-05-16 00:30:00,x,2.0,0.6,0.05,2.2057401325094603,-0.048,0.212,0.018,2.801,-2.672,2.104
2024-05-16 00:30:00,x,2.0,0.6,0.1,2.2072949843223917,-0.048,0.211,0.018,2.81,-2.693,2.088
2024-05-16 00:30:00,x,2.0,0.6,0.15,2.2011785563833253,-0.046,0.211,0.017,2.81,-2.693,2.06
2024-05-16 00:30:00,x,2.0,0.6,0.2,2.163423781362247,-0.04,0.219,0.016,2.754,-2.566,1.959
2024-05-16 00:30:00,x,2.0,0.6,0.25,2.051873817076148,-0.021,0.252,0.009,2.55,-2.106,1.883
2024-05-16 00:30:00,x,2.0,0.6,0.3,2.0151207438462526,-0.016,0.265,0.007,2.474,-1.939,1.891
2024-05-16 00:30:00,x,2.0,0.6,0.35,1.9823752702968922,-0.009,0.277,0.004,2.407,-1.792,1.907
2024-05-16 00:30:00,x,2.0,0.6,0.4,1.9502577281761397,-0.003,0.29,0.001,2.337,-1.644,1.935
2024-05-16 00:30:00,x,2.0,0.6,0.45,1.8908456037304668,0.007,0.317,-0.006,2.169,-1.329,1.924
2024-05-16 00:30:00,x,2.0,0.6,0.5,1.830120122123792,0.018,0.346,-0.011,1.98,-0.996,1.908
2024-05-16 00:30:00,x,2.0,0.6,0.55,1.7712125471966245,0.029,0.372,-0.022,1.7,-0.661,1.911
2024-05-16 00:30:00,x,2.0,0.6,0.6,1.7480639251388312,0.035,0.378,-0.027,1.69,-0.607,1.906
2024-05-16 00:30:00,x,2.0,0.6,0.65,1.7336064810993235,0.042,0.38,-0.028,1.677,-0.58,1.914
2024-05-16 00:30:00,x,2.0,0.6,0.7,1.7269390083391842,0.045,0.381,-0.028,1.653,-0.559,1.92
2024-05-16 00:30:00,x,2.0,0.6,0.75,1.7225022982012685,0.047,0.382,-0.028,1.637,-0.541,1.921
2024-05-16 00:30:00,x,2.0,0.6,0.8,1.7256829960792368,0.048,0.381,-0.03,1.685,-0.575,1.953
2024-05-16 00:30:00,x,2.0,0.6,0.85,1.735463161462381,0.05,0.376,-0.031,1.778,-0.66,2.002
2024-05-16 00:30:00,x,2.0,0.6,0.9,1.7428193621983317,0.054,0.372,-0.033,1.829,-0.723,2.069
2024-05-16 00:30:00,x,2.0,0.6,0.95,1.7440425068807663,0.053,0.371,-0.033,1.835,-0.731,2.123
2024-05-16 00:30:00,x,2.05,0.6,0.0,2.193494704492479,-0.055,0.217,0.022,2.766,-2.591,2.046
2024-05-16 00:30:00,x,2.05,0.6,0.05,2.194392222751793,-0.054,0.217,0.021,2.77,-2.6,2.013
2024-05-16 00:30:00,x,2.05,0.6,0.1,2.1932081084944945,-0.054,0.217,0.021,2.769,-2.598,1.992
2024-05-16 00:30:00,x,2.05,0.6,0.15,2.1835943753217384,-0.051,0.217,0.02,2.767,-2.594,1.932
2024-05-16 00:30:00,x,2.05,0.6,0.2,2.149877754940601,-0.043,0.224,0.017,2.719,-2.484,1.908
2024-05-16 00:30:00,x,2.05,0.6,0.25,2.054632202921429,-0.027,0.251,0.012,2.555,-2.115,1.864
2024-05-16 00:30:00,x,2.05,0.6,0.3,2.008442604987486,-0.019,0.268,0.009,2.459,-1.904,1.856
2024-05-16 00:30:00,x,2.05,0.6,0.35,1.9798396276159438,-0.014,0.279,0.006,2.395,-1.768,1.894
2024-05-16 00:30:00,x,2.05,0.6,0.4,1.9447638854655542,-0.009,0.293,0.004,2.315,-1.599,1.925
2024-05-16 00:30:00,x,2.05,0.6,0.45,1.8836841427681639,0.008,0.319,-0.007,2.169,-1.304,1.919
2024-05-16 00:30:00,x,2.05,0.6,0.5,1.8340326538912362,0.015,0.345,-0.01,1.985,-1.007,1.921
2024-05-16 00:30:00,x,2.05,0.6,0.55,1.7693551676291375,0.032,0.371,-0.024,1.735,-0.689,1.902
2024-05-16 00:30:00,x,2.05,0.6,0.6,1.751979262656985,0.04,0.374,-0.029,1.724,-0.651,1.887
2024-05-16 00:30:00,x,2.05,0.6,0.65,1.7318867871358097,0.048,0.38,-0.031,1.68,-0.586,1.893
2024-05-16 00:30:00,x,2.05,0.6,0.7,1.7283618995992307,0.049,0.38,-0.03,1.667,-0.574,1.912
2024-05-16 00:30:00,x,2.05,0.6,0.75,1.7248736372171314,0.051,0.381,-0.03,1.661,-0.564,1.919
2024-05-16 00:30:00,x,2.05,0.6,0.8,1.7300794094423486,0.058,0.378,-0.034,1.708,-0.61,1.929
2024-05-16 00:30:00,x,2.05,0.6,0.85,1.7419233421368168,0.06,0.373,-0.036,1.804,-0.702,1.981
2024-05-16 00:30:00,x,2.05,0.6,0.9,1.750354088762708,0.066,0.367,-0.039,1.867,-0.778,2.035
2024-05-16 00:30:00,x,2.05,0.6,0.95,1.7515177463649176,0.07,0.366,-0.041,1.873,-0.786,2.088
2024-05-16 00:30:00,x,2.1,0.6,0.0,2.1937894506083198,-0.058,0.217,0.022,2.767,-2.594,1.944
2024-05-16 00:30:00,x,2.1,0.6,0.05,2.18707491724783,-0.058,0.219,0.022,2.754,-2.566,1.956
2024-05-16 00:30:00,x,2.1,0.6,0.1,2.1758421921467184,-0.056,0.222,0.022,2.736,-2.523,2.008
2024-05-16 00:30:00,x,2.1,0.6,0.15,2.158380587321681,-0.053,0.225,0.021,2.718,-2.482,1.972
2024-05-16 00:30:00,x,2.1,0.6,0.2,2.1465621131575565,-0.048,0.226,0.019,2.706,-2.455,1.906
2024-05-16 00:30:00,x,2.1,0.6,0.25,2.0589495954304695,-0.035,0.252,0.016,2.551,-2.108,1.873
2024-05-16 00:30:00,x,2.1,0.6,0.3,1.999021736456061,-0.024,0.273,0.012,2.431,-1.843,1.861
2024-05-16 00:30:00,x,2.1,0.6,0.35,1.9583153708457632,-0.015,0.289,0.008,2.34,-1.653,1.895
2024-05-16 00:30:00,x,2.1,0.6,0.4,1.9104696532429195,-0.005,0.309,0.002,2.228,-1.42,1.898
2024-05-16 00:30:00,x,2.1,0.6,0.45,1.8761196512188567,0.005,0.324,-0.004,2.144,-1.256,1.882
2024-05-16 00:30:00,x,2.1,0.6,0.5,1.8140343927419225,0.018,0.353,-0.014,1.868,-0.895,1.893
2024-05-16 00:30:00,x,2.1,0.6,0.55,1.762160702086182,0.032,0.375,-0.025,1.677,-0.629,1.874
2024-05-16 00:30:00,x,2.1,0.6,0.6,1.7513484007654327,0.04,0.375,-0.031,1.703,-0.637,1.862
2024-05-16 00:30:00,x,2.1,0.6,0.65,1.7326269294399739,0.051,0.378,-0.034,1.697,-0.61,1.875
2024-05-16 00:30:00,x,2.1,0.6,0.7,1.727646971282301,0.057,0.378,-0.034,1.687,-0.6,1.883
2024-05-16 00:30:00,x,2.1,0.6,0.75,1.727378569451489,0.059,0.378,-0.035,1.689,-0.601,1.877
2024-05-16 00:30:00,x,2.1,0.6,0.8,1.7367947549243608,0.07,0.374,-0.04,1.762,-0.673,1.955
2024-05-16 00:30:00,x,2.1,0.6,0.85,1.749210516538033,0.08,0.368,-0.045,1.845,-0.76,2.026
2024-05-16 00:30:00,x,2.1,0.6,0.9,1.7555166054850122,0.077,0.364,-0.045,1.888,-0.811,2.06
2024-05-16 00:30:00,x,2.1,0.6,0.95,1.7559662764668302,0.074,0.363,-0.044,1.893,-0.816,2.029
2024-05-16 00:30:00,x,2.15,0.6,0.0,2.1847113000452563,-0.062,0.221,0.024,2.743,-2.539,1.945
2024-05-16 00:30:00,x,2.15,0.6,0.05,2.176921415234659,-0.061,0.223,0.024,2.729,-2.509,2.05
2024-05-16 00:30:00,x,2.15,0.6,0.1,2.1660184195674996,-0.059,0.226,0.023,2.708,-2.46,2.011
2024-05-16 00:30:00,x,2.15,0.6,0.15,2.14689048345618,-0.055,0.229,0.022,2.689,-2.417,1.966
2024-05-16 00:30:00,x,2.15,0.6,0.2,2.137765420057342,-0.052,0.231,0.021,2.68,-2.396,1.964
2024-05-16 00:30:00,x,2.15,0.6,0.25,2.066895912154137,-0.039,0.25,0.017,2.56,-2.128,1.85
2024-05-16 00:30:00,x,2.15,0.6,0.3,1.99367866227681,-0.027,0.276,0.014,2.413,-1.809,1.849
2024-05-16 00:30:00,x,2.15,0.6,0.35,1.9459016787990915,-0.014,0.295,0.008,2.305,-1.58,1.852
2024-05-16 00:30:00,x,2.15,0.6,0.4,1.9125833752794834,-0.008,0.31,0.004,2.225,-1.417,1.868
2024-05-16 00:30:00,x,2.15,0.6,0.45,1.8759636577489327,0.002,0.325,-0.002,2.136,-1.242,1.866
2024-05-16 00:30:00,x,2.15,0.6,0.5,1.8176116389575478,0.017,0.353,-0.012,1.893,-0.911,1.873
2024-05-16 00:30:00,x,2.15,0.6,0.55,1.7692221932000818,0.032,0.374,-0.023,1.68,-0.641,1.851
2024-05-16 00:30:00,x,2.15,0.6,0.6,1.749960359903788,0.044,0.376,-0.033,1.707,-0.629,1.825
2024-05-16 00:30:00,x,2.15,0.6,0.65,1.7411437168477393,0.048,0.377,-0.034,1.688,-0.612,1.845
2024-05-16 00:30:00,x,2.15,0.6,0.7,1.7279152073383826,0.054,0.378,-0.035,1.696,-0.609,1.887
2024-05-16 00:30:00,x,2.15,0.6,0.75,1.7302734172178538,0.061,0.376,-0.037,1.728,-0.642,1.873
2024-05-16 00:30:00,x,2.15,0.6,0.8,1.7413249667588953,0.072,0.373,-0.04,1.79,-0.693,1.935
2024-05-16 00:30:00,x,2.15,0.6,0.85,1.748071682544576,0.076,0.369,-0.044,1.837,-0.749,1.979
2024-05-16 00:30:00,x,2.15,0.6,0.9,1.7565676501301433,0.078,0.363,-0.047,1.895,-0.82,2.003
2024-05-16 00:30:00,x,2.15,0.6,0.95,1.7593429464478045,0.076,0.362,-0.046,1.908,-0.838,1.968
2024-05-16 00:30:00,x,2.2,0.6,0.0,2.1764443416668233,-0.061,0.224,0.024,2.72,-2.489,1.952
2024-05-16 00:30:00,x,2.2,0.6,0.05,2.1730609170169286,-0.061,0.225,0.024,2.717,-2.482,1.973
2024-05-16 00:30:00,x,2.2,0.6,0.1,2.1670336212107935,-0.058,0.226,0.023,2.711,-2.468,1.937
2024-05-16 00:30:00,x,2.2,0.6,0.15,2.149049673957707,-0.054,0.228,0.022,2.693,-2.428,1.951
2024-05-16 00:30:00,x,2.2,0.6,0.2,2.131576964945025,-0.05,0.233,0.021,2.667,-2.368,1.921
2024-05-16 00:30:00,x,2.2,0.6,0.25,2.0630216962244536,-0.039,0.252,0.017,2.55,-2.106,1.869
2024-05-16 00:30:00,x,2.2,0.6,0.3,1.98161024075796,-0.021,0.282,0.01,2.382,-1.74,1.818
2024-05-16 00:30:00,x,2.2,0.6,0.35,1.94254376595368,-0.013,0.297,0.007,2.296,-1.558,1.84
2024-05-16 00:30:00,x,2.2,0.6,0.4,1.9151623066999448,-0.006,0.309,0.004,2.23,-1.426,1.835
2024-05-16 00:30:00,x,2.2,0.6,0.45,1.8756399370041683,0.003,0.326,-0.001,2.127,-1.228,1.845
2024-05-16 00:30:00,x,2.2,0.6,0.5,1.8245943847096755,0.017,0.349,-0.011,1.923,-0.948,1.859
2024-05-16 00:30:00,x,2.2,0.6,0.55,1.7734060880151397,0.034,0.372,-0.023,1.693,-0.664,1.839
2024-05-16 00:30:00,x,2.2,0.6,0.6,1.7557681737505497,0.046,0.374,-0.034,1.726,-0.656,1.81
2024-05-16 00:30:00,x,2.2,0.6,0.65,1.752317396505286,0.049,0.373,-0.035,1.736,-0.664,1.825
2024-05-16 00:30:00,x,2.2,0.6,0.7,1.7457148259804605,0.054,0.373,-0.036,1.748,-0.666,1.859
2024-05-16 00:30:00,x,2.2,0.6,0.75,1.7336305406246646,0.062,0.374,-0.038,1.759,-0.672,1.88
2024-05-16 00:30:00,x,2.2,0.6,0.8,1.7421907696990968,0.073,0.372,-0.042,1.777,-0.695,1.988
2024-05-16 00:30:00,x,2.2,0.6,0.85,1.7476681135979535,0.075,0.369,-0.044,1.811,-0.732,1.991
2024-05-16 00:30:00,x,2.2,0.6,0.9,1.7563165446749562,0.071,0.363,-0.045,1.895,-0.82,1.992
2024-05-16 00:30:00,x,2.2,0.6,0.95,1.757866512630654,0.069,0.362,-0.043,1.904,-0.831,1.985
2024-05-16 00:30:00,x,2.25,0.6,0.0,2.1751463652247196,-0.057,0.225,0.022,2.717,-2.481,1.934
2024-05-16 00:30:00,x,2.25,0.6,0.05,2.174129615025096,-0.057,0.225,0.022,2.72,-2.489,1.949
2024-05-16 00:30:00,x,2.25,0.6,0.1,2.167878305298055,-0.054,0.226,0.021,2.712,-2.47,1.972
2024-05-16 00:30:00,x,2.25,0.6,0.15,2.1508853279290325,-0.05,0.228,0.02,2.696,-2.434,1.968
2024-05-16 00:30:00,x,2.25,0.6,0.2,2.109895631443152,-0.045,0.239,0.019,2.631,-2.287,1.898
2024-05-16 00:30:00,x,2.25,0.6,0.25,2.0452760254937954,-0.033,0.259,0.015,2.51,-2.016,1.789
2024-05-16 00:30:00,x,2.25,0.6,0.3,1.9797804826742318,-0.019,0.282,0.009,2.38,-1.734,1.786
2024-05-16 00:30:00,x,2.25,0.6,0.35,1.9512792203218516,-0.014,0.293,0.007,2.317,-1.603,1.803
2024-05-16 00:30:00,x,2.25,0.6,0.4,1.9132308711135606,0.0,0.309,-0.001,2.229,-1.425,1.819
2024-05-16 00:30:00,x,2.25,0.6,0.45,1.8806878572577141,0.004,0.324,-0.003,2.142,-1.257,1.842
2024-05-16 00:30:00,x,2.25,0.6,0.5,1.8349227452225307,0.014,0.346,-0.009,1.95,-0.992,1.852
2024-05-16 00:30:00,x,2.25,0.6,0.55,1.7740714942563014,0.038,0.37,-0.026,1.725,-0.692,1.826
2024-05-16 00:30:00,x,2.25,0.6,0.6,1.7540653404326447,0.046,0.373,-0.034,1.745,-0.675,1.823
2024-05-16 00:30:00,x,2.25,0.6,0.65,1.7508399674058583,0.05,0.372,-0.036,1.76,-0.686,1.828
2024-05-16 00:30:00,x,2.25,0.6,0.7,1.7459877244331714,0.052,0.371,-0.037,1.766,-0.694,1.831
2024-05-16 00:30:00,x,2.25,0.6,0.75,1.7414982654861304,0.057,0.371,-0.038,1.779,-0.704,1.832
2024-05-16 00:30:00,x,2.25,0.6,0.8,1.7440425068807663,0.06,0.371,-0.037,1.789,-0.704,1.993
2024-05-16 00:30:00,x,2.25,0.6,0.85,1.7492337269818146,0.062,0.368,-0.039,1.836,-0.751,2.024
2024-05-16 00:30:00,x,2.25,0.6,0.9,1.7572745308255502,0.062,0.363,-0.039,1.899,-0.824,2.034
2024-05-16 00:30:00,x,2.25,0.6,0.95,1.7591539403250434,0.062,0.362,-0.039,1.91,-0.84,1.985
2024-05-16 00:30:00,x,2.3,0.6,0.0,2.1703174658377837,-0.052,0.227,0.021,2.703,-2.449,1.922
2024-05-16 00:30:00,x,2.3,0.6,0.05,2.167500467953262,-0.05,0.228,0.02,2.697,-2.435,1.946
2024-05-16 00:30:00,x,2.3,0.6,0.1,2.1650424198360754,-0.048,0.228,0.019,2.697,-2.435,1.929
2024-05-16 00:30:00,x,2.3,0.6,0.15,2.1507901999565835,-0.048,0.231,0.019,2.681,-2.4,1.912
2024-05-16 00:30:00,x,2.3,0.6,0.2,2.080482179068043,-0.042,0.252,0.02,2.553,-2.117,1.795
2024-05-16 00:30:00,x,2.3,0.6,0.25,2.0069663692529054,-0.026,0.275,0.013,2.415,-1.814,1.75
2024-05-16 00:30:00,x,2.3,0.6,0.3,1.9639860469753854,-0.016,0.291,0.008,2.33,-1.631,1.751
2024-05-16 00:30:00,x,2.3,0.6,0.35,1.9438801643289487,-0.01,0.298,0.005,2.292,-1.551,1.755
2024-05-16 00:30:00,x,2.3,0.6,0.4,1.915921941101033,-0.004,0.309,0.002,2.228,-1.421,1.782
2024-05-16 00:30:00,x,2.3,0.6,0.45,1.8986758271395394,0.002,0.316,-0.001,2.192,-1.35,1.799
2024-05-16 00:30:00,x,2.3,0.6,0.5,1.8474245789627257,0.013,0.338,-0.01,1.999,-1.082,1.814
2024-05-16 00:30:00,x,2.3,0.6,0.55,1.7696136125247872,0.036,0.369,-0.027,1.73,-0.7,1.826
2024-05-16 00:30:00,x,2.3,0.6,0.6,1.7585258494688767,0.044,0.369,-0.032,1.765,-0.711,1.816
2024-05-16 00:30:00,x,2.3,0.6,0.65,1.7506318002601196,0.05,0.37,-0.035,1.776,-0.712,1.817
2024-05-16 00:30:00,x,2.3,0.6,0.7,1.7460890430562002,0.052,0.37,-0.035,1.784,-0.715,1.82
2024-05-16 00:30:00,x,2.3,0.6,0.75,1.7456992266025058,0.054,0.37,-0.035,1.779,-0.712,1.807
2024-05-16 00:30:00,x,2.3,0.6,0.8,1.746509652196862,0.057,0.37,-0.036,1.811,-0.727,1.904
2024-05-16 00:30:00,x,2.3,0.6,0.85,1.7516100888672206,0.06,0.367,-0.038,1.852,-0.772,1.957
2024-05-16 00:30:00,x,2.3,0.6,0.9,1.760384782613092,0.058,0.361,-0.037,1.916,-0.848,1.997
2024-05-16 00:30:00,x,2.3,0.6,0.95,1.761416602950189,0.06,0.36,-0.038,1.921,-0.857,1.994
2024-05-16 00:30:00,x,2.35,0.6,0.0,2.1593024455571053,-0.041,0.232,0.017,2.672,-2.38,1.887
2024-05-16 00:30:00,x,2.35,0.6,0.05,2.1545913283671405,-0.041,0.233,0.017,2.665,-2.363,1.85
2024-05-16 00:30:00,x,2.35,0.6,0.1,2.14453684733759,-0.045,0.235,0.018,2.649,-2.326,1.838
2024-05-16 00:30:00,x,2.35,0.6,0.15,2.1273024545986754,-0.045,0.239,0.019,2.632,-2.288,1.773
2024-05-16 00:30:00,x,2.35,0.6,0.2,2.0765931164624862,-0.036,0.254,0.017,2.539,-2.083,1.737
2024-05-16 00:30:00,x,2.35,0.6,0.25,2.002917324431554,-0.02,0.278,0.011,2.402,-1.786,1.723
2024-05-16 00:30:00,x,2.35,0.6,0.3,1.9622888155976752,-0.013,0.292,0.008,2.322,-1.614,1.743
2024-05-16 00:30:00,x,2.35,0.6,0.35,1.9348719858117422,-0.007,0.302,0.004,2.265,-1.498,1.746
2024-05-16 00:30:00,x,2.35,0.6,0.4,1.916764423901449,-0.003,0.31,0.002,2.223,-1.413,1.755
2024-05-16 00:30:00,x,2.35,0.6,0.45,1.8883760898652473,0.006,0.322,-0.003,2.142,-1.27,1.759
2024-05-16 00:30:00,x,2.35,0.6,0.5,1.8406580255923264,0.016,0.343,-0.01,1.952,-1.024,1.788
2024-05-16 00:30:00,x,2.35,0.6,0.55,1.7854508510370606,0.034,0.363,-0.024,1.771,-0.771,1.792
2024-05-16 00:30:00,x,2.35,0.6,0.6,1.7573732505130693,0.045,0.369,-0.032,1.77,-0.719,1.791
2024-05-16 00:30:00,x,2.35,0.6,0.65,1.7527396939353281,0.051,0.367,-0.035,1.801,-0.743,1.787
2024-05-16 00:30:00,x,2.35,0.6,0.7,1.7474273458725755,0.052,0.369,-0.035,1.791,-0.723,1.801
2024-05-16 00:30:00,x,2.35,0.6,0.75,1.7463461303768628,0.053,0.37,-0.035,1.779,-0.713,1.803
2024-05-16 00:30:00,x,2.35,0.6,0.8,1.7448325814463548,0.057,0.37,-0.037,1.802,-0.723,1.839
2024-05-16 00:30:00,x,2.35,0.6,0.85,1.751886998625783,0.061,0.366,-0.038,1.855,-0.776,1.936
2024-05-16 00:30:00,x,2.35,0.6,0.9,1.7614843010327719,0.059,0.36,-0.037,1.921,-0.857,1.96
2024-05-16 00:30:00,x,2.35,0.6,0.95,1.7635702391473662,0.061,0.359,-0.039,1.931,-0.872,1.984
2024-05-16 00:30:00,x,2.4,0.6,0.0,2.1544817940387504,-0.027,0.234,0.011,2.66,-2.351,1.843
2024-05-16 00:30:00,x,2.4,0.6,0.05,2.147113385919671,-0.031,0.236,0.013,2.645,-2.318,1.854
2024-05-16 00:30:00,x,2.4,0.6,0.1,2.140712257979267,-0.03,0.238,0.013,2.633,-2.292,1.843
2024-05-16 00:30:00,x,2.4,0.6,0.15,2.1225435240687545,-0.027,0.242,0.012,2.614,-2.25,1.803
2024-05-16 00:30:00,x,2.4,0.6,0.2,2.091142674642305,-0.026,0.251,0.012,2.559,-2.126,1.737
2024-05-16 00:30:00,x,2.4,0.6,0.25,2.0092723819309053,-0.015,0.276,0.008,2.413,-1.811,1.703
2024-05-16 00:30:00,x,2.4,0.6,0.3,1.9600376942219335,-0.009,0.293,0.006,2.317,-1.603,1.731
2024-05-16 00:30:00,x,2.4,0.6,0.35,1.9313968414153861,-0.005,0.306,0.003,2.243,-1.462,1.73
2024-05-16 00:30:00,x,2.4,0.6,0.4,1.9007166087191079,0.004,0.319,-0.001,2.156,-1.311,1.739
2024-05-16 00:30:00,x,2.4,0.6,0.45,1.8761023213777936,0.011,0.329,-0.005,2.095,-1.198,1.752
2024-05-16 00:30:00,x,2.4,0.6,0.5,1.8331343571151542,0.016,0.347,-0.01,1.889,-0.963,1.777
2024-05-16 00:30:00,x,2.4,0.6,0.55,1.784781280930692,0.034,0.364,-0.023,1.755,-0.76,1.77
2024-05-16 00:30:00,x,2.4,0.6,0.6,1.7641238046016172,0.046,0.369,-0.031,1.746,-0.711,1.761
2024-05-16 00:30:00,x,2.4,0.6,0.65,1.756293709705303,0.052,0.367,-0.035,1.792,-0.738,1.761
2024-05-16 00:30:00,x,2.4,0.6,0.7,1.7499912535021296,0.053,0.368,-0.035,1.795,-0.733,1.776
2024-05-16 00:30:00,x,2.4,0.6,0.75,1.7482423104237954,0.054,0.369,-0.035,1.781,-0.72,1.775
2024-05-16 00:30:00,x,2.4,0.6,0.8,1.7472719409893946,0.064,0.369,-0.04,1.797,-0.727,1.803
2024-05-16 00:30:00,x,2.4,0.6,0.85,1.7591236917105855,0.064,0.362,-0.039,1.91,-0.841,1.905
2024-05-16 00:30:00,x,2.4,0.6,0.9,1.762055553310996,0.062,0.36,-0.038,1.924,-0.861,1.925
2024-05-16 00:30:00,x,2.4,0.6,0.95,1.7649304466902818,0.059,0.358,-0.036,1.938,-0.882,1.916
2024-05-16 00:30:00,x,2.45,0.6,0.0,2.1529179206688456,-0.017,0.235,0.008,2.657,-2.347,1.835
2024-05-16 00:30:00,x,2.45,0.6,0.05,2.1481706130773874,-0.016,0.236,0.007,2.647,-2.324,1.827
2024-05-16 00:30:00,x,2.45,0.6,0.1,2.135920983302978,-0.012,0.24,0.006,2.625,-2.273,1.822
2024-05-16 00:30:00,x,2.45,0.6,0.15,2.120524576755896,-0.012,0.243,0.006,2.606,-2.23,1.789
2024-05-16 00:30:00,x,2.45,0.6,0.2,2.101558059747219,-0.009,0.247,0.005,2.58,-2.173,1.732
2024-05-16 00:30:00,x,2.45,0.6,0.25,2.0329852184238044,-0.007,0.267,0.003,2.462,-1.914,1.682
2024-05-16 00:30:00,x,2.45,0.6,0.3,1.9494388010365042,0.001,0.299,0.001,2.277,-1.536,1.692
2024-05-16 00:30:00,x,2.45,0.6,0.35,1.9139515336857549,0.008,0.315,-0.003,2.187,-1.365,1.708
2024-05-16 00:30:00,x,2.45,0.6,0.4,1.8804934678653782,0.014,0.328,-0.007,2.092,-1.199,1.732
2024-05-16 00:30:00,x,2.45,0.6,0.45,1.8628883483464382,0.017,0.335,-0.01,2.054,-1.126,1.751
2024-05-16 00:30:00,x,2.45,0.6,0.5,1.8264700252521189,0.024,0.349,-0.016,1.837,-0.921,1.76
2024-05-16 00:30:00,x,2.45,0.6,0.55,1.7829596780941928,0.037,0.365,-0.026,1.738,-0.738,1.755
2024-05-16 00:30:00,x,2.45,0.6,0.6,1.7698350143760162,0.045,0.367,-0.032,1.764,-0.728,1.741
2024-05-16 00:30:00,x,2.45,0.6,0.65,1.7641985566555562,0.05,0.367,-0.035,1.777,-0.738,1.734
2024-05-16 00:30:00,x,2.45,0.6,0.7,1.7573732505130693,0.054,0.367,-0.036,1.792,-0.743,1.751
2024-05-16 00:30:00,x,2.45,0.6,0.75,1.7483043403083025,0.055,0.368,-0.035,1.784,-0.724,1.775
2024-05-16 00:30:00,x,2.45,0.6,0.8,1.7529238405683416,0.064,0.366,-0.037,1.857,-0.78,1.815
2024-05-16 00:30:00,x,2.45,0.6,0.85,1.7555471063704187,0.063,0.364,-0.036,1.888,-0.813,1.862
2024-05-16 00:30:00,x,2.45,0.6,0.9,1.7598037764696663,0.059,0.361,-0.034,1.916,-0.848,1.877
2024-05-16 00:30:00,x,2.45,0.6,0.95,1.7627085657641242,0.059,0.359,-0.035,1.93,-0.87,1.869
2024-05-16 00:30:00,x,2.5,0.6,0.0,2.148173700614272,0.002,0.237,-0.0,2.644,-2.316,1.814
2024-05-16 00:30:00,x,2.5,0.6,0.05,2.140482902253669,0.004,0.239,-0.001,2.63,-2.284,1.813
2024-05-16 00:30:00,x,2.5,0.6,0.1,2.1346869925568535,0.004,0.24,-0.001,2.623,-2.269,1.807
2024-05-16 00:30:00,x,2.5,0.6,0.15,2.118542479875194,0.002,0.244,0.0,2.602,-2.223,1.79
2024-05-16 00:30:00,x,2.5,0.6,0.2,2.099000012553136,0.001,0.248,0.0,2.576,-2.164,1.709
2024-05-16 00:30:00,x,2.5,0.6,0.25,2.02523211088286,0.011,0.27,-0.005,2.447,-1.881,1.665
2024-05-16 00:30:00,x,2.5,0.6,0.3,1.9415809936851158,0.016,0.303,-0.008,2.26,-1.494,1.676
2024-05-16 00:30:00,x,2.5,0.6,0.35,1.9128117012033732,0.019,0.315,-0.011,2.191,-1.358,1.69
2024-05-16 00:30:00,x,2.5,0.6,0.4,1.88827499449358,0.019,0.325,-0.011,2.131,-1.246,1.721
2024-05-16 00:30:00,x,2.5,0.6,0.45,1.862941941791549,0.021,0.336,-0.012,2.042,-1.111,1.755
2024-05-16 00:30:00,x,2.5,0.6,0.5,1.8208973496936642,0.03,0.351,-0.021,1.835,-0.904,1.75
2024-05-16 00:30:00,x,2.5,0.6,0.55,1.7813819362417396,0.042,0.363,-0.031,1.785,-0.77,1.737
2024-05-16 00:30:00,x,2.5,0.6,0.6,1.7715874808812553,0.046,0.365,-0.033,1.785,-0.751,1.731
2024-05-16 00:30:00,x,2.5,0.6,0.65,1.7647438572058547,0.049,0.366,-0.034,1.789,-0.746,1.733
2024-05-16 00:30:00,x,2.5,0.6,0.7,1.755371697019029,0.054,0.367,-0.036,1.789,-0.736,1.733
2024-05-16 00:30:00,x,2.5,0.6,0.75,1.746579714133383,0.056,0.369,-0.036,1.79,-0.721,1.756
2024-05-16 00:30:00,x,2.5,0.6,0.8,1.753253574809567,0.065,0.365,-0.038,1.873,-0.791,1.795
2024-05-16 00:30:00,x,2.5,0.6,0.85,1.7550588349647167,0.065,0.364,-0.037,1.886,-0.808,1.838
2024-05-16 00:30:00,x,2.5,0.6,0.9,1.7596225246399968,0.06,0.361,-0.035,1.917,-0.848,1.856
2024-05-16 00:30:00,x,2.5,0.6,0.95,1.7609273587746053,0.061,0.36,-0.035,1.923,-0.858,1.867
2024-05-16 00:30:00,x,2.55,0.6,0.0,2.1462241902396544,0.015,0.238,-0.006,2.638,-2.304,1.805
2024-05-16 00:30:00,x,2.55,0.6,0.05,2.1397500377100247,0.014,0.24,-0.006,2.625,-2.274,1.818
2024-05-16 00:30:00,x,2.55,0.6,0.1,2.1285446554787146,0.018,0.242,-0.008,2.609,-2.239,1.812
2024-05-16 00:30:00,x,2.55,0.6,0.15,2.119869276375673,0.016,0.243,-0.007,2.605,-2.23,1.764
2024-05-16 00:30:00,x,2.55,0.6,0.2,2.0915966208100576,0.014,0.251,-0.006,2.56,-2.129,1.704
2024-05-16 00:30:00,x,2.55,0.6,0.25,1.9979889102909665,0.022,0.281,-0.011,2.389,-1.759,1.643
2024-05-16 00:30:00,x,2.55,0.6,0.3,1.9440728601971144,0.024,0.302,-0.013,2.266,-1.51,1.65
2024-05-16 00:30:00,x,2.55,0.6,0.35,1.9229588869061107,0.028,0.31,-0.016,2.22,-1.419,1.678
2024-05-16 00:30:00,x,2.55,0.6,0.4,1.9012239462111493,0.029,0.319,-0.018,2.17,-1.319,1.699
2024-05-16 00:30:00,x,2.55,0.6,0.45,1.8743658357300488,0.031,0.33,-0.019,2.104,-1.192,1.712
2024-05-16 00:30:00,x,2.55,0.6,0.5,1.8103467909813777,0.039,0.356,-0.027,1.82,-0.849,1.721
2024-05-16 00:30:00,x,2.55,0.6,0.55,1.7748452995958517,0.044,0.367,-0.032,1.767,-0.736,1.734
2024-05-16 00:30:00,x,2.55,0.6,0.6,1.766040860381389,0.046,0.368,-0.033,1.769,-0.722,1.737
2024-05-16 00:30:00,x,2.55,0.6,0.65,1.7579423494097777,0.05,0.37,-0.034,1.763,-0.702,1.737
2024-05-16 00:30:00,x,2.55,0.6,0.7,1.7509093342871829,0.052,0.371,-0.034,1.769,-0.7,1.738
2024-05-16 00:30:00,x,2.55,0.6,0.75,1.7449029144350217,0.06,0.371,-0.037,1.806,-0.716,1.72
2024-05-16 00:30:00,x,2.55,0.6,0.8,1.7476681135979535,0.063,0.369,-0.037,1.84,-0.747,1.775
2024-05-16 00:30:00,x,2.55,0.6,0.85,1.753728565293657,0.066,0.365,-0.037,1.88,-0.799,1.842
2024-05-16 00:30:00,x,2.55,0.6,0.9,1.7587983859770016,0.062,0.362,-0.035,1.913,-0.842,1.886
2024-05-16 00:30:00,x,2.55,0.6,0.95,1.7594487539581887,0.06,0.361,-0.033,1.919,-0.85,1.898
2024-05-16 00:30:00,x,2.6,0.6,0.0,2.1385742447128924,0.028,0.241,-0.012,2.617,-2.255,1.815
2024-05-16 00:30:00,x,2.6,0.6,0.05,2.1368505190533194,0.022,0.241,-0.01,2.615,-2.252,1.829
2024-05-16 00:30:00,x,2.6,0.6,0.1,2.1294288504612915,0.02,0.243,-0.009,2.603,-2.224,1.788
2024-05-16 00:30:00,x,2.6,0.6,0.15,2.120590381442851,0.017,0.245,-0.007,2.595,-2.208,1.757
2024-05-16 00:30:00,x,2.6,0.6,0.2,2.077814689792425,0.017,0.255,-0.008,2.533,-2.07,1.627
2024-05-16 00:30:00,x,2.6,0.6,0.25,1.9967348911761504,0.026,0.281,-0.014,2.387,-1.753,1.611
2024-05-16 00:30:00,x,2.6,0.6,0.3,1.9638444707578353,0.026,0.294,-0.014,2.313,-1.601,1.627
2024-05-16 00:30:00,x,2.6,0.6,0.35,1.9250025076809776,0.028,0.31,-0.016,2.22,-1.42,1.671
2024-05-16 00:30:00,x,2.6,0.6,0.4,1.9039902143786478,0.03,0.319,-0.018,2.169,-1.323,1.703
2024-05-16 00:30:00,x,2.6,0.6,0.45,1.8704916917864653,0.033,0.333,-0.02,2.066,-1.154,1.711
2024-05-16 00:30:00,x,2.6,0.6,0.5,1.8119568562460184,0.035,0.358,-0.024,1.868,-0.849,1.713
2024-05-16 00:30:00,x,2.6,0.6,0.55,1.7725270677138996,0.043,0.371,-0.03,1.714,-0.682,1.723
2024-05-16 00:30:00,x,2.6,0.6,0.6,1.7633081716607002,0.046,0.372,-0.032,1.743,-0.678,1.725
2024-05-16 00:30:00,x,2.6,0.6,0.65,1.7527703904636065,0.047,0.374,-0.032,1.734,-0.656,1.731
2024-05-16 00:30:00,x,2.6,0.6,0.7,1.7460890430562002,0.052,0.372,-0.034,1.794,-0.7,1.716
2024-05-16 00:30:00,x,2.6,0.6,0.75,1.739880750125781,0.055,0.374,-0.034,1.794,-0.687,1.722
2024-05-16 00:30:00,x,2.6,0.6,0.8,1.738122278054859,0.058,0.375,-0.032,1.786,-0.674,1.773
2024-05-16 00:30:00,x,2.6,0.6,0.85,1.7435097647284297,0.061,0.371,-0.032,1.823,-0.72,1.841
2024-05-16 00:30:00,x,2.6,0.6,0.9,1.7538663685079399,0.059,0.365,-0.032,1.893,-0.81,1.872
2024-05-16 00:30:00,x,2.6,0.6,0.95,1.7545547294595485,0.058,0.364,-0.03,1.898,-0.817,1.876
2024-05-16 00:30:00,x,2.65,0.6,0.0,2.131913653450843,0.029,0.244,-0.013,2.599,-2.216,1.812
2024-05-16 00:30:00,x,2.65,0.6,0.05,2.131516012459053,0.026,0.244,-0.012,2.598,-2.215,1.848
2024-05-16 00:30:00,x,2.65,0.6,0.1,2.1263749596462924,0.018,0.244,-0.008,2.596,-2.21,1.82
2024-05-16 00:30:00,x,2.65,0.6,0.15,2.1132044234199374,0.015,0.246,-0.007,2.587,-2.19,1.759
2024-05-16 00:30:00,x,2.65,0.6,0.2,2.083104692637008,0.016,0.254,-0.007,2.542,-2.09,1.719
2024-05-16 00:30:00,x,2.65,0.6,0.25,2.000932730809382,0.026,0.28,-0.013,2.394,-1.768,1.596
2024-05-16 00:30:00,x,2.65,0.6,0.3,1.9799624413792862,0.027,0.288,-0.015,2.349,-1.674,1.598
2024-05-16 00:30:00,x,2.65,0.6,0.35,1.9375128770405639,0.029,0.305,-0.016,2.25,-1.478,1.64
2024-05-16 00:30:00,x,2.65,0.6,0.4,1.8869191680617257,0.03,0.326,-0.018,2.123,-1.239,1.691
2024-05-16 00:30:00,x,2.65,0.6,0.45,1.8438056438986064,0.033,0.344,-0.021,2.004,-1.029,1.718
2024-05-16 00:30:00,x,2.65,0.6,0.5,1.813193887069551,0.035,0.357,-0.024,1.887,-0.871,1.728
2024-05-16 00:30:00,x,2.65,0.6,0.55,1.7811232137229425,0.038,0.37,-0.027,1.73,-0.694,1.725
2024-05-16 00:30:00,x,2.65,0.6,0.6,1.7627160659494623,0.044,0.374,-0.03,1.72,-0.653,1.719
2024-05-16 00:30:00,x,2.65,0.6,0.65,1.7496358443706141,0.049,0.374,-0.032,1.772,-0.676,1.725
2024-05-16 00:30:00,x,2.65,0.6,0.7,1.7339752474331342,0.051,0.378,-0.031,1.72,-0.615,1.737
2024-05-16 00:30:00,x,2.65,0.6,0.75,1.7316532196958958,0.051,0.379,-0.031,1.739,-0.619,1.731
2024-05-16 00:30:00,x,2.65,0.6,0.8,1.7300713239039374,0.054,0.38,-0.029,1.748,-0.618,1.752
2024-05-16 00:30:00,x,2.65,0.6,0.85,1.737915864323833,0.058,0.375,-0.028,1.808,-0.69,1.827
2024-05-16 00:30:00,x,2.65,0.6,0.9,1.746922076548385,0.06,0.369,-0.031,1.859,-0.761,1.854
2024-05-16 00:30:00,x,2.65,0.6,0.95,1.7494116325186417,0.058,0.367,-0.03,1.872,-0.78,1.888
2024-05-16 00:30:00,x,2.7,0.6,0.0,2.129138619942959,0.026,0.246,-0.012,2.592,-2.201,1.793
2024-05-16 00:30:00,x,2.7,0.6,0.05,2.1264690966303195,0.024,0.245,-0.011,2.593,-2.202,1.793
2024-05-16 00:30:00,x,2.7,0.6,0.1,2.121855182166855,0.022,0.246,-0.01,2.59,-2.197,1.796
2024-05-16 00:30:00,x,2.7,0.6,0.15,2.1124675872529437,0.02,0.247,-0.009,2.583,-2.181,1.813
2024-05-16 00:30:00,x,2.7,0.6,0.2,2.078724997269078,0.019,0.255,-0.009,2.533,-2.074,1.736
2024-05-16 00:30:00,x,2.7,0.6,0.25,2.0020969148420753,0.024,0.28,-0.013,2.394,-1.769,1.581
2024-05-16 00:30:00,x,2.7,0.6,0.3,1.9784224853493317,0.025,0.288,-0.013,2.346,-1.666,1.569
2024-05-16 00:30:00,x,2.7,0.6,0.35,1.9225126690292456,0.025,0.311,-0.014,2.214,-1.403,1.605
2024-05-16 00:30:00,x,2.7,0.6,0.4,1.8681152053272172,0.031,0.332,-0.02,2.087,-1.165,1.677
2024-05-16 00:30:00,x,2.7,0.6,0.45,1.8418535590898675,0.034,0.344,-0.022,2.018,-1.039,1.71
2024-05-16 00:30:00,x,2.7,0.6,0.5,1.8203656850432421,0.035,0.353,-0.024,1.926,-0.92,1.719
2024-05-16 00:30:00,x,2.7,0.6,0.55,1.7890233861391522,0.037,0.367,-0.026,1.799,-0.747,1.721
2024-05-16 00:30:00,x,2.7,0.6,0.6,1.7554250899740613,0.046,0.376,-0.031,1.732,-0.64,1.712
2024-05-16 00:30:00,x,2.7,0.6,0.65,1.7363885334974443,0.049,0.38,-0.029,1.707,-0.592,1.717
2024-05-16 00:30:00,x,2.7,0.6,0.7,1.7291404814855245,0.052,0.381,-0.03,1.699,-0.581,1.715
2024-05-16 00:30:00,x,2.7,0.6,0.75,1.7268982857232436,0.056,0.382,-0.031,1.706,-0.584,1.702
2024-05-16 00:30:00,x,2.7,0.6,0.8,1.7266783175900153,0.058,0.381,-0.029,1.722,-0.593,1.725
2024-05-16 00:30:00,x,2.7,0.6,0.85,1.7323374587409062,0.061,0.378,-0.03,1.759,-0.641,1.828
2024-05-16 00:30:00,x,2.7,0.6,0.9,1.739999309401968,0.058,0.373,-0.028,1.812,-0.7,1.918
2024-05-16 00:30:00,x,2.7,0.6,0.95,1.7472641692853081,0.06,0.369,-0.03,1.853,-0.757,1.899
2024-05-16 00:30:00,x,2.75,0.6,0.0,2.1199022296488184,0.022,0.25,-0.011,2.567,-2.144,1.79
2024-05-16 00:30:00,x,2.75,0.6,0.05,2.1242759320063374,0.021,0.247,-0.01,2.58,-2.175,1.743
2024-05-16 00:30:00,x,2.75,0.6,0.1,2.122074914547499,0.019,0.247,-0.009,2.583,-2.181,1.724
2024-05-16 00:30:00,x,2.75,0.6,0.15,2.112346894951285,0.018,0.248,-0.008,2.576,-2.166,1.762
2024-05-16 00:30:00,x,2.75,0.6,0.2,2.089912173080879,0.017,0.253,-0.008,2.547,-2.102,1.725
2024-05-16 00:30:00,x,2.75,0.6,0.25,2.0049530062094716,0.02,0.28,-0.011,2.395,-1.771,1.644
2024-05-16 00:30:00,x,2.75,0.6,0.3,1.9492094197132253,0.02,0.301,-0.011,2.274,-1.517,1.579
2024-05-16 00:30:00,x,2.75,0.6,0.35,1.912413380372957,0.02,0.316,-0.012,2.183,-1.34,1.609
2024-05-16 00:30:00,x,2.75,0.6,0.4,1.8698826733605713,0.025,0.333,-0.015,2.086,-1.153,1.673
2024-05-16 00:30:00,x,2.75,0.6,0.45,1.8412593333822638,0.029,0.345,-0.019,2.008,-1.021,1.698
2024-05-16 00:30:00,x,2.75,0.6,0.5,1.8169832762228597,0.031,0.357,-0.021,1.911,-0.88,1.712
2024-05-16 00:30:00,x,2.75,0.6,0.55,1.7945995686426812,0.034,0.366,-0.024,1.817,-0.76,1.715
2024-05-16 00:30:00,x,2.75,0.6,0.6,1.7443712273318606,0.044,0.382,-0.026,1.65,-0.553,1.718
2024-05-16 00:30:00,x,2.75,0.6,0.65,1.7305804190595002,0.049,0.384,-0.029,1.667,-0.54,1.713
2024-05-16 00:30:00,x,2.75,0.6,0.7,1.7252825928406903,0.054,0.383,-0.029,1.686,-0.558,1.706
2024-05-16 00:30:00,x,2.75,0.6,0.75,1.7201758476425222,0.057,0.384,-0.028,1.667,-0.542,1.714
2024-05-16 00:30:00,x,2.75,0.6,0.8,1.7241037565550095,0.06,0.381,-0.028,1.723,-0.599,1.794
2024-05-16 00:30:00,x,2.75,0.6,0.85,1.7278583226234523,0.066,0.378,-0.03,1.748,-0.631,1.853
2024-05-16 00:30:00,x,2.75,0.6,0.9,1.7378285058957847,0.062,0.375,-0.029,1.79,-0.68,1.851
2024-05-16 00:30:00,x,2.75,0.6,0.95,1.74211999607462,0.06,0.372,-0.028,1.822,-0.716,1.827
2024-05-16 00:30:00,x,2.8,0.6,0.0,2.109443547064349,0.017,0.254,-0.009,2.539,-2.081,1.783
2024-05-16 00:30:00,x,2.8,0.6,0.05,2.1087408706280697,0.013,0.254,-0.007,2.54,-2.084,1.784
2024-05-16 00:30:00,x,2.8,0.6,0.1,2.108957199878533,0.011,0.253,-0.006,2.546,-2.099,1.754
2024-05-16 00:30:00,x,2.8,0.6,0.15,2.101740202143869,0.011,0.253,-0.005,2.543,-2.091,1.743
2024-05-16 00:30:00,x,2.8,0.6,0.2,2.080334213737206,0.012,0.258,-0.006,2.518,-2.036,1.769
2024-05-16 00:30:00,x,2.8,0.6,0.25,1.9904631748805977,0.013,0.287,-0.007,2.353,-1.679,1.636
2024-05-16 00:30:00,x,2.8,0.6,0.3,1.9334569165432696,0.014,0.308,-0.008,2.232,-1.43,1.615
2024-05-16 00:30:00,x,2.8,0.6,0.35,1.9041147976239756,0.015,0.321,-0.009,2.163,-1.293,1.644
2024-05-16 00:30:00,x,2.8,0.6,0.4,1.8685503996391066,0.018,0.336,-0.011,2.072,-1.125,1.658
2024-05-16 00:30:00,x,2.8,0.6,0.45,1.8341471964524771,0.024,0.349,-0.016,1.984,-0.974,1.695
2024-05-16 00:30:00,x,2.8,0.6,0.5,1.8074200127438413,0.028,0.362,-0.018,1.87,-0.821,1.707
2024-05-16 00:30:00,x,2.8,0.6,0.55,1.7649602935697948,0.035,0.379,-0.022,1.685,-0.592,1.708
2024-05-16 00:30:00,x,2.8,0.6,0.6,1.7410175853242729,0.042,0.387,-0.023,1.61,-0.497,1.698
2024-05-16 00:30:00,x,2.8,0.6,0.65,1.7263930077927634,0.046,0.39,-0.024,1.589,-0.463,1.704
2024-05-16 00:30:00,x,2.8,0.6,0.7,1.721093066030189,0.052,0.388,-0.025,1.602,-0.477,1.693
2024-05-16 00:30:00,x,2.8,0.6,0.75,1.7180946065596663,0.059,0.385,-0.028,1.661,-0.533,1.704
2024-05-16 00:30:00,x,2.8,0.6,0.8,1.722469385884031,0.066,0.381,-0.028,1.709,-0.589,1.755
2024-05-16 00:30:00,x,2.8,0.6,0.85,1.7233160842704993,0.065,0.38,-0.027,1.714,-0.596,1.817
2024-05-16 00:30:00,x,2.8,0.6,0.9,1.7347518385968204,0.064,0.377,-0.027,1.752,-0.644,1.867
2024-05-16 00:30:00,x,2.8,0.6,0.95,1.736268984260046,0.062,0.376,-0.026,1.77,-0.661,1.87
2024-05-16 00:30:00,x,2.85,0.6,0.0,2.099942933752394,0.01,0.259,-0.005,2.511,-2.021,1.785
2024-05-16 00:30:00,x,2.85,0.6,0.05,2.1001223059099448,0.008,0.258,-0.004,2.513,-2.025,1.783
2024-05-16 00:30:00,x,2.85,0.6,0.1,2.094960002436666,0.006,0.26,-0.003,2.505,-2.008,1.807
2024-05-16 00:30:00,x,2.85,0.6,0.15,2.084186489084969,0.004,0.261,-0.002,2.497,-1.992,1.759
2024-05-16 00:30:00,x,2.85,0.6,0.2,2.0583121211083863,0.004,0.266,-0.002,2.469,-1.928,1.715
2024-05-16 00:30:00,x,2.85,0.6,0.25,1.9838562264354591,0.005,0.29,-0.003,2.334,-1.639,1.62
2024-05-16 00:30:00,x,2.85,0.6,0.3,1.9281499555915225,0.01,0.31,-0.006,2.219,-1.403,1.626
2024-05-16 00:30:00,x,2.85,0.6,0.35,1.9005582854095375,0.012,0.323,-0.007,2.151,-1.271,1.641
2024-05-16 00:30:00,x,2.85,0.6,0.4,1.8681387404966752,0.014,0.336,-0.009,2.066,-1.118,1.653
2024-05-16 00:30:00,x,2.85,0.6,0.45,1.841015152493763,0.02,0.347,-0.013,1.997,-0.997,1.673
2024-05-16 00:30:00,x,2.85,0.6,0.5,1.7954420277224432,0.028,0.367,-0.019,1.822,-0.755,1.702
2024-05-16 00:30:00,x,2.85,0.6,0.55,1.7645198439539167,0.032,0.378,-0.022,1.672,-0.595,1.706
2024-05-16 00:30:00,x,2.85,0.6,0.6,1.7350397050337207,0.041,0.389,-0.022,1.536,-0.439,1.695
2024-05-16 00:30:00,x,2.85,0.6,0.65,1.7280939393797754,0.043,0.39,-0.022,1.538,-0.434,1.689
2024-05-16 00:30:00,x,2.85,0.6,0.7,1.7194887316311005,0.046,0.389,-0.023,1.617,-0.482,1.695
2024-05-16 00:30:00,x,2.85,0.6,0.75,1.7146901249178608,0.056,0.387,-0.024,1.653,-0.512,1.7
2024-05-16 00:30:00,x,2.85,0.6,0.8,1.7198531212942414,0.063,0.383,-0.023,1.671,-0.55,1.734
2024-05-16 00:30:00,x,2.85,0.6,0.85,1.7227079436938761,0.066,0.381,-0.023,1.698,-0.581,1.859
2024-05-16 00:30:00,x,2.85,0.6,0.9,1.731024379815688,0.067,0.379,-0.023,1.72,-0.611,1.904
2024-05-16 00:30:00,x,2.85,0.6,0.95,1.731701554300969,0.062,0.379,-0.022,1.721,-0.611,1.859
2024-05-16 00:30:00,x,2.9,0.6,0.0,2.08250891312771,0.005,0.268,-0.003,2.46,-1.911,1.788
2024-05-16 00:30:00,x,2.9,0.6,0.05,2.081412123039221,0.002,0.267,-0.001,2.463,-1.917,1.756
2024-05-16 00:30:00,x,2.9,0.6,0.1,2.069168407895126,0.003,0.271,-0.002,2.444,-1.876,1.773
2024-05-16 00:30:00,x,2.9,0.6,0.15,2.0544636683312034,0.001,0.274,-0.001,2.423,-1.831,1.71
2024-05-16 00:30:00,x,2.9,0.6,0.2,2.0384810700823266,-0.001,0.275,0.001,2.42,-1.822,1.675
2024-05-16 00:30:00,x,2.9,0.6,0.25,1.9865836485103077,-0.002,0.29,0.001,2.338,-1.649,1.603
2024-05-16 00:30:00,x,2.9,0.6,0.3,1.9435785966752241,0.004,0.305,-0.002,2.253,-1.472,1.629
2024-05-16 00:30:00,x,2.9,0.6,0.35,1.9002687866969068,0.009,0.323,-0.005,2.148,-1.266,1.642
2024-05-16 00:30:00,x,2.9,0.6,0.4,1.8622566385020716,0.012,0.339,-0.008,2.047,-1.086,1.649
2024-05-16 00:30:00,x,2.9,0.6,0.45,1.8286792267200476,0.015,0.354,-0.01,1.94,-0.914,1.653
2024-05-16 00:30:00,x,2.9,0.6,0.5,1.7910095568335302,0.023,0.369,-0.016,1.756,-0.71,1.696
2024-05-16 00:30:00,x,2.9,0.6,0.55,1.763637602376833,0.031,0.378,-0.021,1.671,-0.595,1.7
2024-05-16 00:30:00,x,2.9,0.6,0.6,1.739857034386149,0.039,0.386,-0.021,1.597,-0.5,1.68
2024-05-16 00:30:00,x,2.9,0.6,0.65,1.7245953272636854,0.042,0.388,-0.02,1.609,-0.487,1.668
2024-05-16 00:30:00,x,2.9,0.6,0.7,1.7155855518931962,0.044,0.389,-0.02,1.629,-0.488,1.678
2024-05-16 00:30:00,x,2.9,0.6,0.75,1.714078164981856,0.044,0.388,-0.019,1.648,-0.503,1.695
2024-05-16 00:30:00,x,2.9,0.6,0.8,1.7161619991736512,0.054,0.386,-0.018,1.645,-0.517,1.723
2024-05-16 00:30:00,x,2.9,0.6,0.85,1.7229545898169885,0.059,0.382,-0.018,1.663,-0.556,1.792
2024-05-16 00:30:00,x,2.9,0.6,0.9,1.7318867871358097,0.062,0.379,-0.019,1.697,-0.6,1.84
2024-05-16 00:30:00,x,2.9,0.6,0.95,1.7332775339325817,0.059,0.378,-0.019,1.713,-0.614,1.826
2024-05-16 00:30:00,x,2.95,0.6,0.0,2.0626271033889645,-0.004,0.278,0.002,2.403,-1.788,1.777
2024-05-16 00:30:00,x,2.95,0.6,0.05,2.0575520010545327,-0.005,0.28,0.002,2.393,-1.768,1.803
2024-05-16 00:30:00,x,2.95,0.6,0.1,2.0544100299703656,-0.005,0.279,0.003,2.394,-1.769,1.768
2024-05-16 00:30:00,x,2.95,0.6,0.15,2.043444805782269,-0.004,0.28,0.002,2.393,-1.762,1.733
2024-05-16 00:30:00,x,2.95,0.6,0.2,2.022993040440555,-0.007,0.282,0.004,2.378,-1.73,1.665
2024-05-16 00:30:00,x,2.95,0.6,0.25,2.0020753041733457,-0.007,0.285,0.004,2.363,-1.701,1.596
2024-05-16 00:30:00,x,2.95,0.6,0.3,1.959175000838346,-0.004,0.299,0.002,2.284,-1.541,1.616
2024-05-16 00:30:00,x,2.95,0.6,0.35,1.9011803275670538,0.003,0.323,-0.001,2.152,-1.274,1.619
2024-05-16 00:30:00,x,2.95,0.6,0.4,1.8477021878940396,0.008,0.345,-0.005,2.01,-1.024,1.644
2024-05-16 00:30:00,x,2.95,0.6,0.45,1.8321702864959188,0.009,0.352,-0.006,1.954,-0.937,1.638
2024-05-16 00:30:00,x,2.95,0.6,0.5,1.8049159679961797,0.016,0.364,-0.011,1.864,-0.8,1.67
2024-05-16 00:30:00,x,2.95,0.6,0.55,1.7718225682308772,0.027,0.375,-0.018,1.789,-0.676,1.671
2024-05-16 00:30:00,x,2.95,0.6,0.6,1.7393032991563406,0.036,0.384,-0.019,1.646,-0.532,1.666
2024-05-16 00:30:00,x,2.95,0.6,0.65,1.7230614263176027,0.04,0.387,-0.019,1.627,-0.497,1.661
2024-05-16 00:30:00,x,2.95,0.6,0.7,1.7182358824283115,0.04,0.388,-0.018,1.643,-0.499,1.663
2024-05-16 00:30:00,x,2.95,0.6,0.75,1.71703773611327,0.044,0.386,-0.02,1.664,-0.524,1.677
2024-05-16 00:30:00,x,2.95,0.6,0.8,1.718891797365787,0.045,0.385,-0.015,1.657,-0.529,1.714
2024-05-16 00:30:00,x,2.95,0.6,0.85,1.7299419348125875,0.05,0.379,-0.017,1.695,-0.597,1.786
2024-05-16 00:30:00,x,2.95,0.6,0.9,1.734575826240601,0.054,0.377,-0.017,1.697,-0.61,1.839
2024-05-16 00:30:00,x,2.95,0.6,0.95,1.7355749489744277,0.055,0.377,-0.018,1.71,-0.62,1.871
2024-05-16 00:30:00,x,3.0,0.6,0.0,2.0553706852780818,-0.009,0.281,0.005,2.382,-1.739,1.746
2024-05-16 00:30:00,x,3.0,0.6,0.05,2.0507856299529097,-0.011,0.283,0.006,2.376,-1.727,1.771
2024-05-16 00:30:00,x,3.0,0.6,0.1,2.042603073318806,-0.013,0.283,0.006,2.373,-1.721,1.765
2024-05-16 00:30:00,x,3.0,0.6,0.15,2.0321995732126705,-0.014,0.283,0.007,2.374,-1.722,1.734
2024-05-16 00:30:00,x,3.0,0.6,0.2,2.0245964848545865,-0.015,0.28,0.008,2.392,-1.763,1.662
2024-05-16 00:30:00,x,3.0,0.6,0.25,2.000516503174991,-0.012,0.286,0.006,2.357,-1.689,1.588
2024-05-16 00:30:00,x,3.0,0.6,0.3,1.9592036258879704,-0.01,0.299,0.005,2.283,-1.542,1.586
2024-05-16 00:30:00,x,3.0,0.6,0.35,1.9024543664012257,-0.008,0.321,0.005,2.155,-1.289,1.598
2024-05-16 00:30:00,x,3.0,0.6,0.4,1.8578388779949802,-0.002,0.339,0.001,2.046,-1.082,1.615
2024-05-16 00:30:00,x,3.0,0.6,0.45,1.830229280867813,0.003,0.351,-0.001,1.97,-0.954,1.62
2024-05-16 00:30:00,x,3.0,0.6,0.5,1.8151924233085448,0.007,0.357,-0.004,1.922,-0.881,1.638
2024-05-16 00:30:00,x,3.0,0.6,0.55,1.7817266600184605,0.015,0.369,-0.01,1.841,-0.748,1.648
2024-05-16 00:30:00,x,3.0,0.6,0.6,1.7439955264986522,0.03,0.382,-0.018,1.741,-0.599,1.637
2024-05-16 00:30:00,x,3.0,0.6,0.65,1.7333979093614218,0.034,0.385,-0.018,1.702,-0.552,1.635
2024-05-16 00:30:00,x,3.0,0.6,0.7,1.7243332254617745,0.038,0.385,-0.019,1.699,-0.551,1.659
2024-05-16 00:30:00,x,3.0,0.6,0.75,1.7229545898169885,0.041,0.384,-0.02,1.704,-0.565,1.67
2024-05-16 00:30:00,x,3.0,0.6,0.8,1.7333979093614218,0.043,0.378,-0.016,1.741,-0.627,1.779
2024-05-16 00:30:00,x,3.0,0.6,0.85,1.7346478399177188,0.047,0.377,-0.017,1.731,-0.626,1.801
2024-05-16 00:30:00,x,3.0,0.6,0.9,1.7382571878547097,0.048,0.375,-0.018,1.757,-0.657,1.799
2024-05-16 00:30:00,x,3.0,0.6,0.95,1.7397384362582367,0.049,0.374,-0.018,1.765,-0.667,1.813
2024-05-16 00:30:00,x,3.05,0.6,0.0,2.0494816214498024,-0.011,0.284,0.005,2.364,-1.701,1.721
2024-05-16 00:30:00,x,3.05,0.6,0.05,2.0482902790450925,-0.014,0.284,0.007,2.365,-1.703,1.717
2024-05-16 00:30:00,x,3.05,0.6,0.1,2.0464249223502593,-0.017,0.282,0.009,2.38,-1.737,1.678
2024-05-16 00:30:00,x,3.05,0.6,0.15,2.0399769489856814,-0.018,0.28,0.009,2.391,-1.76,1.693
2024-05-16 00:30:00,x,3.05,0.6,0.2,2.031416544073801,-0.019,0.278,0.009,2.401,-1.784,1.673
2024-05-16 00:30:00,x,3.05,0.6,0.25,1.999422003886395,-0.016,0.287,0.009,2.352,-1.68,1.572
2024-05-16 00:30:00,x,3.05,0.6,0.3,1.9440876794154343,-0.013,0.306,0.007,2.237,-1.456,1.552
2024-05-16 00:30:00,x,3.05,0.6,0.35,1.9009948994400567,-0.01,0.322,0.006,2.151,-1.282,1.551
2024-05-16 00:30:00,x,3.05,0.6,0.4,1.860757123081542,-0.006,0.338,0.004,2.06,-1.101,1.579
2024-05-16 00:30:00,x,3.05,0.6,0.45,1.8350116541039958,-0.003,0.348,0.002,1.989,-0.987,1.595
2024-05-16 00:30:00,x,3.05,0.6,0.5,1.8214480190175304,0.001,0.353,-0.0,1.951,-0.925,1.615
2024-05-16 00:30:00,x,3.05,0.6,0.55,1.787368363147945,0.007,0.365,-0.005,1.876,-0.795,1.629
2024-05-16 00:30:00,x,3.05,0.6,0.6,1.7565143974675266,0.018,0.375,-0.012,1.81,-0.688,1.617
2024-05-16 00:30:00,x,3.05,0.6,0.65,1.7472175361399929,0.023,0.377,-0.014,1.787,-0.66,1.63
2024-05-16 00:30:00,x,3.05,0.6,0.7,1.7402205334915515,0.032,0.378,-0.021,1.782,-0.649,1.644
2024-05-16 00:30:00,x,3.05,0.6,0.75,1.7373516958037145,0.038,0.376,-0.022,1.8,-0.677,1.672
2024-05-16 00:30:00,x,3.05,0.6,0.8,1.7414037474803374,0.047,0.373,-0.022,1.807,-0.7,1.758
2024-05-16 00:30:00,x,3.05,0.6,0.85,1.7410806556650307,0.046,0.373,-0.019,1.799,-0.693,1.793
2024-05-16 00:30:00,x,3.05,0.6,0.9,1.7415533914914325,0.047,0.373,-0.019,1.79,-0.691,1.76
2024-05-16 00:30:00,x,3.05,0.6,0.95,1.7419941478131138,0.047,0.373,-0.019,1.794,-0.696,1.783
2024-05-16 00:30:00,x,3.1,0.6,0.0,2.049051252594218,-0.011,0.285,0.006,2.364,-1.701,1.697
2024-05-16 00:30:00,x,3.1,0.6,0.05,2.0539039708951656,-0.012,0.281,0.006,2.385,-1.747,1.703
2024-05-16 00:30:00,x,3.1,0.6,0.1,2.0525438939985086,-0.016,0.281,0.008,2.386,-1.75,1.696
2024-05-16 00:30:00,x,3.1,0.6,0.15,2.04766419460156,-0.019,0.279,0.01,2.396,-1.773,1.712
2024-05-16 00:30:00,x,3.1,0.6,0.2,2.027606438413181,-0.019,0.282,0.01,2.382,-1.742,1.627
2024-05-16 00:30:00,x,3.1,0.6,0.25,1.9821219186465322,-0.018,0.293,0.01,2.317,-1.608,1.587
2024-05-16 00:30:00,x,3.1,0.6,0.3,1.9375178920173466,-0.016,0.308,0.009,2.231,-1.439,1.519
2024-05-16 00:30:00,x,3.1,0.6,0.35,1.9121635796544352,-0.014,0.317,0.009,2.176,-1.331,1.522
2024-05-16 00:30:00,x,3.1,0.6,0.4,1.8664940967562282,-0.009,0.335,0.006,2.076,-1.132,1.56
2024-05-16 00:30:00,x,3.1,0.6,0.45,1.8446448965886821,-0.006,0.344,0.004,2.026,-1.039,1.568
2024-05-16 00:30:00,x,3.1,0.6,0.5,1.8258673289207414,-0.002,0.35,0.002,1.974,-0.961,1.603
2024-05-16 00:30:00,x,3.1,0.6,0.55,1.7953098488714585,0.004,0.36,-0.002,1.916,-0.856,1.616
2024-05-16 00:30:00,x,3.1,0.6,0.6,1.7654822821926144,0.013,0.37,-0.009,1.857,-0.752,1.631
2024-05-16 00:30:00,x,3.1,0.6,0.65,1.7551809542904973,0.02,0.37,-0.013,1.858,-0.755,1.613
2024-05-16 00:30:00,x,3.1,0.6,0.7,1.7541571428917728,0.022,0.368,-0.014,1.874,-0.778,1.633
2024-05-16 00:30:00,x,3.1,0.6,0.75,1.7483973685263416,0.025,0.369,-0.016,1.867,-0.767,1.645
2024-05-16 00:30:00,x,3.1,0.6,0.8,1.7483508569082153,0.041,0.368,-0.025,1.854,-0.76,1.766
2024-05-16 00:30:00,x,3.1,0.6,0.85,1.748428373504627,0.046,0.369,-0.026,1.845,-0.753,1.773
2024-05-16 00:30:00,x,3.1,0.6,0.9,1.7498753911751217,0.048,0.368,-0.026,1.847,-0.759,1.814
2024-05-16 00:30:00,x,3.1,0.6,0.95,1.7521483624892489,0.049,0.366,-0.027,1.863,-0.782,1.793
2024-05-16 00:30:00,x,3.15,0.6,0.0,2.052528501535986,-0.006,0.283,0.003,2.373,-1.721,1.666
2024-05-16 00:30:00,x,3.15,0.6,0.05,2.0540765572905104,-0.008,0.282,0.004,2.379,-1.735,1.712
2024-05-16 00:30:00,x,3.15,0.6,0.1,2.0531898852899517,-0.01,0.282,0.005,2.382,-1.743,1.698
2024-05-16 00:30:00,x,3.15,0.6,0.15,2.048507836152636,-0.013,0.279,0.007,2.399,-1.781,1.673
2024-05-16 00:30:00,x,3.15,0.6,0.2,2.029083320583757,-0.019,0.28,0.01,2.395,-1.774,1.69
2024-05-16 00:30:00,x,3.15,0.6,0.25,1.9794573180978483,-0.019,0.292,0.01,2.325,-1.626,1.523
2024-05-16 00:30:00,x,3.15,0.6,0.3,1.935159489500631,-0.016,0.308,0.009,2.235,-1.443,1.476
2024-05-16 00:30:00,x,3.15,0.6,0.35,1.9102400923586285,-0.015,0.316,0.009,2.185,-1.343,1.516
2024-05-16 00:30:00,x,3.15,0.6,0.4,1.8811049289955473,-0.013,0.327,0.008,2.125,-1.22,1.542
2024-05-16 00:30:00,x,3.15,0.6,0.45,1.8526385553693339,-0.01,0.338,0.006,2.063,-1.104,1.56
2024-05-16 00:30:00,x,3.15,0.6,0.5,1.8321191501631215,-0.006,0.345,0.004,2.023,-1.031,1.574
2024-05-16 00:30:00,x,3.15,0.6,0.55,1.807812292717413,-0.001,0.352,0.001,1.976,-0.947,1.59
2024-05-16 00:30:00,x,3.15,0.6,0.6,1.7769625535062887,0.01,0.363,-0.006,1.907,-0.832,1.61
2024-05-16 00:30:00,x,3.15,0.6,0.65,1.760060420474436,0.018,0.366,-0.012,1.887,-0.797,1.601
2024-05-16 00:30:00,x,3.15,0.6,0.7,1.756461138274332,0.019,0.364,-0.013,1.899,-0.816,1.61
2024-05-16 00:30:00,x,3.15,0.6,0.75,1.7517024117392372,0.024,0.366,-0.015,1.883,-0.794,1.624
2024-05-16 00:30:00,x,3.15,0.6,0.8,1.7506086644168461,0.036,0.367,-0.022,1.87,-0.781,1.684
2024-05-16 00:30:00,x,3.15,0.6,0.85,1.7556767112408604,0.039,0.364,-0.024,1.887,-0.81,1.769
2024-05-16 00:30:00,x,3.15,0.6,0.9,1.7566665306115852,0.043,0.364,-0.026,1.885,-0.812,1.785
2024-05-16 00:30:00,x,3.15,0.6,0.95,1.7563165446749562,0.045,0.364,-0.027,1.886,-0.813,1.778
2024-05-16 00:30:00,x,3.2,0.6,0.0,2.052178175549751,-0.003,0.283,0.002,2.373,-1.72,1.635
2024-05-16 00:30:00,x,3.2,0.6,0.05,2.052755485054968,-0.004,0.283,0.002,2.377,-1.73,1.683
2024-05-16 00:30:00,x,3.2,0.6,0.1,2.049919307063641,-0.005,0.282,0.003,2.38,-1.737,1.633
2024-05-16 00:30:00,x,3.2,0.6,0.15,2.043688367713159,-0.01,0.281,0.005,2.389,-1.757,1.652
2024-05-16 00:30:00,x,3.2,0.6,0.2,2.0220116115235562,-0.015,0.283,0.008,2.374,-1.725,1.537
2024-05-16 00:30:00,x,3.2,0.6,0.25,1.9751605770109102,-0.02,0.294,0.011,2.312,-1.594,1.444
2024-05-16 00:30:00,x,3.2,0.6,0.3,1.9441963382348688,-0.017,0.304,0.01,2.254,-1.48,1.459
2024-05-16 00:30:00,x,3.2,0.6,0.35,1.9195121698553925,-0.017,0.313,0.01,2.207,-1.388,1.49
2024-05-16 00:30:00,x,3.2,0.6,0.4,1.8916656643321246,-0.017,0.322,0.01,2.154,-1.277,1.524
2024-05-16 00:30:00,x,3.2,0.6,0.45,1.8663641462819183,-0.015,0.332,0.009,2.101,-1.174,1.533
2024-05-16 00:30:00,x,3.2,0.6,0.5,1.8372790194670048,-0.009,0.341,0.006,2.041,-1.063,1.556
2024-05-16 00:30:00,x,3.2,0.6,0.55,1.810864004196943,-0.004,0.35,0.002,1.993,-0.975,1.57
2024-05-16 00:30:00,x,3.2,0.6,0.6,1.7898696756492225,0.003,0.356,-0.002,1.954,-0.906,1.574
2024-05-16 00:30:00,x,3.2,0.6,0.65,1.7655269948954133,0.013,0.361,-0.009,1.919,-0.848,1.578
2024-05-16 00:30:00,x,3.2,0.6,0.7,1.759516759462188,0.016,0.362,-0.01,1.915,-0.842,1.594
2024-05-16 00:30:00,x,3.2,0.6,0.75,1.7554403438984736,0.021,0.364,-0.013,1.9,-0.82,1.625
2024-05-16 00:30:00,x,3.2,0.6,0.8,1.7506626461340558,0.03,0.367,-0.019,1.873,-0.783,1.673
2024-05-16 00:30:00,x,3.2,0.6,0.85,1.7571757886929096,0.036,0.363,-0.022,1.892,-0.82,1.763
2024-05-16 00:30:00,x,3.2,0.6,0.9,1.7547686638684994,0.038,0.365,-0.023,1.879,-0.801,1.76
2024-05-16 00:30:00,x,3.2,0.6,0.95,1.7581243036678278,0.039,0.363,-0.023,1.887,-0.819,1.745
2024-05-16 00:30:00,x,3.25,0.6,0.0,2.049690835977447,-0.001,0.284,0.001,2.367,-1.707,1.595
2024-05-16 00:30:00,x,3.25,0.6,0.05,2.044253533446472,-0.002,0.286,0.001,2.357,-1.684,1.605
2024-05-16 00:30:00,x,3.25,0.6,0.1,2.0396322031916276,-0.003,0.287,0.001,2.348,-1.665,1.606
2024-05-16 00:30:00,x,3.25,0.6,0.15,2.0250968619762006,-0.008,0.289,0.004,2.339,-1.646,1.567
2024-05-16 00:30:00,x,3.25,0.6,0.2,2.011532383016828,-0.016,0.287,0.008,2.349,-1.669,1.486
2024-05-16 00:30:00,x,3.25,0.6,0.25,1.9801670538377047,-0.018,0.295,0.01,2.304,-1.577,1.445
2024-05-16 00:30:00,x,3.25,0.6,0.3,1.9536195741382392,-0.019,0.301,0.011,2.275,-1.517,1.45
2024-05-16 00:30:00,x,3.25,0.6,0.35,1.9212753915980272,-0.019,0.311,0.011,2.217,-1.404,1.477
2024-05-16 00:30:00,x,3.25,0.6,0.4,1.895809150169131,-0.018,0.32,0.011,2.169,-1.305,1.496
2024-05-16 00:30:00,x,3.25,0.6,0.45,1.8634596710771734,-0.02,0.331,0.012,2.106,-1.182,1.508
2024-05-16 00:30:00,x,3.25,0.6,0.5,1.8409462561315026,-0.018,0.338,0.011,2.062,-1.1,1.515
2024-05-16 00:30:00,x,3.25,0.6,0.55,1.815750369312116,-0.012,0.346,0.007,2.019,-1.019,1.523
2024-05-16 00:30:00,x,3.25,0.6,0.6,1.800827012337371,-0.007,0.351,0.004,1.99,-0.969,1.535
2024-05-16 00:30:00,x,3.25,0.6,0.65,1.7768464086952993,0.004,0.357,-0.003,1.95,-0.899,1.564
2024-05-16 00:30:00,x,3.25,0.6,0.7,1.7650423619133953,0.01,0.36,-0.006,1.927,-0.862,1.581
2024-05-16 00:30:00,x,3.25,0.6,0.75,1.7600830582539977,0.014,0.363,-0.009,1.906,-0.83,1.614
2024-05-16 00:30:00,x,3.25,0.6,0.8,1.7507551706130273,0.02,0.367,-0.013,1.871,-0.78,1.649
2024-05-16 00:30:00,x,3.25,0.6,0.85,1.7548755915667402,0.028,0.365,-0.017,1.883,-0.805,1.701
2024-05-16 00:30:00,x,3.25,0.6,0.9,1.7585182765684189,0.031,0.363,-0.019,1.891,-0.823,1.794
2024-05-16 00:30:00,x,3.25,0.6,0.95,1.7581697803235077,0.031,0.363,-0.019,1.886,-0.818,1.836
2024-05-16 00:30:00,x,3.3,0.6,0.0,2.041704475611144,-0.01,0.288,0.005,2.343,-1.654,1.537
2024-05-16 00:30:00,x,3.3,0.6,0.05,2.037900377322742,-0.008,0.288,0.004,2.344,-1.657,1.551
2024-05-16 00:30:00,x,3.3,0.6,0.1,2.0310164123248904,-0.008,0.289,0.004,2.341,-1.651,1.525
2024-05-16 00:30:00,x,3.3,0.6,0.15,2.020087690421591,-0.013,0.29,0.007,2.336,-1.64,1.518
2024-05-16 00:30:00,x,3.3,0.6,0.2,2.009603849305025,-0.017,0.29,0.009,2.333,-1.634,1.526
2024-05-16 00:30:00,x,3.3,0.6,0.25,1.9788376263532603,-0.021,0.296,0.011,2.3,-1.567,1.428
2024-05-16 00:30:00,x,3.3,0.6,0.3,1.9598424275593829,-0.022,0.299,0.012,2.285,-1.536,1.414
2024-05-16 00:30:00,x,3.3,0.6,0.35,1.9124824488291046,-0.028,0.314,0.016,2.202,-1.365,1.457
2024-05-16 00:30:00,x,3.3,0.6,0.4,1.8890830993074172,-0.026,0.321,0.015,2.161,-1.286,1.474
2024-05-16 00:30:00,x,3.3,0.6,0.45,1.8605296528786557,-0.021,0.331,0.013,2.108,-1.182,1.489
2024-05-16 00:30:00,x,3.3,0.6,0.5,1.8388742664992348,-0.019,0.338,0.012,2.062,-1.098,1.504
2024-05-16 00:30:00,x,3.3,0.6,0.55,1.815591029298012,-0.014,0.346,0.009,2.02,-1.022,1.516
2024-05-16 00:30:00,x,3.3,0.6,0.6,1.7995335263427392,-0.01,0.35,0.006,1.995,-0.978,1.525
2024-05-16 00:30:00,x,3.3,0.6,0.65,1.785550485980252,-0.007,0.353,0.004,1.973,-0.939,1.528
2024-05-16 00:30:00,x,3.3,0.6,0.7,1.7735597338150688,-0.003,0.355,0.001,1.957,-0.915,1.56
2024-05-16 00:30:00,x,3.3,0.6,0.75,1.7615369478021965,0.003,0.361,-0.002,1.91,-0.844,1.586
2024-05-16 00:30:00,x,3.3,0.6,0.8,1.7530542305413703,0.013,0.366,-0.008,1.876,-0.793,1.651
2024-05-16 00:30:00,x,3.3,0.6,0.85,1.7577223862565763,0.016,0.363,-0.01,1.89,-0.82,1.768
2024-05-16 00:30:00,x,3.3,0.6,0.9,1.7584804100852442,0.019,0.363,-0.012,1.89,-0.823,1.773
2024-05-16 00:30:00,x,3.3,0.6,0.95,1.758934590122702,0.022,0.363,-0.014,1.89,-0.826,1.777
2024-05-16 00:30:00,x,3.35,0.6,0.0,2.035317647725311,-0.011,0.292,0.005,2.323,-1.613,1.507
2024-05-16 00:30:00,x,3.35,0.6,0.05,2.0341108446144984,-0.012,0.29,0.006,2.333,-1.635,1.478
2024-05-16 00:30:00,x,3.35,0.6,0.1,2.0277083132539966,-0.016,0.289,0.008,2.338,-1.644,1.449
2024-05-16 00:30:00,x,3.35,0.6,0.15,2.0219455534793904,-0.022,0.289,0.011,2.339,-1.645,1.476
2024-05-16 00:30:00,x,3.35,0.6,0.2,2.0076837809750225,-0.023,0.291,0.011,2.332,-1.631,1.425
2024-05-16 00:30:00,x,3.35,0.6,0.25,1.9828408708040042,-0.026,0.294,0.013,2.309,-1.584,1.436
2024-05-16 00:30:00,x,3.35,0.6,0.3,1.9420924220403581,-0.03,0.305,0.016,2.249,-1.458,1.399
2024-05-16 00:30:00,x,3.35,0.6,0.35,1.9189472610806415,-0.03,0.311,0.017,2.22,-1.399,1.422
2024-05-16 00:30:00,x,3.35,0.6,0.4,1.897973289373595,-0.029,0.317,0.016,2.184,-1.329,1.439
2024-05-16 00:30:00,x,3.35,0.6,0.45,1.8798525102594041,-0.028,0.323,0.016,2.152,-1.267,1.457
2024-05-16 00:30:00,x,3.35,0.6,0.5,1.8468688281742385,-0.021,0.334,0.013,2.088,-1.144,1.494
2024-05-16 00:30:00,x,3.35,0.6,0.55,1.809013978821879,-0.014,0.347,0.008,2.013,-1.01,1.52
2024-05-16 00:30:00,x,3.35,0.6,0.6,1.794578660452036,-0.011,0.35,0.007,1.993,-0.974,1.522
2024-05-16 00:30:00,x,3.35,0.6,0.65,1.7842677196394343,-0.01,0.351,0.006,1.982,-0.955,1.525
2024-05-16 00:30:00,x,3.35,0.6,0.7,1.7800867795983952,-0.008,0.352,0.005,1.977,-0.948,1.547
2024-05-16 00:30:00,x,3.35,0.6,0.75,1.7638545906222944,-0.002,0.359,0.001,1.925,-0.868,1.577
2024-05-16 00:30:00,x,3.35,0.6,0.8,1.753491134989102,0.006,0.365,-0.003,1.876,-0.795,1.666
2024-05-16 00:30:00,x,3.35,0.6,0.85,1.755074101758472,0.008,0.364,-0.005,1.883,-0.807,1.693
2024-05-16 00:30:00,x,3.35,0.6,0.9,1.754118894225413,0.012,0.365,-0.007,1.874,-0.796,1.697
2024-05-16 00:30:00,x,3.35,0.6,0.95,1.7573580643293518,0.014,0.363,-0.009,1.886,-0.816,1.717
2024-05-16 00:30:00,x,3.4,0.6,0.0,2.0246662441150263,-0.022,0.298,0.01,2.29,-1.545,1.466
2024-05-16 00:30:00,x,3.4,0.6,0.05,2.0261163378646336,-0.025,0.296,0.012,2.299,-1.563,1.467
2024-05-16 00:30:00,x,3.4,0.6,0.1,2.020783768276339,-0.03,0.294,0.014,2.311,-1.587,1.434
2024-05-16 00:30:00,x,3.4,0.6,0.15,2.0128709550055195,-0.031,0.294,0.015,2.312,-1.589,1.438
2024-05-16 00:30:00,x,3.4,0.6,0.2,2.0012446399578305,-0.034,0.293,0.016,2.315,-1.596,1.374
2024-05-16 00:30:00,x,3.4,0.6,0.25,1.9853141807451031,-0.036,0.295,0.017,2.307,-1.579,1.362
2024-05-16 00:30:00,x,3.4,0.6,0.3,1.9446159011559843,-0.035,0.304,0.018,2.258,-1.477,1.401
2024-05-16 00:30:00,x,3.4,0.6,0.35,1.9172638758855909,-0.033,0.311,0.018,2.218,-1.396,1.417
2024-05-16 00:30:00,x,3.4,0.6,0.4,1.8997603315171645,-0.031,0.316,0.017,2.191,-1.343,1.417
2024-05-16 00:30:00,x,3.4,0.6,0.45,1.8803733603479045,-0.029,0.322,0.016,2.158,-1.277,1.428
2024-05-16 00:30:00,x,3.4,0.6,0.5,1.8445579383111226,-0.022,0.334,0.013,2.089,-1.147,1.476
2024-05-16 00:30:00,x,3.4,0.6,0.55,1.812559095154446,-0.019,0.345,0.011,2.019,-1.021,1.502
2024-05-16 00:30:00,x,3.4,0.6,0.6,1.7949409266797334,-0.015,0.349,0.009,1.995,-0.979,1.503
2024-05-16 00:30:00,x,3.4,0.6,0.65,1.7888609921479774,-0.014,0.35,0.008,1.987,-0.966,1.507
2024-05-16 00:30:00,x,3.4,0.6,0.7,1.784074977478697,-0.012,0.351,0.007,1.987,-0.966,1.523
2024-05-16 00:30:00,x,3.4,0.6,0.75,1.7685863083574604,-0.007,0.357,0.004,1.94,-0.896,1.561
2024-05-16 00:30:00,x,3.4,0.6,0.8,1.7531079091538273,0.001,0.366,-0.001,1.875,-0.793,1.651
2024-05-16 00:30:00,x,3.4,0.6,0.85,1.750238323206404,0.003,0.367,-0.002,1.865,-0.776,1.661
2024-05-16 00:30:00,x,3.4,0.6,0.9,1.749550812121276,0.006,0.368,-0.004,1.86,-0.77,1.695
2024-05-16 00:30:00,x,3.4,0.6,0.95,1.755287780539308,0.007,0.364,-0.004,1.881,-0.806,1.735
2024-05-16 00:30:00,x,3.45,0.6,0.0,2.0215324629039797,-0.027,0.3,0.013,2.28,-1.522,1.427
2024-05-16 00:30:00,x,3.45,0.6,0.05,2.021792755757762,-0.029,0.299,0.014,2.283,-1.529,1.445
2024-05-16 00:30:00,x,3.45,0.6,0.1,2.0204814429314046,-0.033,0.298,0.016,2.286,-1.536,1.437
2024-05-16 00:30:00,x,3.45,0.6,0.15,2.018500777125863,-0.036,0.296,0.017,2.303,-1.572,1.425
2024-05-16 00:30:00,x,3.45,0.6,0.2,2.003262296931694,-0.04,0.295,0.019,2.31,-1.586,1.387
2024-05-16 00:30:00,x,3.45,0.6,0.25,1.9732017697741437,-0.042,0.297,0.021,2.296,-1.556,1.364
2024-05-16 00:30:00,x,3.45,0.6,0.3,1.9516046200484138,-0.039,0.301,0.02,2.274,-1.511,1.369
2024-05-16 00:30:00,x,3.45,0.6,0.35,1.9223153568509073,-0.038,0.309,0.02,2.229,-1.419,1.388
2024-05-16 00:30:00,x,3.45,0.6,0.4,1.8995140909470347,-0.034,0.316,0.019,2.191,-1.344,1.392
2024-05-16 00:30:00,x,3.45,0.6,0.45,1.8820917354666646,-0.032,0.322,0.018,2.16,-1.283,1.402
2024-05-16 00:30:00,x,3.45,0.6,0.5,1.8481275105678747,-0.028,0.332,0.016,2.099,-1.167,1.448
2024-05-16 00:30:00,x,3.45,0.6,0.55,1.8129400816348276,-0.021,0.344,0.012,2.027,-1.035,1.488
2024-05-16 00:30:00,x,3.45,0.6,0.6,1.8008888380164423,-0.018,0.348,0.011,2.005,-0.997,1.494
2024-05-16 00:30:00,x,3.45,0.6,0.65,1.7922235429586675,-0.016,0.349,0.009,1.996,-0.981,1.504
2024-05-16 00:30:00,x,3.45,0.6,0.7,1.7841535123887975,-0.013,0.35,0.007,1.988,-0.967,1.523
2024-05-16 00:30:00,x,3.45,0.6,0.75,1.7655418981067632,-0.008,0.358,0.004,1.927,-0.876,1.562
2024-05-16 00:30:00,x,3.45,0.6,0.8,1.7548755915667402,-0.004,0.365,0.002,1.88,-0.803,1.637
2024-05-16 00:30:00,x,3.45,0.6,0.85,1.7533762027413877,-0.0,0.365,0.0,1.874,-0.793,1.704
2024-05-16 00:30:00,x,3.45,0.6,0.9,1.7526859697895123,0.002,0.366,-0.001,1.867,-0.785,1.708
2024-05-16 00:30:00,x,3.45,0.6,0.95,1.7523481228955853,0.003,0.367,-0.001,1.857,-0.776,1.698
2024-05-16 00:30:00,x,3.5,0.6,0.0,2.0172170404147813,-0.031,0.302,0.015,2.267,-1.496,1.416
2024-05-16 00:30:00,x,3.5,0.6,0.05,2.0196479237111538,-0.034,0.3,0.017,2.277,-1.517,1.42
2024-05-16 00:30:00,x,3.5,0.6,0.1,2.0188502295699515,-0.034,0.3,0.017,2.28,-1.523,1.42
2024-05-16 00:30:00,x,3.5,0.6,0.15,2.018305127413707,-0.039,0.298,0.019,2.292,-1.55,1.417
2024-05-16 00:30:00,x,3.5,0.6,0.2,2.00750453911642,-0.043,0.295,0.021,2.305,-1.576,1.392
2024-05-16 00:30:00,x,3.5,0.6,0.25,1.9679923390652525,-0.045,0.298,0.022,2.29,-1.545,1.363
2024-05-16 00:30:00,x,3.5,0.6,0.3,1.9448625136653952,-0.04,0.304,0.02,2.259,-1.483,1.36
2024-05-16 00:30:00,x,3.5,0.6,0.35,1.9260953842418782,-0.038,0.308,0.02,2.235,-1.432,1.365
2024-05-16 00:30:00,x,3.5,0.6,0.4,1.9069273473089559,-0.035,0.314,0.019,2.202,-1.365,1.368
2024-05-16 00:30:00,x,3.5,0.6,0.45,1.8764545589622843,-0.033,0.323,0.019,2.151,-1.264,1.391
2024-05-16 00:30:00,x,3.5,0.6,0.5,1.8544578664773004,-0.03,0.33,0.017,2.111,-1.188,1.411
2024-05-16 00:30:00,x,3.5,0.6,0.55,1.8141476698622683,-0.024,0.343,0.014,2.031,-1.045,1.461
2024-05-16 00:30:00,x,3.5,0.6,0.6,1.8042621355754933,-0.021,0.346,0.012,2.016,-1.016,1.475
2024-05-16 00:30:00,x,3.5,0.6,0.65,1.7887762407364218,-0.016,0.349,0.009,1.993,-0.976,1.493
2024-05-16 00:30:00,x,3.5,0.6,0.7,1.7845388415524999,-0.014,0.35,0.008,1.991,-0.971,1.511
2024-05-16 00:30:00,x,3.5,0.6,0.75,1.766621020593519,-0.01,0.357,0.005,1.931,-0.884,1.569
2024-05-16 00:30:00,x,3.5,0.6,0.8,1.75605006195928,-0.008,0.364,0.004,1.881,-0.807,1.616
2024-05-16 00:30:00,x,3.5,0.6,0.85,1.7539199468404745,-0.005,0.365,0.003,1.868,-0.79,1.708
2024-05-16 00:30:00,x,3.5,0.6,0.9,1.7526475913303095,-0.003,0.366,0.002,1.859,-0.779,1.759
2024-05-16 00:30:00,x,3.5,0.6,0.95,1.7535677395933793,-0.002,0.366,0.001,1.858,-0.781,1.733
2024-05-16 00:30:00,x,3.55,0.6,0.0,2.0099053498154658,-0.031,0.306,0.016,2.246,-1.454,1.409
2024-05-16 00:30:00,x,3.55,0.6,0.05,2.0103847714983774,-0.034,0.304,0.017,2.257,-1.477,1.439
2024-05-16 00:30:00,x,3.55,0.6,0.1,2.007645378232457,-0.034,0.304,0.017,2.258,-1.481,1.421
2024-05-16 00:30:00,x,3.55,0.6,0.15,2.0040805100619083,-0.039,0.3,0.019,2.28,-1.525,1.372
2024-05-16 00:30:00,x,3.55,0.6,0.2,1.9911773256166645,-0.041,0.299,0.02,2.285,-1.537,1.348
2024-05-16 00:30:00,x,3.55,0.6,0.25,1.959704259084432,-0.04,0.303,0.02,2.263,-1.49,1.332
2024-05-16 00:30:00,x,3.55,0.6,0.3,1.940874928745581,-0.04,0.306,0.021,2.244,-1.452,1.337
2024-05-16 00:30:00,x,3.55,0.6,0.35,1.91803033678488,-0.036,0.312,0.019,2.216,-1.394,1.356
2024-05-16 00:30:00,x,3.55,0.6,0.4,1.9024706759912697,-0.036,0.315,0.019,2.195,-1.354,1.373
2024-05-16 00:30:00,x,3.55,0.6,0.45,1.8869980456710993,-0.035,0.32,0.019,2.167,-1.299,1.375
2024-05-16 00:30:00,x,3.55,0.6,0.5,1.8557371567508867,-0.031,0.329,0.017,2.115,-1.195,1.394
2024-05-16 00:30:00,x,3.55,0.6,0.55,1.819833368729458,-0.026,0.34,0.015,2.049,-1.078,1.452
2024-05-16 00:30:00,x,3.55,0.6,0.6,1.8063902844431057,-0.022,0.345,0.013,2.022,-1.028,1.453
2024-05-16 00:30:00,x,3.55,0.6,0.65,1.7953168066561203,-0.019,0.348,0.011,2.005,-0.997,1.465
2024-05-16 00:30:00,x,3.55,0.6,0.7,1.7838178547966392,-0.015,0.35,0.008,1.992,-0.974,1.535
2024-05-16 00:30:00,x,3.55,0.6,0.75,1.7673711040186404,-0.012,0.357,0.007,1.932,-0.887,1.581
2024-05-16 00:30:00,x,3.55,0.6,0.8,1.7576465110542616,-0.01,0.363,0.006,1.89,-0.82,1.637
2024-05-16 00:30:00,x,3.55,0.6,0.85,1.7502306044053497,-0.007,0.367,0.004,1.854,-0.767,1.762
2024-05-16 00:30:00,x,3.55,0.6,0.9,1.749906290818102,-0.006,0.368,0.003,1.851,-0.766,1.791
2024-05-16 00:30:00,x,3.55,0.6,0.95,1.7517793324765802,-0.005,0.367,0.003,1.853,-0.773,1.827
2024-05-16 00:30:00,x,3.6,0.6,0.0,2.0015303600220196,-0.034,0.311,0.017,2.219,-1.402,1.408
2024-05-16 00:30:00,x,3.6,0.6,0.05,2.0030251577766736,-0.037,0.31,0.019,2.229,-1.421,1.45
2024-05-16 00:30:00,x,3.6,0.6,0.1,2.002714525230156,-0.034,0.307,0.018,2.242,-1.449,1.468
2024-05-16 00:30:00,x,3.6,0.6,0.15,1.9953148391269322,-0.036,0.306,0.018,2.249,-1.465,1.433
2024-05-16 00:30:00,x,3.6,0.6,0.2,1.9841941514761654,-0.037,0.304,0.019,2.257,-1.48,1.379
2024-05-16 00:30:00,x,3.6,0.6,0.25,1.9586928624285493,-0.04,0.305,0.02,2.253,-1.47,1.322
2024-05-16 00:30:00,x,3.6,0.6,0.3,1.93804915141774,-0.039,0.309,0.02,2.23,-1.424,1.321
2024-05-16 00:30:00,x,3.6,0.6,0.35,1.9136920209909083,-0.04,0.313,0.021,2.209,-1.382,1.378
2024-05-16 00:30:00,x,3.6,0.6,0.4,1.8989115811326647,-0.037,0.317,0.02,2.184,-1.334,1.373
2024-05-16 00:30:00,x,3.6,0.6,0.45,1.8771869907860748,-0.033,0.323,0.018,2.147,-1.262,1.362
2024-05-16 00:30:00,x,3.6,0.6,0.5,1.856801367419499,-0.028,0.33,0.016,2.113,-1.193,1.371
2024-05-16 00:30:00,x,3.6,0.6,0.55,1.8212055483288054,-0.024,0.34,0.014,2.053,-1.083,1.434
2024-05-16 00:30:00,x,3.6,0.6,0.6,1.8023700200071997,-0.021,0.345,0.012,2.018,-1.02,1.453
2024-05-16 00:30:00,x,3.6,0.6,0.65,1.7945995686426812,-0.019,0.348,0.011,2.003,-0.994,1.45
2024-05-16 00:30:00,x,3.6,0.6,0.7,1.7885077521028796,-0.017,0.348,0.01,2.003,-0.995,1.527
2024-05-16 00:30:00,x,3.6,0.6,0.75,1.7741518589547105,-0.013,0.353,0.007,1.971,-0.942,1.561
2024-05-16 00:30:00,x,3.6,0.6,0.8,1.7534298415754228,-0.009,0.365,0.005,1.875,-0.795,1.667
2024-05-16 00:30:00,x,3.6,0.6,0.85,1.7502074471790265,-0.008,0.367,0.005,1.859,-0.77,1.796
2024-05-16 00:30:00,x,3.6,0.6,0.9,1.747007624998336,-0.008,0.369,0.005,1.843,-0.747,1.777
2024-05-16 00:30:00,x,3.6,0.6,0.95,1.7503077862431373,-0.008,0.367,0.004,1.855,-0.769,1.813
2024-05-16 00:30:00,x,3.65,0.6,0.0,1.9955737748733595,-0.038,0.315,0.02,2.2,-1.364,1.41
2024-05-16 00:30:00,x,3.65,0.6,0.05,1.9960473593714756,-0.036,0.313,0.019,2.207,-1.379,1.396
2024-05-16 00:30:00,x,3.65,0.6,0.1,1.9956922194219084,-0.038,0.312,0.02,2.215,-1.393,1.425
2024-05-16 00:30:00,x,3.65,0.6,0.15,1.9905341989589118,-0.037,0.309,0.019,2.23,-1.423,1.42
2024-05-16 00:30:00,x,3.65,0.6,0.2,1.978833066519971,-0.038,0.307,0.019,2.242,-1.448,1.367
2024-05-16 00:30:00,x,3.65,0.6,0.25,1.9644010711627313,-0.038,0.307,0.02,2.239,-1.442,1.305
2024-05-16 00:30:00,x,3.65,0.6,0.3,1.9272676808108815,-0.037,0.312,0.02,2.213,-1.39,1.32
2024-05-16 00:30:00,x,3.65,0.6,0.35,1.9000064325504986,-0.036,0.319,0.019,2.175,-1.318,1.367
2024-05-16 00:30:00,x,3.65,0.6,0.4,1.886473804278622,-0.032,0.323,0.018,2.151,-1.271,1.362
2024-05-16 00:30:00,x,3.65,0.6,0.45,1.876864180962524,-0.032,0.325,0.018,2.139,-1.247,1.345
2024-05-16 00:30:00,x,3.65,0.6,0.5,1.8573626547231388,-0.027,0.33,0.016,2.11,-1.188,1.361
2024-05-16 00:30:00,x,3.65,0.6,0.55,1.830248541327798,-0.023,0.338,0.013,2.065,-1.103,1.413
2024-05-16 00:30:00,x,3.65,0.6,0.6,1.8048138715442736,-0.02,0.345,0.011,2.022,-1.027,1.454
2024-05-16 00:30:00,x,3.65,0.6,0.65,1.7957966247976092,-0.018,0.346,0.01,2.013,-1.011,1.459
2024-05-16 00:30:00,x,3.65,0.6,0.7,1.7873258436176678,-0.015,0.348,0.008,1.999,-0.988,1.517
2024-05-16 00:30:00,x,3.65,0.6,0.75,1.775756037844098,-0.011,0.353,0.006,1.971,-0.943,1.594
2024-05-16 00:30:00,x,3.65,0.6,0.8,1.7526475913303095,-0.008,0.366,0.005,1.876,-0.794,1.686
2024-05-16 00:30:00,x,3.65,0.6,0.85,1.7496358443706141,-0.008,0.368,0.005,1.863,-0.773,1.773
2024-05-16 00:30:00,x,3.65,0.6,0.9,1.744089482181265,-0.009,0.371,0.005,1.838,-0.734,1.722
2024-05-16 00:30:00,x,3.65,0.6,0.95,1.7459487494372372,-0.008,0.37,0.005,1.842,-0.743,1.722
2024-05-16 00:30:00,x,3.7,0.6,0.0,1.9864582127373065,-0.039,0.32,0.021,2.169,-1.303,1.375
2024-05-16 00:30:00,x,3.7,0.6,0.05,1.9852917185928882,-0.039,0.319,0.021,2.172,-1.309,1.41
2024-05-16 00:30:00,x,3.7,0.6,0.1,1.987210284512441,-0.038,0.316,0.021,2.189,-1.341,1.409
2024-05-16 00:30:00,x,3.7,0.6,0.15,1.9879967748475178,-0.038,0.311,0.02,2.219,-1.4,1.426
2024-05-16 00:30:00,x,3.7,0.6,0.2,1.9796166546322136,-0.039,0.309,0.02,2.231,-1.425,1.392
2024-05-16 00:30:00,x,3.7,0.6,0.25,1.9573151054069997,-0.041,0.31,0.021,2.225,-1.415,1.342
2024-05-16 00:30:00,x,3.7,0.6,0.3,1.9149563435196677,-0.034,0.317,0.018,2.186,-1.338,1.328
2024-05-16 00:30:00,x,3.7,0.6,0.35,1.8997658019443862,-0.03,0.32,0.017,2.167,-1.301,1.332
2024-05-16 00:30:00,x,3.7,0.6,0.4,1.883439973667863,-0.028,0.324,0.016,2.142,-1.252,1.336
2024-05-16 00:30:00,x,3.7,0.6,0.45,1.8736344362131843,-0.027,0.328,0.016,2.125,-1.219,1.33
2024-05-16 00:30:00,x,3.7,0.6,0.5,1.8585853161760706,-0.025,0.331,0.015,2.104,-1.177,1.352
2024-05-16 00:30:00,x,3.7,0.6,0.55,1.8257116585151427,-0.021,0.339,0.012,2.056,-1.086,1.416
2024-05-16 00:30:00,x,3.7,0.6,0.6,1.8067360576237674,-0.017,0.343,0.01,2.035,-1.049,1.433
2024-05-16 00:30:00,x,3.7,0.6,0.65,1.7977313716874894,-0.015,0.345,0.009,2.02,-1.021,1.432
2024-05-16 00:30:00,x,3.7,0.6,0.7,1.7893762072045254,-0.013,0.348,0.007,2.005,-0.996,1.491
2024-05-16 00:30:00,x,3.7,0.6,0.75,1.7766503438660493,-0.009,0.352,0.005,1.974,-0.948,1.573
2024-05-16 00:30:00,x,3.7,0.6,0.8,1.7611306502028263,-0.006,0.361,0.003,1.918,-0.857,1.712
2024-05-16 00:30:00,x,3.7,0.6,0.85,1.7537132511259519,-0.007,0.365,0.004,1.885,-0.803,1.723
2024-05-16 00:30:00,x,3.7,0.6,0.9,1.7514253842239786,-0.007,0.366,0.004,1.873,-0.785,1.761
2024-05-16 00:30:00,x,3.7,0.6,0.95,1.7525708242359297,-0.006,0.366,0.004,1.874,-0.79,1.75
2024-05-16 00:30:00,x,3.75,0.6,0.0,1.986408924484016,-0.036,0.32,0.02,2.167,-1.301,1.361
2024-05-16 00:30:00,x,3.75,0.6,0.05,1.9858170287194572,-0.038,0.32,0.021,2.17,-1.305,1.37
2024-05-16 00:30:00,x,3.75,0.6,0.1,1.9861982661866784,-0.036,0.318,0.019,2.18,-1.325,1.357
2024-05-16 00:30:00,x,3.75,0.6,0.15,1.9850940015420047,-0.034,0.316,0.018,2.191,-1.348,1.37
2024-05-16 00:30:00,x,3.75,0.6,0.2,1.97648753730519,-0.037,0.311,0.019,2.217,-1.399,1.384
2024-05-16 00:30:00,x,3.75,0.6,0.25,1.9423404712588528,-0.032,0.313,0.017,2.207,-1.38,1.37
2024-05-16 00:30:00,x,3.75,0.6,0.3,1.9171482644162796,-0.028,0.317,0.016,2.186,-1.337,1.319
2024-05-16 00:30:00,x,3.75,0.6,0.35,1.9012621089313844,-0.026,0.32,0.015,2.167,-1.301,1.327
2024-05-16 00:30:00,x,3.75,0.6,0.4,1.887842265107357,-0.025,0.324,0.014,2.146,-1.261,1.334
2024-05-16 00:30:00,x,3.75,0.6,0.45,1.8766680721553572,-0.026,0.326,0.015,2.13,-1.231,1.35
2024-05-16 00:30:00,x,3.75,0.6,0.5,1.8523274758189927,-0.022,0.332,0.013,2.096,-1.164,1.369
2024-05-16 00:30:00,x,3.75,0.6,0.55,1.8191357701935993,-0.018,0.342,0.011,2.04,-1.058,1.414
2024-05-16 00:30:00,x,3.75,0.6,0.6,1.806451323247262,-0.015,0.344,0.008,2.029,-1.038,1.436
2024-05-16 00:30:00,x,3.75,0.6,0.65,1.7977106137321484,-0.013,0.345,0.007,2.025,-1.03,1.445
2024-05-16 00:30:00,x,3.75,0.6,0.7,1.7899542139689997,-0.008,0.346,0.005,2.018,-1.019,1.499
2024-05-16 00:30:00,x,3.75,0.6,0.75,1.7779412906396972,-0.007,0.351,0.004,1.982,-0.961,1.536
2024-05-16 00:30:00,x,3.75,0.6,0.8,1.769103959517596,-0.004,0.356,0.002,1.951,-0.909,1.629
2024-05-16 00:30:00,x,3.75,0.6,0.85,1.7666804804076732,-0.002,0.357,0.001,1.94,-0.891,1.712
2024-05-16 00:30:00,x,3.75,0.6,0.9,1.765929202203141,-0.002,0.358,0.001,1.935,-0.885,1.755
2024-05-16 00:30:00,x,3.75,0.6,0.95,1.7633306407856713,-0.002,0.36,0.001,1.921,-0.863,1.682
2024-05-16 00:30:00,x,3.8,0.6,0.0,1.984918677055306,-0.035,0.321,0.019,2.163,-1.292,1.36
2024-05-16 00:30:00,x,3.8,0.6,0.05,1.987170027952116,-0.033,0.318,0.018,2.178,-1.324,1.372
2024-05-16 00:30:00,x,3.8,0.6,0.1,1.9866015649493327,-0.032,0.316,0.017,2.187,-1.344,1.381
2024-05-16 00:30:00,x,3.8,0.6,0.15,1.9872550096478425,-0.033,0.312,0.018,2.214,-1.397,1.366
2024-05-16 00:30:00,x,3.8,0.6,0.2,1.9819091700907923,-0.031,0.309,0.017,2.227,-1.424,1.339
2024-05-16 00:30:00,x,3.8,0.6,0.25,1.945394719244763,-0.027,0.312,0.015,2.214,-1.395,1.345
2024-05-16 00:30:00,x,3.8,0.6,0.3,1.9283600009966377,-0.023,0.314,0.013,2.2,-1.367,1.311
2024-05-16 00:30:00,x,3.8,0.6,0.35,1.908656558125238,-0.023,0.319,0.013,2.174,-1.316,1.327
2024-05-16 00:30:00,x,3.8,0.6,0.4,1.8960464650403244,-0.023,0.321,0.013,2.159,-1.288,1.35
2024-05-16 00:30:00,x,3.8,0.6,0.45,1.8789352124595107,-0.022,0.325,0.013,2.136,-1.244,1.362
2024-05-16 00:30:00,x,3.8,0.6,0.5,1.8438865314288693,-0.017,0.335,0.01,2.081,-1.142,1.385
2024-05-16 00:30:00,x,3.8,0.6,0.55,1.8235133530369914,-0.014,0.341,0.008,2.044,-1.068,1.401
2024-05-16 00:30:00,x,3.8,0.6,0.6,1.8073117351942278,-0.012,0.345,0.007,2.026,-1.031,1.418
2024-05-16 00:30:00,x,3.8,0.6,0.65,1.7980357077652374,-0.009,0.344,0.005,2.032,-1.041,1.451
2024-05-16 00:30:00,x,3.8,0.6,0.7,1.7894467370347935,-0.006,0.345,0.003,2.025,-1.03,1.486
2024-05-16 00:30:00,x,3.8,0.6,0.75,1.7802164692102265,-0.004,0.349,0.002,1.995,-0.982,1.52
2024-05-16 00:30:00,x,3.8,0.6,0.8,1.7751150771667992,-0.002,0.352,0.001,1.974,-0.947,1.575
2024-05-16 00:30:00,x,3.8,0.6,0.85,1.7749255212449482,0.001,0.353,-0.001,1.97,-0.943,1.748
2024-05-16 00:30:00,x,3.8,0.6,0.9,1.7787805212711836,0.003,0.35,-0.002,1.983,-0.967,1.725
2024-05-16 00:30:00,x,3.8,0.6,0.95,1.7772020041268286,0.002,0.351,-0.002,1.977,-0.957,1.691
2024-05-16 00:30:00,x,3.85,0.6,0.0,1.9906584631537272,-0.029,0.318,0.016,2.175,-1.322,1.4
2024-05-16 00:30:00,x,3.85,0.6,0.05,1.9924916607033785,-0.027,0.315,0.015,2.197,-1.367,1.369
2024-05-16 00:30:00,x,3.85,0.6,0.1,1.991522889857246,-0.028,0.311,0.015,2.217,-1.405,1.344
2024-05-16 00:30:00,x,3.85,0.6,0.15,1.9905341989589118,-0.03,0.31,0.017,2.223,-1.42,1.343
2024-05-16 00:30:00,x,3.85,0.6,0.2,1.9810888869358816,-0.028,0.308,0.016,2.233,-1.437,1.332
2024-05-16 00:30:00,x,3.85,0.6,0.25,1.9469628993833683,-0.023,0.311,0.013,2.217,-1.403,1.334
2024-05-16 00:30:00,x,3.85,0.6,0.3,1.92659451125394,-0.02,0.315,0.012,2.2,-1.366,1.311
2024-05-16 00:30:00,x,3.85,0.6,0.35,1.9142638025225327,-0.02,0.318,0.012,2.181,-1.33,1.325
2024-05-16 00:30:00,x,3.85,0.6,0.4,1.8989609087996615,-0.018,0.321,0.011,2.16,-1.291,1.374
2024-05-16 00:30:00,x,3.85,0.6,0.45,1.860691288695443,-0.013,0.331,0.008,2.103,-1.183,1.403
2024-05-16 00:30:00,x,3.85,0.6,0.5,1.8410276779309023,-0.01,0.337,0.006,2.071,-1.122,1.397
2024-05-16 00:30:00,x,3.85,0.6,0.55,1.8217296393002296,-0.007,0.342,0.004,2.038,-1.057,1.408
2024-05-16 00:30:00,x,3.85,0.6,0.6,1.8127529721459616,-0.006,0.344,0.004,2.032,-1.044,1.408
2024-05-16 00:30:00,x,3.85,0.6,0.65,1.8050792724126947,-0.001,0.341,0.0,2.046,-1.068,1.46
2024-05-16 00:30:00,x,3.85,0.6,0.7,1.7935249790069934,-0.002,0.343,0.001,2.038,-1.053,1.499
2024-05-16 00:30:00,x,3.85,0.6,0.75,1.7873329304951417,-0.0,0.345,-0.0,2.022,-1.027,1.535
2024-05-16 00:30:00,x,3.85,0.6,0.8,1.7850235850456861,0.001,0.347,-0.001,2.012,-1.012,1.588
2024-05-16 00:30:00,x,3.85,0.6,0.85,1.7865810771808734,0.005,0.346,-0.003,2.014,-1.018,1.707
2024-05-16 00:30:00,x,3.85,0.6,0.9,1.7896864528171177,0.005,0.344,-0.003,2.023,-1.037,1.752
2024-05-16 00:30:00,x,3.85,0.6,0.95,1.7893973673563135,0.006,0.345,-0.004,2.019,-1.031,1.749
2024-05-16 00:30:00,x,3.9,0.6,0.0,1.9928979892154568,-0.023,0.317,0.014,2.181,-1.335,1.386
2024-05-16 00:30:00,x,3.9,0.6,0.05,1.9970716909060569,-0.024,0.314,0.014,2.201,-1.376,1.427
2024-05-16 00:30:00,x,3.9,0.6,0.1,2.00104539051119,-0.025,0.31,0.014,2.223,-1.421,1.487
2024-05-16 00:30:00,x,3.9,0.6,0.15,1.9991174861468048,-0.025,0.308,0.014,2.238,-1.449,1.471
2024-05-16 00:30:00,x,3.9,0.6,0.2,1.9871029253914685,-0.027,0.306,0.015,2.244,-1.461,1.363
2024-05-16 00:30:00,x,3.9,0.6,0.25,1.9539915112210888,-0.019,0.309,0.011,2.228,-1.426,1.363
2024-05-16 00:30:00,x,3.9,0.6,0.3,1.9285289881747678,-0.017,0.314,0.01,2.205,-1.377,1.318
2024-05-16 00:30:00,x,3.9,0.6,0.35,1.90205186916954,-0.013,0.321,0.008,2.164,-1.298,1.341
2024-05-16 00:30:00,x,3.9,0.6,0.4,1.8784758359814109,-0.01,0.327,0.006,2.126,-1.225,1.381
2024-05-16 00:30:00,x,3.9,0.6,0.45,1.8580978688247403,-0.008,0.333,0.005,2.094,-1.166,1.39
2024-05-16 00:30:00,x,3.9,0.6,0.5,1.8355066706643177,-0.006,0.339,0.004,2.058,-1.094,1.393
2024-05-16 00:30:00,x,3.9,0.6,0.55,1.8228869478341507,-0.005,0.342,0.003,2.04,-1.059,1.4
2024-05-16 00:30:00,x,3.9,0.6,0.6,1.8098895185180712,-0.002,0.344,0.001,2.033,-1.045,1.44
2024-05-16 00:30:00,x,3.9,0.6,0.65,1.8059016649260267,-0.0,0.341,-0.0,2.047,-1.069,1.449
2024-05-16 00:30:00,x,3.9,0.6,0.7,1.8008819689311684,0.003,0.339,-0.002,2.059,-1.091,1.475
2024-05-16 00:30:00,x,3.9,0.6,0.75,1.7964008582802609,0.005,0.34,-0.003,2.051,-1.078,1.519
2024-05-16 00:30:00,x,3.9,0.6,0.8,1.7920343002522414,0.005,0.343,-0.003,2.034,-1.053,1.676
2024-05-16 00:30:00,x,3.9,0.6,0.85,1.7982707305694818,0.009,0.339,-0.005,2.054,-1.089,1.757
2024-05-16 00:30:00,x,3.9,0.6,0.9,1.798519439695292,0.01,0.339,-0.006,2.056,-1.091,1.694
2024-05-16 00:30:00,x,3.9,0.6,0.95,1.7981324972646135,0.011,0.339,-0.006,2.053,-1.087,1.69
2024-05-16 00:30:00,x,3.95,0.6,0.0,1.9952138562361943,-0.023,0.316,0.014,2.19,-1.352,1.412
2024-05-16 00:30:00,x,3.95,0.6,0.05,1.9966386146884338,-0.022,0.314,0.013,2.197,-1.365,1.407
2024-05-16 00:30:00,x,3.95,0.6,0.1,1.997382015215558,-0.021,0.312,0.013,2.21,-1.392,1.392
2024-05-16 00:30:00,x,3.95,0.6,0.15,1.9977095819308677,-0.02,0.308,0.012,2.229,-1.43,1.422
2024-05-16 00:30:00,x,3.95,0.6,0.2,1.985556697990167,-0.017,0.307,0.01,2.241,-1.453,1.475
2024-05-16 00:30:00,x,3.95,0.6,0.25,1.9516191844841544,-0.012,0.31,0.008,2.223,-1.414,1.378
2024-05-16 00:30:00,x,3.95,0.6,0.3,1.9158586889583507,-0.009,0.318,0.006,2.181,-1.331,1.335
2024-05-16 00:30:00,x,3.95,0.6,0.35,1.8983795825974228,-0.007,0.322,0.005,2.155,-1.28,1.359
2024-05-16 00:30:00,x,3.95,0.6,0.4,1.8824220710752941,-0.006,0.327,0.004,2.125,-1.222,1.379
2024-05-16 00:30:00,x,3.95,0.6,0.45,1.868685573948292,-0.006,0.33,0.004,2.111,-1.196,1.391
2024-05-16 00:30:00,x,3.95,0.6,0.5,1.8360454701081739,-0.005,0.338,0.003,2.062,-1.1,1.389
2024-05-16 00:30:00,x,3.95,0.6,0.55,1.8197018321012897,-0.003,0.342,0.002,2.04,-1.058,1.401
2024-05-16 00:30:00,x,3.95,0.6,0.6,1.8093980866163188,0.001,0.343,-0.001,2.037,-1.053,1.445
2024-05-16 00:30:00,x,3.95,0.6,0.65,1.8046708961772038,0.002,0.342,-0.002,2.044,-1.064,1.447
2024-05-16 00:30:00,x,3.95,0.6,0.7,1.803341015128119,0.004,0.34,-0.002,2.056,-1.086,1.474
2024-05-16 00:30:00,x,3.95,0.6,0.75,1.7973575766050773,0.008,0.34,-0.005,2.053,-1.082,1.561
2024-05-16 00:30:00,x,3.95,0.6,0.8,1.7978973996218723,0.012,0.339,-0.007,2.055,-1.088,1.648
2024-05-16 00:30:00,x,3.95,0.6,0.85,1.8009575228943182,0.013,0.338,-0.007,2.063,-1.104,1.71
2024-05-16 00:30:00,x,3.95,0.6,0.9,1.8038802782579642,0.014,0.336,-0.008,2.073,-1.122,1.667
2024-05-16 00:30:00,x,3.95,0.6,0.95,1.8067496117483228,0.016,0.334,-0.009,2.085,-1.141,1.654
2024-05-16 00:30:00,x,4.0,0.6,0.0,1.991522889857246,-0.02,0.318,0.013,2.18,-1.33,1.454
2024-05-16 00:30:00,x,4.0,0.6,0.05,1.9919743670698218,-0.021,0.314,0.013,2.199,-1.368,1.52
2024-05-16 00:30:00,x,4.0,0.6,0.1,1.988692702549817,-0.02,0.314,0.012,2.198,-1.366,1.46
2024-05-16 00:30:00,x,4.0,0.6,0.15,1.989987902552932,-0.017,0.308,0.01,2.237,-1.444,1.424
2024-05-16 00:30:00,x,4.0,0.6,0.2,1.9825832700735557,-0.014,0.306,0.009,2.243,-1.457,1.428
2024-05-16 00:30:00,x,4.0,0.6,0.25,1.949346087004701,-0.01,0.311,0.007,2.217,-1.402,1.425
2024-05-16 00:30:00,x,4.0,0.6,0.3,1.9117806273474396,-0.006,0.321,0.005,2.161,-1.293,1.37
2024-05-16 00:30:00,x,4.0,0.6,0.35,1.8927121978069703,-0.005,0.326,0.003,2.132,-1.237,1.395
2024-05-16 00:30:00,x,4.0,0.6,0.4,1.8832468124959185,-0.004,0.328,0.003,2.118,-1.21,1.395
2024-05-16 00:30:00,x,4.0,0.6,0.45,1.8709303583486958,-0.004,0.332,0.002,2.1,-1.173,1.399
2024-05-16 00:30:00,x,4.0,0.6,0.5,1.8438616445625728,-0.001,0.338,0.001,2.064,-1.103,1.391
2024-05-16 00:30:00,x,4.0,0.6,0.55,1.8187865502732348,0.002,0.341,-0.002,2.049,-1.075,1.453
2024-05-16 00:30:00,x,4.0,0.6,0.6,1.811501276783828,0.002,0.341,-0.002,2.044,-1.065,1.454
2024-05-16 00:30:00,x,4.0,0.6,0.65,1.8002908207820356,0.006,0.344,-0.003,2.031,-1.039,1.437
2024-05-16 00:30:00,x,4.0,0.6,0.7,1.798761103761348,0.008,0.341,-0.005,2.046,-1.067,1.471
2024-05-16 00:30:00,x,4.0,0.6,0.75,1.7977313716874894,0.01,0.34,-0.006,2.053,-1.08,1.535
2024-05-16 00:30:00,x,4.0,0.6,0.8,1.8017054844081295,0.015,0.337,-0.009,2.07,-1.113,1.593
2024-05-16 00:30:00,x,4.0,0.6,0.85,1.809310512984076,0.016,0.333,-0.009,2.095,-1.159,1.659
2024-05-16 00:30:00,x,4.0,0.6,0.9,1.8122112367686178,0.019,0.331,-0.011,2.105,-1.177,1.717
2024-05-16 00:30:00,x,4.0,0.6,0.95,1.814513952368238,0.021,0.33,-0.012,2.113,-1.192,1.704
2024-05-16 00:30:00,x,4.05,0.6,0.0,1.9944183442544974,-0.018,0.316,0.011,2.19,-1.349,1.466
2024-05-16 00:30:00,x,4.05,0.6,0.05,1.9940574663885726,-0.018,0.314,0.011,2.199,-1.368,1.469
2024-05-16 00:30:00,x,4.05,0.6,0.1,1.9834278102395106,-0.017,0.317,0.01,2.181,-1.339,1.456
2024-05-16 00:30:00,x,4.05,0.6,0.15,1.9780937407065222,-0.014,0.315,0.008,2.194,-1.361,1.492
2024-05-16 00:30:00,x,4.05,0.6,0.2,1.9816646068521564,-0.012,0.308,0.008,2.237,-1.443,1.433
2024-05-16 00:30:00,x,4.05,0.6,0.25,1.9530054226654414,-0.008,0.311,0.005,2.216,-1.401,1.408
2024-05-16 00:30:00,x,4.05,0.6,0.3,1.9114772171061023,-0.005,0.321,0.004,2.158,-1.29,1.381
2024-05-16 00:30:00,x,4.05,0.6,0.35,1.8961623158875816,-0.003,0.326,0.002,2.129,-1.233,1.395
2024-05-16 00:30:00,x,4.05,0.6,0.4,1.8786079564938318,-0.001,0.331,0.001,2.103,-1.183,1.429
2024-05-16 00:30:00,x,4.05,0.6,0.45,1.8611040849031946,0.001,0.336,-0.0,2.073,-1.125,1.46
2024-05-16 00:30:00,x,4.05,0.6,0.5,1.8345224298591725,0.005,0.344,-0.003,2.027,-1.039,1.46
2024-05-16 00:30:00,x,4.05,0.6,0.55,1.8173141067779617,0.009,0.343,-0.006,2.039,-1.055,1.462
2024-05-16 00:30:00,x,4.05,0.6,0.6,1.8095395144221473,0.011,0.343,-0.007,2.037,-1.049,1.442
2024-05-16 00:30:00,x,4.05,0.6,0.65,1.8028421127390744,0.012,0.342,-0.008,2.043,-1.06,1.458
2024-05-16 00:30:00,x,4.05,0.6,0.7,1.8012596073746792,0.014,0.339,-0.008,2.057,-1.087,1.472
2024-05-16 00:30:00,x,4.05,0.6,0.75,1.8049840189657644,0.02,0.335,-0.012,2.085,-1.137,1.512
2024-05-16 00:30:00,x,4.05,0.6,0.8,1.814620449299106,0.022,0.33,-0.013,2.117,-1.196,1.568
2024-05-16 00:30:00,x,4.05,0.6,0.85,1.8184304522542136,0.026,0.328,-0.015,2.127,-1.216,1.608
2024-05-16 00:30:00,x,4.05,0.6,0.9,1.8207858197078954,0.027,0.326,-0.015,2.134,-1.23,1.671
2024-05-16 00:30:00,x,4.05,0.6,0.95,1.8219521865904758,0.026,0.326,-0.015,2.138,-1.238,1.62
2024-05-16 00:30:00,x,4.1,0.6,0.0,1.9971328991685695,-0.014,0.315,0.009,2.191,-1.357,1.53
2024-05-16 00:30:00,x,4.1,0.6,0.05,1.9949283427935902,-0.013,0.315,0.008,2.192,-1.361,1.51
2024-05-16 00:30:00,x,4.1,0.6,0.1,1.9878360176548815,-0.013,0.316,0.008,2.186,-1.348,1.51
2024-05-16 00:30:00,x,4.1,0.6,0.15,1.9898012048198628,-0.012,0.31,0.008,2.223,-1.413,1.447
2024-05-16 00:30:00,x,4.1,0.6,0.2,1.980271596323191,-0.01,0.308,0.007,2.232,-1.433,1.445
2024-05-16 00:30:00,x,4.1,0.6,0.25,1.9651922904259722,-0.007,0.307,0.005,2.237,-1.444,1.401
2024-05-16 00:30:00,x,4.1,0.6,0.3,1.9125461945791162,-0.003,0.321,0.002,2.157,-1.289,1.401
2024-05-16 00:30:00,x,4.1,0.6,0.35,1.8861860481690569,0.001,0.33,0.0,2.109,-1.196,1.414
2024-05-16 00:30:00,x,4.1,0.6,0.4,1.8656487227879073,0.005,0.337,-0.003,2.068,-1.116,1.462
2024-05-16 00:30:00,x,4.1,0.6,0.45,1.8427776832480518,0.01,0.344,-0.006,2.025,-1.036,1.494
2024-05-16 00:30:00,x,4.1,0.6,0.5,1.8233959708617906,0.009,0.35,-0.006,1.99,-0.97,1.45
2024-05-16 00:30:00,x,4.1,0.6,0.55,1.8083797948823843,0.015,0.348,-0.01,2.002,-0.99,1.479
2024-05-16 00:30:00,x,4.1,0.6,0.6,1.8035390502740514,0.018,0.347,-0.011,2.01,-1.003,1.471
2024-05-16 00:30:00,x,4.1,0.6,0.65,1.8009437867877318,0.019,0.344,-0.012,2.029,-1.034,1.462
2024-05-16 00:30:00,x,4.1,0.6,0.7,1.8002908207820356,0.021,0.338,-0.013,2.064,-1.098,1.508
2024-05-16 00:30:00,x,4.1,0.6,0.75,1.8026163932839268,0.023,0.336,-0.013,2.077,-1.121,1.503
2024-05-16 00:30:00,x,4.1,0.6,0.8,1.8147335736811836,0.026,0.329,-0.015,2.117,-1.197,1.544
2024-05-16 00:30:00,x,4.1,0.6,0.85,1.8235198733387925,0.03,0.325,-0.017,2.143,-1.246,1.614
2024-05-16 00:30:00,x,4.1,0.6,0.9,1.8264376434897691,0.031,0.323,-0.017,2.152,-1.264,1.614
2024-05-16 00:30:00,x,4.1,0.6,0.95,1.827653539482762,0.031,0.323,-0.017,2.153,-1.268,1.622
2024-05-16 00:30:00,x,4.15,0.6,0.0,2.0012186560831124,-0.011,0.313,0.007,2.198,-1.378,1.586
2024-05-16 00:30:00,x,4.15,0.6,0.05,1.9975829520959658,-0.01,0.314,0.006,2.194,-1.367,1.624
2024-05-16 00:30:00,x,4.15,0.6,0.1,1.998106698080033,-0.009,0.311,0.006,2.215,-1.402,1.64
2024-05-16 00:30:00,x,4.15,0.6,0.15,1.9907871278834632,-0.008,0.312,0.005,2.212,-1.396,1.604
2024-05-16 00:30:00,x,4.15,0.6,0.2,1.9797440817830854,-0.006,0.311,0.004,2.219,-1.405,1.527
2024-05-16 00:30:00,x,4.15,0.6,0.25,1.9588456770878886,-0.005,0.311,0.003,2.218,-1.404,1.458
2024-05-16 00:30:00,x,4.15,0.6,0.3,1.9059630920116553,0.001,0.325,-0.0,2.133,-1.237,1.437
2024-05-16 00:30:00,x,4.15,0.6,0.35,1.877889425371484,0.007,0.335,-0.004,2.081,-1.14,1.475
2024-05-16 00:30:00,x,4.15,0.6,0.4,1.8509830043868534,0.01,0.343,-0.006,2.032,-1.05,1.482
2024-05-16 00:30:00,x,4.15,0.6,0.45,1.8417660400495746,0.011,0.345,-0.007,2.019,-1.026,1.477
2024-05-16 00:30:00,x,4.15,0.6,0.5,1.8229718264474677,0.011,0.35,-0.007,1.987,-0.966,1.448
2024-05-16 00:30:00,x,4.15,0.6,0.55,1.808885867359812,0.016,0.349,-0.01,1.998,-0.983,1.488
2024-05-16 00:30:00,x,4.15,0.6,0.6,1.8022056934737523,0.02,0.348,-0.013,2.003,-0.992,1.48
2024-05-16 00:30:00,x,4.15,0.6,0.65,1.7975099023288803,0.026,0.344,-0.016,2.027,-1.032,1.475
2024-05-16 00:30:00,x,4.15,0.6,0.7,1.7974129739592228,0.029,0.341,-0.017,2.048,-1.07,1.501
2024-05-16 00:30:00,x,4.15,0.6,0.75,1.8001945111596382,0.029,0.338,-0.017,2.064,-1.098,1.497
2024-05-16 00:30:00,x,4.15,0.6,0.8,1.8110250876773804,0.031,0.332,-0.018,2.102,-1.17,1.543
2024-05-16 00:30:00,x,4.15,0.6,0.85,1.8232263628006116,0.033,0.325,-0.018,2.141,-1.244,1.724
2024-05-16 00:30:00,x,4.15,0.6,0.9,1.830453933102918,0.037,0.321,-0.021,2.163,-1.286,1.745
2024-05-16 00:30:00,x,4.15,0.6,0.95,1.8372347987844206,0.041,0.317,-0.023,2.183,-1.326,1.711
2024-05-16 00:30:00,x,4.2,0.6,0.0,2.015313640612527,-0.007,0.304,0.005,2.254,-1.482,1.584
2024-05-16 00:30:00,x,4.2,0.6,0.05,2.015745251182891,-0.006,0.303,0.004,2.261,-1.496,1.615
2024-05-16 00:30:00,x,4.2,0.6,0.1,2.0111515936448567,-0.006,0.304,0.004,2.253,-1.483,1.615
2024-05-16 00:30:00,x,4.2,0.6,0.15,1.9998783805175449,-0.003,0.304,0.003,2.253,-1.476,1.616
2024-05-16 00:30:00,x,4.2,0.6,0.2,1.9799169588496692,-0.002,0.31,0.002,2.224,-1.417,1.622
2024-05-16 00:30:00,x,4.2,0.6,0.25,1.9517356823899126,0.002,0.312,-0.0,2.21,-1.387,1.507
2024-05-16 00:30:00,x,4.2,0.6,0.3,1.898544187845718,0.007,0.329,-0.004,2.116,-1.204,1.437
2024-05-16 00:30:00,x,4.2,0.6,0.35,1.870081869516458,0.011,0.339,-0.007,2.051,-1.086,1.485
2024-05-16 00:30:00,x,4.2,0.6,0.4,1.8485647270472958,0.014,0.347,-0.009,2.005,-1.007,1.471
2024-05-16 00:30:00,x,4.2,0.6,0.45,1.840639221302228,0.015,0.349,-0.01,1.994,-0.987,1.461
2024-05-16 00:30:00,x,4.2,0.6,0.5,1.8272917135426086,0.014,0.351,-0.009,1.983,-0.961,1.444
2024-05-16 00:30:00,x,4.2,0.6,0.55,1.8058405488146727,0.019,0.352,-0.012,1.978,-0.95,1.478
2024-05-16 00:30:00,x,4.2,0.6,0.6,1.7983881942944513,0.025,0.349,-0.015,1.997,-0.984,1.497
2024-05-16 00:30:00,x,4.2,0.6,0.65,1.7928187691692385,0.032,0.345,-0.02,2.022,-1.023,1.467
2024-05-16 00:30:00,x,4.2,0.6,0.7,1.793301353613115,0.035,0.343,-0.021,2.04,-1.055,1.495
2024-05-16 00:30:00,x,4.2,0.6,0.75,1.7970666245071676,0.036,0.34,-0.021,2.058,-1.087,1.513
2024-05-16 00:30:00,x,4.2,0.6,0.8,1.8122112367686178,0.039,0.331,-0.023,2.108,-1.181,1.596
2024-05-16 00:30:00,x,4.2,0.6,0.85,1.8272270700341757,0.045,0.323,-0.025,2.153,-1.267,1.724
2024-05-16 00:30:00,x,4.2,0.6,0.9,1.8404009631275644,0.047,0.316,-0.026,2.192,-1.343,1.697
2024-05-16 00:30:00,x,4.2,0.6,0.95,1.8422284410552558,0.048,0.315,-0.026,2.197,-1.352,1.685
2024-05-16 00:30:00,x,4.25,0.6,0.0,2.0174256974069005,-0.004,0.303,0.003,2.261,-1.497,1.593
2024-05-16 00:30:00,x,4.25,0.6,0.05,2.019481858214368,-0.003,0.3,0.003,2.275,-1.525,1.567
2024-05-16 00:30:00,x,4.25,0.6,0.1,2.0130353527148346,-0.002,0.302,0.003,2.265,-1.513,1.629
2024-05-16 00:30:00,x,4.25,0.6,0.15,2.0088725848063853,-0.001,0.301,0.002,2.271,-1.524,1.697
2024-05-16 00:30:00,x,4.25,0.6,0.2,1.992942132459948,0.003,0.302,-0.0,2.262,-1.503,1.569
2024-05-16 00:30:00,x,4.25,0.6,0.25,1.9496095382476175,0.006,0.312,-0.003,2.211,-1.393,1.441
2024-05-16 00:30:00,x,4.25,0.6,0.3,1.8949305090334203,0.012,0.331,-0.007,2.1,-1.179,1.459
2024-05-16 00:30:00,x,4.25,0.6,0.35,1.8696012996261704,0.013,0.341,-0.008,2.044,-1.072,1.469
2024-05-16 00:30:00,x,4.25,0.6,0.4,1.8446821590925147,0.015,0.35,-0.01,1.985,-0.974,1.469
2024-05-16 00:30:00,x,4.25,0.6,0.45,1.834293512442696,0.018,0.352,-0.011,1.972,-0.953,1.464
2024-05-16 00:30:00,x,4.25,0.6,0.5,1.8233242216887826,0.018,0.354,-0.012,1.958,-0.926,1.456
2024-05-16 00:30:00,x,4.25,0.6,0.55,1.8023426365691224,0.023,0.358,-0.015,1.938,-0.887,1.497
2024-05-16 00:30:00,x,4.25,0.6,0.6,1.787403792910151,0.034,0.353,-0.021,1.97,-0.937,1.501
2024-05-16 00:30:00,x,4.25,0.6,0.65,1.786694647914236,0.039,0.349,-0.023,2.0,-0.986,1.469
2024-05-16 00:30:00,x,4.25,0.6,0.7,1.789566611465325,0.039,0.345,-0.023,2.023,-1.026,1.481
2024-05-16 00:30:00,x,4.25,0.6,0.75,1.7954976699424587,0.039,0.341,-0.023,2.051,-1.075,1.519
2024-05-16 00:30:00,x,4.25,0.6,0.8,1.8143807944699382,0.045,0.33,-0.026,2.113,-1.191,1.583
2024-05-16 00:30:00,x,4.25,0.6,0.85,1.8331343571151542,0.052,0.32,-0.029,2.17,-1.299,1.689
2024-05-16 00:30:00,x,4.25,0.6,0.9,1.8365266548182242,0.054,0.318,-0.03,2.18,-1.319,1.697
2024-05-16 00:30:00,x,4.25,0.6,0.95,1.8434757156583172,0.054,0.314,-0.029,2.2,-1.357,1.649
2024-05-16 00:30:00,x,4.3,0.6,0.0,2.009489139225741,-0.0,0.309,0.002,2.202,-1.42,1.615
2024-05-16 00:30:00,x,4.3,0.6,0.05,2.0120987181812127,-0.0,0.306,0.002,2.225,-1.458,1.644
2024-05-16 00:30:00,x,4.3,0.6,0.1,2.0038739490678106,0.001,0.307,0.001,2.229,-1.456,1.641
2024-05-16 00:30:00,x,4.3,0.6,0.15,2.0007333381780494,0.002,0.305,0.0,2.24,-1.475,1.568
2024-05-16 00:30:00,x,4.3,0.6,0.2,1.990156750419928,0.005,0.306,-0.001,2.234,-1.462,1.521
2024-05-16 00:30:00,x,4.3,0.6,0.25,1.9389548023335108,0.01,0.317,-0.005,2.179,-1.338,1.443
2024-05-16 00:30:00,x,4.3,0.6,0.3,1.9031714095741719,0.013,0.328,-0.007,2.117,-1.213,1.434
2024-05-16 00:30:00,x,4.3,0.6,0.35,1.875177059814704,0.015,0.339,-0.01,2.059,-1.101,1.441
2024-05-16 00:30:00,x,4.3,0.6,0.4,1.842159736915368,0.019,0.352,-0.012,1.97,-0.948,1.469
2024-05-16 00:30:00,x,4.3,0.6,0.45,1.8209039093891912,0.022,0.358,-0.015,1.93,-0.878,1.46
2024-05-16 00:30:00,x,4.3,0.6,0.5,1.8075417927277253,0.024,0.361,-0.017,1.909,-0.843,1.461
2024-05-16 00:30:00,x,4.3,0.6,0.55,1.788564289821101,0.029,0.365,-0.019,1.894,-0.813,1.482
2024-05-16 00:30:00,x,4.3,0.6,0.6,1.7809578380521374,0.034,0.36,-0.022,1.926,-0.861,1.511
2024-05-16 00:30:00,x,4.3,0.6,0.65,1.784303403246963,0.04,0.351,-0.024,1.987,-0.964,1.465
2024-05-16 00:30:00,x,4.3,0.6,0.7,1.7865171805894187,0.042,0.347,-0.025,2.01,-1.003,1.456
2024-05-16 00:30:00,x,4.3,0.6,0.75,1.789270390978015,0.045,0.344,-0.027,2.028,-1.035,1.502
2024-05-16 00:30:00,x,4.3,0.6,0.8,1.8099702486520322,0.052,0.332,-0.03,2.099,-1.165,1.518
2024-05-16 00:30:00,x,4.3,0.6,0.85,1.828981954007923,0.059,0.322,-0.033,2.157,-1.276,1.511
2024-05-16 00:30:00,x,4.3,0.6,0.9,1.8343952684136169,0.061,0.319,-0.034,2.173,-1.306,1.525
2024-05-16 00:30:00,x,4.3,0.6,0.95,1.8384271796271363,0.062,0.317,-0.034,2.184,-1.328,1.565
2024-05-16 00:30:00,x,4.35,0.6,0.0,2.004308473754961,0.004,0.311,-0.001,2.187,-1.389,1.594
2024-05-16 00:30:00,x,4.35,0.6,0.05,2.00468241907649,0.004,0.31,-0.001,2.203,-1.413,1.532
2024-05-16 00:30:00,x,4.35,0.6,0.1,1.9978361748543148,0.004,0.31,-0.001,2.194,-1.403,1.485
2024-05-16 00:30:00,x,4.35,0.6,0.15,1.9916380168616874,0.005,0.311,-0.001,2.18,-1.39,1.528
2024-05-16 00:30:00,x,4.35,0.6,0.2,1.9850130913430037,0.007,0.31,-0.002,2.198,-1.41,1.517
2024-05-16 00:30:00,x,4.35,0.6,0.25,1.9355324561893787,0.011,0.32,-0.006,2.16,-1.306,1.437
2024-05-16 00:30:00,x,4.35,0.6,0.3,1.9055854258462679,0.014,0.329,-0.008,2.108,-1.201,1.382
2024-05-16 00:30:00,x,4.35,0.6,0.35,1.8671727511786498,0.019,0.344,-0.012,2.024,-1.042,1.454
2024-05-16 00:30:00,x,4.35,0.6,0.4,1.8402566907069764,0.021,0.353,-0.014,1.959,-0.931,1.489
2024-05-16 00:30:00,x,4.35,0.6,0.45,1.8186349145899134,0.023,0.36,-0.016,1.917,-0.857,1.47
2024-05-16 00:30:00,x,4.35,0.6,0.5,1.7980910186919257,0.026,0.366,-0.018,1.88,-0.795,1.447
2024-05-16 00:30:00,x,4.35,0.6,0.55,1.7858705864260969,0.031,0.366,-0.022,1.88,-0.791,1.454
2024-05-16 00:30:00,x,4.35,0.6,0.6,1.7774413227977166,0.034,0.365,-0.023,1.888,-0.801,1.468
2024-05-16 00:30:00,x,4.35,0.6,0.65,1.778925052441096,0.041,0.355,-0.026,1.957,-0.913,1.453
2024-05-16 00:30:00,x,4.35,0.6,0.7,1.7814825089449704,0.045,0.35,-0.028,1.994,-0.974,1.442
2024-05-16 00:30:00,x,4.35,0.6,0.75,1.7926507879335116,0.051,0.342,-0.031,2.039,-1.057,1.437
2024-05-16 00:30:00,x,4.35,0.6,0.8,1.807054467768978,0.057,0.334,-0.033,2.089,-1.147,1.462
2024-05-16 00:30:00,x,4.35,0.6,0.85,1.8270848204370924,0.062,0.323,-0.035,2.151,-1.264,1.498
2024-05-16 00:30:00,x,4.35,0.6,0.9,1.83007516642975,0.063,0.321,-0.035,2.16,-1.281,1.511
2024-05-16 00:30:00,x,4.35,0.6,0.95,1.8356208251724846,0.064,0.318,-0.036,2.176,-1.312,1.534
2024-05-16 00:30:00,x,4.4,0.6,0.0,1.9991348929136847,0.006,0.314,-0.003,2.175,-1.364,1.568
2024-05-16 00:30:00,x,4.4,0.6,0.05,1.9998914128055592,0.006,0.313,-0.003,2.18,-1.375,1.579
2024-05-16 00:30:00,x,4.4,0.6,0.1,1.9950645341561415,0.006,0.314,-0.002,2.168,-1.359,1.505
2024-05-16 00:30:00,x,4.4,0.6,0.15,1.9892495332565356,0.006,0.312,-0.002,2.193,-1.387,1.451
2024-05-16 00:30:00,x,4.4,0.6,0.2,1.9818050211036675,0.008,0.313,-0.003,2.191,-1.384,1.474
2024-05-16 00:30:00,x,4.4,0.6,0.25,1.9331834791746139,0.012,0.323,-0.006,2.142,-1.273,1.45
2024-05-16 00:30:00,x,4.4,0.6,0.3,1.8836330489656992,0.017,0.339,-0.01,2.049,-1.087,1.4
2024-05-16 00:30:00,x,4.4,0.6,0.35,1.8648017000507695,0.019,0.347,-0.012,1.997,-1.001,1.443
2024-05-16 00:30:00,x,4.4,0.6,0.4,1.8472826213964428,0.021,0.354,-0.014,1.952,-0.927,1.492
2024-05-16 00:30:00,x,4.4,0.6,0.45,1.8126994974821125,0.026,0.364,-0.018,1.873,-0.807,1.496
2024-05-16 00:30:00,x,4.4,0.6,0.5,1.7888963003554021,0.029,0.371,-0.021,1.83,-0.731,1.464
2024-05-16 00:30:00,x,4.4,0.6,0.55,1.77741957200355,0.034,0.372,-0.024,1.817,-0.712,1.44
2024-05-16 00:30:00,x,4.4,0.6,0.6,1.7736328793809613,0.037,0.369,-0.025,1.86,-0.761,1.443
2024-05-16 00:30:00,x,4.4,0.6,0.65,1.775617728657519,0.044,0.36,-0.028,1.931,-0.868,1.422
2024-05-16 00:30:00,x,4.4,0.6,0.7,1.7836034695478993,0.051,0.349,-0.032,1.996,-0.981,1.392
2024-05-16 00:30:00,x,4.4,0.6,0.75,1.7918940672857173,0.055,0.343,-0.033,2.033,-1.048,1.393
2024-05-16 00:30:00,x,4.4,0.6,0.8,1.806891904522298,0.06,0.334,-0.035,2.087,-1.145,1.426
2024-05-16 00:30:00,x,4.4,0.6,0.85,1.8256857080217583,0.065,0.324,-0.037,2.146,-1.256,1.463
2024-05-16 00:30:00,x,4.4,0.6,0.9,1.8313577854420675,0.067,0.321,-0.038,2.163,-1.288,1.485
2024-05-16 00:30:00,x,4.4,0.6,0.95,1.8362038134023666,0.067,0.318,-0.038,2.177,-1.315,1.516
2024-05-16 00:30:00,x,4.45,0.6,0.0,1.9949678866213567,0.008,0.316,-0.005,2.163,-1.339,1.578
2024-05-16 00:30:00,x,4.45,0.6,0.05,1.9950645341561415,0.007,0.315,-0.004,2.169,-1.347,1.589
2024-05-16 00:30:00,x,4.45,0.6,0.1,1.9961043301059607,0.007,0.313,-0.003,2.196,-1.379,1.484
2024-05-16 00:30:00,x,4.45,0.6,0.15,1.9844102855929266,0.007,0.316,-0.003,2.176,-1.344,1.419
2024-05-16 00:30:00,x,4.45,0.6,0.2,1.9714614050245867,0.01,0.318,-0.005,2.161,-1.317,1.438
2024-05-16 00:30:00,x,4.45,0.6,0.25,1.8891055252130495,0.017,0.341,-0.011,2.038,-1.068,1.442
2024-05-16 00:30:00,x,4.45,0.6,0.3,1.8625070485504678,0.02,0.351,-0.013,1.973,-0.958,1.461
2024-05-16 00:30:00,x,4.45,0.6,0.35,1.853077347507599,0.021,0.353,-0.013,1.954,-0.931,1.446
2024-05-16 00:30:00,x,4.45,0.6,0.4,1.843594020642757,0.021,0.357,-0.014,1.921,-0.881,1.464
2024-05-16 00:30:00,x,4.45,0.6,0.45,1.8072034306423104,0.027,0.368,-0.019,1.833,-0.752,1.468
2024-05-16 00:30:00,x,4.45,0.6,0.5,1.7753264073661181,0.034,0.378,-0.024,1.758,-0.639,1.445
2024-05-16 00:30:00,x,4.45,0.6,0.55,1.7653182962198801,0.038,0.379,-0.026,1.748,-0.625,1.436
2024-05-16 00:30:00,x,4.45,0.6,0.6,1.7603169129063683,0.041,0.377,-0.028,1.778,-0.654,1.427
2024-05-16 00:30:00,x,4.45,0.6,0.65,1.7641013764762288,0.047,0.367,-0.031,1.879,-0.787,1.419
2024-05-16 00:30:00,x,4.45,0.6,0.7,1.773662134158218,0.054,0.355,-0.034,1.959,-0.918,1.384
2024-05-16 00:30:00,x,4.45,0.6,0.75,1.7853227153707387,0.057,0.347,-0.035,2.009,-1.006,1.356
2024-05-16 00:30:00,x,4.45,0.6,0.8,1.805534839182783,0.064,0.335,-0.037,2.082,-1.136,1.384
2024-05-16 00:30:00,x,4.45,0.6,0.85,1.8257505813480277,0.068,0.324,-0.039,2.146,-1.256,1.41
2024-05-16 00:30:00,x,4.45,0.6,0.9,1.8324578162320433,0.07,0.32,-0.039,2.166,-1.294,1.407
2024-05-16 00:30:00,x,4.45,0.6,0.95,1.8356905714924256,0.07,0.318,-0.039,2.175,-1.311,1.42
2024-05-16 00:30:00,x,4.5,0.6,0.0,1.9879967748475178,0.01,0.32,-0.005,2.147,-1.288,1.555
2024-05-16 00:30:00,x,4.5,0.6,0.05,1.9888041258210498,0.009,0.318,-0.005,2.164,-1.315,1.548
2024-05-16 00:30:00,x,4.5,0.6,0.1,1.9816464855769345,0.009,0.32,-0.004,2.15,-1.291,1.591
2024-05-16 00:30:00,x,4.5,0.6,0.15,1.966990711049519,0.01,0.326,-0.005,2.118,-1.233,1.547
2024-05-16 00:30:00,x,4.5,0.6,0.2,1.943103573894752,0.013,0.329,-0.008,2.101,-1.193,1.457
2024-05-16 00:30:00,x,4.5,0.6,0.25,1.8777398214306658,0.019,0.348,-0.012,1.988,-0.988,1.434
2024-05-16 00:30:00,x,4.5,0.6,0.3,1.855694776220782,0.021,0.355,-0.014,1.94,-0.903,1.448
2024-05-16 00:30:00,x,4.5,0.6,0.35,1.8448187609265625,0.022,0.36,-0.015,1.911,-0.856,1.455
2024-05-16 00:30:00,x,4.5,0.6,0.4,1.8337143215097984,0.023,0.364,-0.015,1.878,-0.806,1.434
2024-05-16 00:30:00,x,4.5,0.6,0.45,1.7953794217024392,0.028,0.377,-0.02,1.751,-0.636,1.425
2024-05-16 00:30:00,x,4.5,0.6,0.5,1.766747362969336,0.036,0.383,-0.025,1.713,-0.577,1.429
2024-05-16 00:30:00,x,4.5,0.6,0.55,1.7619804314534258,0.039,0.381,-0.027,1.727,-0.595,1.431
2024-05-16 00:30:00,x,4.5,0.6,0.6,1.7581773593031667,0.043,0.378,-0.029,1.766,-0.641,1.405
2024-05-16 00:30:00,x,4.5,0.6,0.65,1.761987944223947,0.048,0.368,-0.032,1.869,-0.775,1.373
2024-05-16 00:30:00,x,4.5,0.6,0.7,1.7723583854511966,0.054,0.356,-0.034,1.951,-0.908,1.348
2024-05-16 00:30:00,x,4.5,0.6,0.75,1.7796037053919582,0.058,0.35,-0.035,1.99,-0.974,1.331
2024-05-16 00:30:00,x,4.5,0.6,0.8,1.7993129743253522,0.064,0.338,-0.038,2.063,-1.1,1.301
2024-05-16 00:30:00,x,4.5,0.6,0.85,1.82186710844485,0.07,0.326,-0.04,2.133,-1.231,1.371
2024-05-16 00:30:00,x,4.5,0.6,0.9,1.831594655305475,0.071,0.321,-0.04,2.164,-1.29,1.386
2024-05-16 00:30:00,x,4.5,0.6,0.95,1.8360137945203412,0.072,0.318,-0.04,2.178,-1.316,1.374
2024-05-16 00:30:00,x,4.55,0.6,0.0,1.982140020095207,0.011,0.323,-0.006,2.139,-1.258,1.493
2024-05-16 00:30:00,x,4.55,0.6,0.05,1.9777967434638106,0.01,0.324,-0.005,2.137,-1.25,1.561
2024-05-16 00:30:00,x,4.55,0.6,0.1,1.9733495643925185,0.01,0.325,-0.006,2.135,-1.241,1.542
2024-05-16 00:30:00,x,4.55,0.6,0.15,1.9633296883412843,0.011,0.325,-0.007,2.134,-1.241,1.563
2024-05-16 00:30:00,x,4.55,0.6,0.2,1.9314324428672287,0.014,0.332,-0.009,2.097,-1.17,1.495
2024-05-16 00:30:00,x,4.55,0.6,0.25,1.8891503735505564,0.018,0.344,-0.011,2.017,-1.032,1.392
2024-05-16 00:30:00,x,4.55,0.6,0.3,1.8570790840643632,0.021,0.355,-0.014,1.94,-0.904,1.434
2024-05-16 00:30:00,x,4.55,0.6,0.35,1.8418910618516335,0.022,0.361,-0.015,1.903,-0.84,1.436
2024-05-16 00:30:00,x,4.55,0.6,0.4,1.822540732476056,0.024,0.368,-0.017,1.847,-0.756,1.438
2024-05-16 00:30:00,x,4.55,0.6,0.45,1.791950165906163,0.029,0.378,-0.021,1.747,-0.628,1.406
2024-05-16 00:30:00,x,4.55,0.6,0.5,1.7700341795842418,0.034,0.382,-0.024,1.709,-0.578,1.427
2024-05-16 00:30:00,x,4.55,0.6,0.55,1.7621907399180132,0.039,0.382,-0.027,1.715,-0.584,1.421
2024-05-16 00:30:00,x,4.55,0.6,0.6,1.7588210896345866,0.043,0.378,-0.029,1.768,-0.644,1.41
2024-05-16 00:30:00,x,4.55,0.6,0.65,1.7614918223905807,0.049,0.367,-0.032,1.873,-0.781,1.358
2024-05-16 00:30:00,x,4.55,0.6,0.7,1.7703290713655246,0.055,0.356,-0.034,1.952,-0.907,1.32
2024-05-16 00:30:00,x,4.55,0.6,0.75,1.7801948569641934,0.059,0.349,-0.036,1.994,-0.98,1.299
2024-05-16 00:30:00,x,4.55,0.6,0.8,1.7991681761701506,0.065,0.338,-0.038,2.063,-1.1,1.292
2024-05-16 00:30:00,x,4.55,0.6,0.85,1.81727442041519,0.07,0.328,-0.04,2.12,-1.206,1.306
2024-05-16 00:30:00,x,4.55,0.6,0.9,1.8316906468364678,0.072,0.321,-0.041,2.166,-1.292,1.27
2024-05-16 00:30:00,x,4.55,0.6,0.95,1.8335741813079038,0.073,0.32,-0.041,2.17,-1.302,1.316
2024-05-16 00:30:00,x,4.6,0.6,0.0,1.9807394564009253,0.011,0.324,-0.007,2.14,-1.253,1.438
2024-05-16 00:30:00,x,4.6,0.6,0.05,1.97811657823785,0.011,0.325,-0.006,2.132,-1.238,1.509
2024-05-16 00:30:00,x,4.6,0.6,0.1,1.9722815413346875,0.01,0.326,-0.006,2.129,-1.231,1.549
2024-05-16 00:30:00,x,4.6,0.6,0.15,1.9638444707578353,0.011,0.326,-0.006,2.128,-1.228,1.565
2024-05-16 00:30:00,x,4.6,0.6,0.2,1.9298172720255544,0.014,0.333,-0.009,2.093,-1.161,1.496
2024-05-16 00:30:00,x,4.6,0.6,0.25,1.9046560488087059,0.017,0.34,-0.011,2.048,-1.083,1.375
2024-05-16 00:30:00,x,4.6,0.6,0.3,1.8645407449689189,0.02,0.353,-0.013,1.962,-0.934,1.42
2024-05-16 00:30:00,x,4.6,0.6,0.35,1.8414783532476668,0.022,0.362,-0.015,1.9,-0.835,1.452
2024-05-16 00:30:00,x,4.6,0.6,0.4,1.8181928912596022,0.025,0.37,-0.017,1.83,-0.733,1.442
2024-05-16 00:30:00,x,4.6,0.6,0.45,1.791571359517702,0.029,0.378,-0.021,1.74,-0.626,1.414
2024-05-16 00:30:00,x,4.6,0.6,0.5,1.7739838067123352,0.034,0.381,-0.024,1.706,-0.587,1.421
2024-05-16 00:30:00,x,4.6,0.6,0.55,1.7627535649333739,0.039,0.381,-0.027,1.716,-0.588,1.426
2024-05-16 00:30:00,x,4.6,0.6,0.6,1.7589875468676193,0.044,0.377,-0.03,1.776,-0.654,1.408
2024-05-16 00:30:00,x,4.6,0.6,0.65,1.761965405522486,0.049,0.366,-0.032,1.879,-0.792,1.356
2024-05-16 00:30:00,x,4.6,0.6,0.7,1.7696357577897466,0.055,0.356,-0.034,1.95,-0.905,1.32
2024-05-16 00:30:00,x,4.6,0.6,0.75,1.7858776970902952,0.062,0.346,-0.037,2.013,-1.015,1.268
2024-05-16 00:30:00,x,4.6,0.6,0.8,1.8011154569016365,0.066,0.337,-0.039,2.07,-1.112,1.26
2024-05-16 00:30:00,x,4.6,0.6,0.85,1.8094587041726882,0.068,0.332,-0.04,2.098,-1.163,1.238
2024-05-16 00:30:00,x,4.6,0.6,0.9,1.830107278114626,0.072,0.321,-0.041,2.161,-1.284,1.295
2024-05-16 00:30:00,x,4.6,0.6,0.95,1.833236385009061,0.074,0.32,-0.042,2.17,-1.3,1.221
2024-05-16 00:30:00,x,4.65,0.6,0.0,1.9796803728812291,0.012,0.324,-0.007,2.138,-1.247,1.411
2024-05-16 00:30:00,x,4.65,0.6,0.05,1.9779612593374505,0.011,0.325,-0.007,2.132,-1.237,1.433
2024-05-16 00:30:00,x,4.65,0.6,0.1,1.9756431596784156,0.01,0.327,-0.006,2.125,-1.224,1.471
2024-05-16 00:30:00,x,4.65,0.6,0.15,1.9529425077382971,0.012,0.328,-0.007,2.117,-1.209,1.481
2024-05-16 00:30:00,x,4.65,0.6,0.2,1.9257554438100766,0.014,0.335,-0.008,2.078,-1.135,1.387
2024-05-16 00:30:00,x,4.65,0.6,0.25,1.9119881017628833,0.016,0.338,-0.01,2.059,-1.102,1.384
2024-05-16 00:30:00,x,4.65,0.6,0.3,1.8780907339453181,0.019,0.348,-0.013,2.001,-0.996,1.392
2024-05-16 00:30:00,x,4.65,0.6,0.35,1.8407332346118068,0.023,0.362,-0.015,1.901,-0.835,1.443
2024-05-16 00:30:00,x,4.65,0.6,0.4,1.8094452343357694,0.026,0.374,-0.019,1.799,-0.693,1.446
2024-05-16 00:30:00,x,4.65,0.6,0.45,1.7919852238645044,0.029,0.379,-0.021,1.734,-0.619,1.425
2024-05-16 00:30:00,x,4.65,0.6,0.5,1.7749765636710402,0.034,0.382,-0.024,1.688,-0.569,1.416
2024-05-16 00:30:00,x,4.65,0.6,0.55,1.76544501809015,0.039,0.381,-0.027,1.709,-0.591,1.413
2024-05-16 00:30:00,x,4.65,0.6,0.6,1.7580636607183606,0.045,0.375,-0.03,1.796,-0.676,1.389
2024-05-16 00:30:00,x,4.65,0.6,0.65,1.7608068448608185,0.049,0.367,-0.032,1.862,-0.773,1.349
2024-05-16 00:30:00,x,4.65,0.6,0.7,1.764669198959826,0.053,0.361,-0.034,1.918,-0.853,1.319
2024-05-16 00:30:00,x,4.65,0.6,0.75,1.7893762072045254,0.063,0.344,-0.038,2.025,-1.035,1.24
2024-05-16 00:30:00,x,4.65,0.6,0.8,1.8010673961094963,0.066,0.337,-0.039,2.069,-1.111,1.213
2024-05-16 00:30:00,x,4.65,0.6,0.85,1.807528263304612,0.068,0.334,-0.04,2.092,-1.151,1.209
2024-05-16 00:30:00,x,4.65,0.6,0.9,1.8296317825403932,0.073,0.322,-0.042,2.157,-1.278,1.205
2024-05-16 00:30:00,x,4.65,0.6,0.95,1.8351195904245496,0.074,0.319,-0.042,2.174,-1.309,1.186
2024-05-16 00:30:00,o,0.05,0.05,0.0,2.0991935992585615,0.0089355463272,0.258,-0.0048214413658,2.52,-2.037,1.813
2024-05-16 00:30:00,o,0.05,0.05,0.05,2.1140302025184856,0.0094372618928,0.251,-0.0048287113168,2.55,-2.103,1.944
2024-05-16 00:30:00,o,0.05,0.05,0.1,2.115530634079463,0.010743171348,0.251,-0.0047351119186,2.55,-2.103,1.881
2024-05-16 00:30:00,o,0.05,0.05,0.15,2.1107108918510478,0.013554269608,0.245,-0.0061950765388,2.59,-2.193,2.46
2024-05-16 00:30:00,o,0.05,0.05,0.2,2.0951065573286645,0.016272885915,0.248,-0.0074494971203,2.57,-2.148,2.114
2024-05-16 00:30:00,o,0.05,0.05,0.25,2.0588130725394698,0.019819569905,0.255,-0.0099659748759,2.53,-2.059,2.236
2024-05-16 00:30:00,o,0.05,0.05,0.3,2.019440331916381,0.021146111803,0.264,-0.01049896853,2.48,-1.948,2.186
2024-05-16 00:30:00,o,0.05,0.05,0.35,1.9649946207081137,0.021495158424,0.287,-0.011607318072,2.35,-1.667,2.268
2024-05-16 00:30:00,o,0.05,0.05,0.4,1.8941332216768987,0.020684734026,0.317,-0.012914346952,2.19,-1.338,2.127
2024-05-16 00:30:00,o,0.05,0.05,0.45,1.825426117767823,0.017762579195,0.348,-0.012322525141,2.01,-1.001,2.056
2024-05-16 00:30:00,o,0.05,0.05,0.5,1.825426117767823,0.017762579195,0.348,-0.012322525141,2.01,-1.001,2.056
2024-05-16 00:30:00,o,0.05,0.05,0.55,1.7844247055864275,0.016045630579,0.369,-0.010617422416,1.86,-0.753,2.005
2024-05-16 00:30:00,o,0.05,0.05,0.6,1.7605355662208575,0.013769075495,0.374,-0.0087726594973,1.83,-0.707,2.017
2024-05-16 00:30:00,o,0.05,0.05,0.65,1.7388043330789702,0.0098745797353,0.377,-0.0065034159907,1.81,-0.678,2.04
2024-05-16 00:30:00,o,0.05,0.05,0.7,1.7388043330789702,0.0098745797353,0.377,-0.0065034159907,1.81,-0.678,2.04
2024-05-16 00:30:00,o,0.05,0.05,0.75,1.7204570032795377,0.0048296541213,0.385,-0.0034130898984,1.73,-0.565,1.992
2024-05-16 00:30:00,o,0.05,0.05,0.8,1.7070248368557854,-0.0015745037999,0.394,0.0010253183177,1.65,-0.463,1.99
2024-05-16 00:30:00,o,0.05,0.05,0.85,1.6921504328139636,-0.0092016464548,0.404,0.0062653065117,1.52,-0.315,2.237
2024-05-16 00:30:00,o,0.05,0.05,0.9,1.6822082747144658,-0.015021068045,0.411,0.010531802974,1.38,-0.182,1.799
2024-05-16 00:30:00,o,0.05,0.05,0.95,1.6709134849994605,-0.020176852135,0.418,0.013426596047,1.23,-0.064,1.72
2024-05-16 00:30:00,o,0.05,0.1,0.0,2.1306424903718084,0.006777788113,0.244,-0.0027200133533,2.59,-2.193,1.76
2024-05-16 00:30:00,o,0.05,0.1,0.05,2.1140302025184856,0.0094372618928,0.251,-0.0048287113168,2.55,-2.103,1.944
2024-05-16 00:30:00,o,0.05,0.1,0.1,2.126644331832485,0.0052026790954,0.245,-0.0028471877744,2.59,-2.193,2.386
2024-05-16 00:30:00,o,0.05,0.1,0.15,2.1217862879336913,0.0098117388641,0.238,-0.0044768919454,2.62,-2.26,2.383
2024-05-16 00:30:00,o,0.05,0.1,0.2,2.0887242036513443,0.018069522689,0.248,-0.0084996215301,2.57,-2.148,2.751
2024-05-16 00:30:00,o,0.05,0.1,0.25,2.031408464251624,0.020104514791,0.264,-0.010240634582,2.48,-1.948,2.117
2024-05-16 00:30:00,o,0.05,0.1,0.3,2.031408464251624,0.020104514791,0.264,-0.010240634582,2.48,-1.948,2.117
2024-05-16 00:30:00,o,0.05,0.1,0.35,1.9806985955134881,0.02023257479,0.283,-0.01068653916,2.38,-1.731,2.233
2024-05-16 00:30:00,o,0.05,0.1,0.4,1.9649946207081137,0.021495158424,0.287,-0.011607318072,2.35,-1.667,2.268
2024-05-16 00:30:00,o,0.05,0.1,0.45,1.825426117767823,0.017762579195,0.348,-0.012322525141,2.01,-1.001,2.056
2024-05-16 00:30:00,o,0.05,0.1,0.5,1.7844247055864275,0.016045630579,0.369,-0.010617422416,1.86,-0.753,2.005
2024-05-16 00:30:00,o,0.05,0.1,0.55,1.7844247055864275,0.016045630579,0.369,-0.010617422416,1.86,-0.753,2.005
2024-05-16 00:30:00,o,0.05,0.1,0.6,1.7844247055864275,0.016045630579,0.369,-0.010617422416,1.86,-0.753,2.005
2024-05-16 00:30:00,o,0.05,0.1,0.65,1.7349597612724452,0.009521866211,0.381,-0.0058605567327,1.77,-0.62,2.001
2024-05-16 00:30:00,o,0.05,0.1,0.7,1.7154601359568469,0.0050550296886,0.389,-0.0027975443321,1.69,-0.513,1.934
2024-05-16 00:30:00,o,0.05,0.1,0.75,1.7154601359568469,0.0050550296886,0.389,-0.0027975443321,1.69,-0.513,1.934
2024-05-16 00:30:00,o,0.05,0.1,0.8,1.6876092135598644,-0.006680019931,0.407,0.0045709499628,1.45,-0.245,2.451
2024-05-16 00:30:00,o,0.05,0.1,0.85,1.6748060470343016,-0.019158204475,0.416,0.01335362065,1.26,-0.086,2.238
2024-05-16 00:30:00,o,0.05,0.1,0.9,1.6748060470343016,-0.019158204475,0.416,0.01335362065,1.26,-0.086,2.238
2024-05-16 00:30:00,o,0.05,0.1,0.95,1.670477786047275,-0.019753745145,0.419,0.013848959478,1.13,0.002,2.552
2024-05-16 00:30:00,o,0.05,0.15,0.0,2.1444558890542975,0.004661781626,0.237,-0.0024363921914,2.64,-2.305,2.007
2024-05-16 00:30:00,o,0.05,0.15,0.05,2.1444558890542975,0.004661781626,0.237,-0.0024363921914,2.64,-2.305,2.007
2024-05-16 00:30:00,o,0.05,0.15,0.1,2.1566733042518957,0.0023589076881,0.231,-0.0011096473368,2.68,-2.396,1.979
2024-05-16 00:30:00,o,0.05,0.15,0.15,2.128418656431562,0.0075848843062,0.235,-0.0034660242506,2.65,-2.328,1.955
2024-05-16 00:30:00,o,0.05,0.15,0.2,2.128418656431562,0.0075848843062,0.235,-0.0034660242506,2.65,-2.328,1.955
2024-05-16 00:30:00,o,0.05,0.15,0.25,2.031408464251624,0.020104514791,0.264,-0.010240634582,2.48,-1.948,2.117
2024-05-16 00:30:00,o,0.05,0.15,0.3,2.031408464251624,0.020104514791,0.264,-0.010240634582,2.48,-1.948,2.117
2024-05-16 00:30:00,o,0.05,0.15,0.35,2.031408464251624,0.020104514791,0.264,-0.010240634582,2.48,-1.948,2.117
2024-05-16 00:30:00,o,0.05,0.15,0.4,1.9236739542223382,0.018066938603,0.306,-0.010457559865,2.24,-1.438,2.111
2024-05-16 00:30:00,o,0.05,0.15,0.45,1.8321830696383787,0.016001447798,0.343,-0.010886537247,2.04,-1.054,1.932
2024-05-16 00:30:00,o,0.05,0.15,0.5,1.7707636715770392,0.014789777579,0.372,-0.009977990604,1.84,-0.722,1.982
2024-05-16 00:30:00,o,0.05,0.15,0.55,1.7707636715770392,0.014789777579,0.372,-0.009977990604,1.84,-0.722,1.982
2024-05-16 00:30:00,o,0.05,0.15,0.6,1.7707636715770392,0.014789777579,0.372,-0.009977990604,1.84,-0.722,1.982
2024-05-16 00:30:00,o,0.05,0.15,0.65,1.7154601359568469,0.0050550296886,0.389,-0.0027975443321,1.69,-0.513,1.934
2024-05-16 00:30:00,o,0.05,0.15,0.7,1.7154601359568469,0.0050550296886,0.389,-0.0027975443321,1.69,-0.513,1.934
2024-05-16 00:30:00,o,0.05,0.15,0.75,1.7154601359568469,0.0050550296886,0.389,-0.0027975443321,1.69,-0.513,1.934
2024-05-16 00:30:00,o,0.05,0.15,0.8,1.696854187544452,-0.00043619633443,0.401,0.00057241184865,1.56,-0.358,1.885
2024-05-16 00:30:00,o,0.05,0.15,0.85,1.673380365225038,-0.019827581917,0.417,0.013847393153,1.23,-0.064,1.813
2024-05-16 00:30:00,o,0.05,0.15,0.9,1.669233175490693,-0.024344294145,0.419,0.01609481014,1.13,0.002,1.916
2024-05-16 00:30:00,o,0.05,0.15,0.95,1.667873034639847,-0.02311999746,0.419,0.014361189654,1.13,0.002,1.934
2024-05-16 00:30:00,o,0.05,0.2,0.0,2.174129615025096,0.0016200905221,0.224,-0.0011447778123,2.71,-2.464,2.026
2024-05-16 00:30:00,o,0.05,0.2,0.05,2.1591910829807004,0.0029782311923,0.231,-0.0011539904855,2.68,-2.396,1.97
2024-05-16 00:30:00,o,0.05,0.2,0.1,2.1566733042518957,0.0023589076881,0.231,-0.0011096473368,2.68,-2.396,1.979
2024-05-16 00:30:00,o,0.05,0.2,0.15,2.128418656431562,0.0075848843062,0.235,-0.0034660242506,2.65,-2.328,1.955
2024-05-16 00:30:00,o,0.05,0.2,0.2,2.0962633015462417,0.011447602127,0.242,-0.0050844152218,2.61,-2.238,1.861
2024-05-16 00:30:00,o,0.05,0.2,0.25,2.0297975808304907,0.018019977013,0.261,-0.0095282009311,2.49,-1.97,2.018
2024-05-16 00:30:00,o,0.05,0.2,0.3,2.0297975808304907,0.018019977013,0.261,-0.0095282009311,2.49,-1.97,2.018
2024-05-16 00:30:00,o,0.05,0.2,0.35,1.9532666640766982,0.019900874195,0.292,-0.011226666465,2.32,-1.604,1.996
2024-05-16 00:30:00,o,0.05,0.2,0.4,1.9532666640766982,0.019900874195,0.292,-0.011226666465,2.32,-1.604,1.996
2024-05-16 00:30:00,o,0.05,0.2,0.45,1.809896246602439,0.019470329211,0.353,-0.013501529427,1.97,-0.931,1.923
2024-05-16 00:30:00,o,0.05,0.2,0.5,1.7692295817365937,0.016267387112,0.377,-0.011485871682,1.81,-0.678,1.957
2024-05-16 00:30:00,o,0.05,0.2,0.55,1.7692295817365937,0.016267387112,0.377,-0.011485871682,1.81,-0.678,1.957
2024-05-16 00:30:00,o,0.05,0.2,0.6,1.7692295817365937,0.016267387112,0.377,-0.011485871682,1.81,-0.678,1.957
2024-05-16 00:30:00,o,0.05,0.2,0.65,1.711798796056756,0.0049445182425,0.392,-0.0032609218596,1.67,-0.487,1.873
2024-05-16 00:30:00,o,0.05,0.2,0.7,1.711798796056756,0.0049445182425,0.392,-0.0032609218596,1.67,-0.487,1.873
2024-05-16 00:30:00,o,0.05,0.2,0.75,1.6918679935514755,-0.002807388718,0.404,0.0018290316277,1.52,-0.315,1.812
2024-05-16 00:30:00,o,0.05,0.2,0.8,1.6782633724167304,-0.013542813054,0.413,0.0089074493358,1.35,-0.156,1.79
2024-05-16 00:30:00,o,0.05,0.2,0.85,1.673380365225038,-0.019827581917,0.417,0.013847393153,1.23,-0.064,1.813
2024-05-16 00:30:00,o,0.05,0.2,0.9,1.669233175490693,-0.024344294145,0.419,0.01609481014,1.13,0.002,1.916
2024-05-16 00:30:00,o,0.05,0.2,0.95,1.6680409536322354,-0.026379960064,0.419,0.016658976734,1.13,0.002,1.901
2024-05-16 00:30:00,o,0.05,0.25,0.0,2.174129615025096,0.0016200905221,0.224,-0.0011447778123,2.71,-2.464,2.026
2024-05-16 00:30:00,o,0.05,0.25,0.05,2.174129615025096,0.0016200905221,0.224,-0.0011447778123,2.71,-2.464,2.026
2024-05-16 00:30:00,o,0.05,0.25,0.1,2.173180438917017,0.0020685737366,0.225,-0.00073752368537,2.71,-2.464,2.061
2024-05-16 00:30:00,o,0.05,0.25,0.15,2.1207120938344755,0.008351786971,0.234,-0.0035764048228,2.65,-2.328,1.88
2024-05-16 00:30:00,o,0.05,0.25,0.2,2.0962633015462417,0.011447602127,0.242,-0.0050844152218,2.61,-2.238,1.861
2024-05-16 00:30:00,o,0.05,0.25,0.25,2.0962633015462417,0.011447602127,0.242,-0.0050844152218,2.61,-2.238,1.861
2024-05-16 00:30:00,o,0.05,0.25,0.3,2.0297975808304907,0.018019977013,0.261,-0.0095282009311,2.49,-1.97,2.018
2024-05-16 00:30:00,o,0.05,0.25,0.35,1.9532666640766982,0.019900874195,0.292,-0.011226666465,2.32,-1.604,1.996
2024-05-16 00:30:00,o,0.05,0.25,0.4,1.8660745713089406,0.022138270425,0.331,-0.014502055273,2.11,-1.183,1.945
2024-05-16 00:30:00,o,0.05,0.25,0.45,1.8660745713089406,0.022138270425,0.331,-0.014502055273,2.11,-1.183,1.945
2024-05-16 00:30:00,o,0.05,0.25,0.5,1.809896246602439,0.019470329211,0.353,-0.013501529427,1.97,-0.931,1.923
2024-05-16 00:30:00,o,0.05,0.25,0.55,1.7692295817365937,0.016267387112,0.377,-0.011485871682,1.81,-0.678,1.957
2024-05-16 00:30:00,o,0.05,0.25,0.6,1.7322167889819808,0.012082303113,0.391,-0.00796169672,1.67,-0.487,1.899
2024-05-16 00:30:00,o,0.05,0.25,0.65,1.7322167889819808,0.012082303113,0.391,-0.00796169672,1.67,-0.487,1.899
2024-05-16 00:30:00,o,0.05,0.25,0.7,1.711798796056756,0.0049445182425,0.392,-0.0032609218596,1.67,-0.487,1.873
2024-05-16 00:30:00,o,0.05,0.25,0.75,1.6918679935514755,-0.002807388718,0.404,0.0018290316277,1.52,-0.315,1.812
2024-05-16 00:30:00,o,0.05,0.25,0.8,1.6782633724167304,-0.013542813054,0.413,0.0089074493358,1.35,-0.156,1.79
2024-05-16 00:30:00,o,0.05,0.25,0.85,1.6735277491895988,-0.015772228565,0.417,0.011221460112,1.23,-0.064,1.859
2024-05-16 00:30:00,o,0.05,0.25,0.9,1.6705148838312174,-0.023695322368,0.419,0.016518111839,1.13,0.002,1.996
2024-05-16 00:30:00,o,0.05,0.25,0.95,1.668096912204907,-0.027979760243,0.419,0.017764191441,1.13,0.002,1.971
2024-05-16 00:30:00,o,0.05,0.3,0.0,2.174129615025096,0.0016200905221,0.224,-0.0011447778123,2.71,-2.464,2.026
2024-05-16 00:30:00,o,0.05,0.3,0.05,2.1805186852075744,0.001812177605,0.222,-0.0005353368678,2.73,-2.51,2.044
2024-05-16 00:30:00,o,0.05,0.3,0.1,2.1666905532176544,0.0029985655836,0.226,-0.00088933212101,2.7,-2.441,1.954
2024-05-16 00:30:00,o,0.05,0.3,0.15,2.1207120938344755,0.008351786971,0.234,-0.0035764048228,2.65,-2.328,1.88
2024-05-16 00:30:00,o,0.05,0.3,0.2,2.1207120938344755,0.008351786971,0.234,-0.0035764048228,2.65,-2.328,1.88
2024-05-16 00:30:00,o,0.05,0.3,0.25,2.1207120938344755,0.008351786971,0.234,-0.0035764048228,2.65,-2.328,1.88
2024-05-16 00:30:00,o,0.05,0.3,0.3,1.9532666640766982,0.019900874195,0.292,-0.011226666465,2.32,-1.604,1.996
2024-05-16 00:30:00,o,0.05,0.3,0.35,1.8660745713089406,0.022138270425,0.331,-0.014502055273,2.11,-1.183,1.945
2024-05-16 00:30:00,o,0.05,0.3,0.4,1.8660745713089406,0.022138270425,0.331,-0.014502055273,2.11,-1.183,1.945
2024-05-16 00:30:00,o,0.05,0.3,0.45,1.8660745713089406,0.022138270425,0.331,-0.014502055273,2.11,-1.183,1.945
2024-05-16 00:30:00,o,0.05,0.3,0.5,1.8660745713089406,0.022138270425,0.331,-0.014502055273,2.11,-1.183,1.945
2024-05-16 00:30:00,o,0.05,0.3,0.55,1.7453637043794725,0.019044092269,0.389,-0.013233085969,1.69,-0.513,1.984
2024-05-16 00:30:00,o,0.05,0.3,0.6,1.7222471624796505,0.013460962739,0.396,-0.0095919454887,1.61,-0.415,1.969
2024-05-16 00:30:00,o,0.05,0.3,0.65,1.7222471624796505,0.013460962739,0.396,-0.0095919454887,1.61,-0.415,1.969
2024-05-16 00:30:00,o,0.05,0.3,0.7,1.6975867473374109,0.0073463538063,0.401,-0.005421956918,1.56,-0.358,1.927
2024-05-16 00:30:00,o,0.05,0.3,0.75,1.6754116937148633,-0.0093529031818,0.415,0.0061524913783,1.29,-0.108,1.855
2024-05-16 00:30:00,o,0.05,0.3,0.8,1.6735277491895988,-0.015772228565,0.417,0.011221460112,1.23,-0.064,1.859
2024-05-16 00:30:00,o,0.05,0.3,0.85,1.6735277491895988,-0.015772228565,0.417,0.011221460112,1.23,-0.064,1.859
2024-05-16 00:30:00,o,0.05,0.3,0.9,1.6712932061679284,-0.021430366533,0.418,0.014522845929,1.23,-0.064,1.933
2024-05-16 00:30:00,o,0.05,0.3,0.95,1.669326180134252,-0.026523090103,0.419,0.017612581086,1.13,0.002,2.006
2024-05-16 00:30:00,o,0.05,0.35,0.0,2.1805186852075744,0.001812177605,0.222,-0.0005353368678,2.73,-2.51,2.044
2024-05-16 00:30:00,o,0.05,0.35,0.05,2.1868348967542564,0.0015534534868,0.219,-0.000799805554,2.75,-2.555,1.976
2024-05-16 00:30:00,o,0.05,0.35,0.1,2.1666905532176544,0.0029985655836,0.226,-0.00088933212101,2.7,-2.441,1.954
2024-05-16 00:30:00,o,0.05,0.35,0.15,2.1666905532176544,0.0029985655836,0.226,-0.00088933212101,2.7,-2.441,1.954
2024-05-16 00:30:00,o,0.05,0.35,0.2,2.08540118968885,0.011547258012,0.243,-0.0055885281543,2.6,-2.215,1.819
2024-05-16 00:30:00,o,0.05,0.35,0.25,2.08540118968885,0.011547258012,0.243,-0.0055885281543,2.6,-2.215,1.819
2024-05-16 00:30:00,o,0.05,0.35,0.3,2.0548389514797343,0.014244522084,0.255,-0.0064488776345,2.53,-2.059,1.772
2024-05-16 00:30:00,o,0.05,0.35,0.35,1.8975281268424906,0.021212119073,0.316,-0.01337372574,2.19,-1.338,1.949
2024-05-16 00:30:00,o,0.05,0.35,0.4,1.8424594570666035,0.023060310485,0.343,-0.014834721892,2.04,-1.054,1.995
2024-05-16 00:30:00,o,0.05,0.35,0.45,1.8424594570666035,0.023060310485,0.343,-0.014834721892,2.04,-1.054,1.995
2024-05-16 00:30:00,o,0.05,0.35,0.5,1.8424594570666035,0.023060310485,0.343,-0.014834721892,2.04,-1.054,1.995
2024-05-16 00:30:00,o,0.05,0.35,0.55,1.7453637043794725,0.019044092269,0.389,-0.013233085969,1.69,-0.513,1.984
2024-05-16 00:30:00,o,0.05,0.35,0.6,1.7222471624796505,0.013460962739,0.396,-0.0095919454887,1.61,-0.415,1.969
2024-05-16 00:30:00,o,0.05,0.35,0.65,1.7222471624796505,0.013460962739,0.396,-0.0095919454887,1.61,-0.415,1.969
2024-05-16 00:30:00,o,0.05,0.35,0.7,1.6975867473374109,0.0073463538063,0.401,-0.005421956918,1.56,-0.358,1.927
2024-05-16 00:30:00,o,0.05,0.35,0.75,1.6754116937148633,-0.0093529031818,0.415,0.0061524913783,1.29,-0.108,1.855
2024-05-16 00:30:00,o,0.05,0.35,0.8,1.6754116937148633,-0.0093529031818,0.415,0.0061524913783,1.29,-0.108,1.855
2024-05-16 00:30:00,o,0.05,0.35,0.85,1.6735277491895988,-0.015772228565,0.417,0.011221460112,1.23,-0.064,1.859
2024-05-16 00:30:00,o,0.05,0.35,0.9,1.6712932061679284,-0.021430366533,0.418,0.014522845929,1.23,-0.064,1.933
2024-05-16 00:30:00,o,0.05,0.35,0.95,1.6698187725050944,-0.025023249745,0.419,0.016940353953,1.13,0.002,1.979
2024-05-16 00:30:00,o,0.05,0.4,0.0,2.199420553885805,0.0019497750801,0.214,-0.00081702434507,2.78,-2.623,2.004
2024-05-16 00:30:00,o,0.05,0.4,0.05,2.199420553885805,0.0019497750801,0.214,-0.00081702434507,2.78,-2.623,2.004
2024-05-16 00:30:00,o,0.05,0.4,0.1,2.1868348967542564,0.0015534534868,0.219,-0.000799805554,2.75,-2.555,1.976
2024-05-16 00:30:00,o,0.05,0.4,0.15,2.161257168122225,0.0055689786443,0.222,-0.0021623750136,2.73,-2.51,1.88
2024-05-16 00:30:00,o,0.05,0.4,0.2,2.08540118968885,0.011547258012,0.243,-0.0055885281543,2.6,-2.215,1.819
2024-05-16 00:30:00,o,0.05,0.4,0.25,2.0548389514797343,0.014244522084,0.255,-0.0064488776345,2.53,-2.059,1.772
2024-05-16 00:30:00,o,0.05,0.4,0.3,1.9672624086093502,0.019510190205,0.288,-0.011028747593,2.34,-1.646,1.865
2024-05-16 00:30:00,o,0.05,0.4,0.35,1.8941276798384612,0.022449685755,0.322,-0.013496449988,2.16,-1.279,1.944
2024-05-16 00:30:00,o,0.05,0.4,0.4,1.8374053394696124,0.023924430285,0.349,-0.016303568887,2.0,-0.983,2.005
2024-05-16 00:30:00,o,0.05,0.4,0.45,1.8374053394696124,0.023924430285,0.349,-0.016303568887,2.0,-0.983,2.005
2024-05-16 00:30:00,o,0.05,0.4,0.5,1.7804973305808234,0.023321541888,0.374,-0.016667393814,1.83,-0.707,2.006
2024-05-16 00:30:00,o,0.05,0.4,0.55,1.7453637043794725,0.019044092269,0.389,-0.013233085969,1.69,-0.513,1.984
2024-05-16 00:30:00,o,0.05,0.4,0.6,1.7453637043794725,0.019044092269,0.389,-0.013233085969,1.69,-0.513,1.984
2024-05-16 00:30:00,o,0.05,0.4,0.65,1.6975867473374109,0.0073463538063,0.401,-0.005421956918,1.56,-0.358,1.927
2024-05-16 00:30:00,o,0.05,0.4,0.7,1.6786731314693555,-6.370556425e-05,0.413,3.7716425074e-05,1.35,-0.156,1.892
2024-05-16 00:30:00,o,0.05,0.4,0.75,1.6786731314693555,-6.370556425e-05,0.413,3.7716425074e-05,1.35,-0.156,1.892
2024-05-16 00:30:00,o,0.05,0.4,0.8,1.6754116937148633,-0.0093529031818,0.415,0.0061524913783,1.29,-0.108,1.855
2024-05-16 00:30:00,o,0.05,0.4,0.85,1.6730301277206503,-0.016997519749,0.417,0.011711705315,1.23,-0.064,1.941
2024-05-16 00:30:00,o,0.05,0.4,0.9,1.6712932061679284,-0.021430366533,0.418,0.014522845929,1.23,-0.064,1.933
2024-05-16 00:30:00,o,0.05,0.4,0.95,1.6698187725050944,-0.025023249745,0.419,0.016940353953,1.13,0.002,1.979
2024-05-16 00:30:00,o,0.05,0.45,0.0,2.199420553885805,0.0019497750801,0.214,-0.00081702434507,2.78,-2.623,2.004
2024-05-16 00:30:00,o,0.05,0.45,0.05,2.199420553885805,0.0019497750801,0.214,-0.00081702434507,2.78,-2.623,2.004
2024-05-16 00:30:00,o,0.05,0.45,0.1,2.1983381207379296,0.0034465366779,0.214,-0.0018618434887,2.78,-2.623,2.007
2024-05-16 00:30:00,o,0.05,0.45,0.15,2.1707426941925974,0.0050948368734,0.219,-0.0022438590099,2.75,-2.555,1.853
2024-05-16 00:30:00,o,0.05,0.45,0.2,2.1069350556773636,0.010247458387,0.237,-0.0041636705564,2.64,-2.305,1.799
2024-05-16 00:30:00,o,0.05,0.45,0.25,2.0548389514797343,0.014244522084,0.255,-0.0064488776345,2.53,-2.059,1.772
2024-05-16 00:30:00,o,0.05,0.45,0.3,1.9672624086093502,0.019510190205,0.288,-0.011028747593,2.34,-1.646,1.865
2024-05-16 00:30:00,o,0.05,0.45,0.35,1.9672624086093502,0.019510190205,0.288,-0.011028747593,2.34,-1.646,1.865
2024-05-16 00:30:00,o,0.05,0.45,0.4,1.8941276798384612,0.022449685755,0.322,-0.013496449988,2.16,-1.279,1.944
2024-05-16 00:30:00,o,0.05,0.45,0.45,1.7804973305808234,0.023321541888,0.374,-0.016667393814,1.83,-0.707,2.006
2024-05-16 00:30:00,o,0.05,0.45,0.5,1.7804973305808234,0.023321541888,0.374,-0.016667393814,1.83,-0.707,2.006
2024-05-16 00:30:00,o,0.05,0.45,0.55,1.7804973305808234,0.023321541888,0.374,-0.016667393814,1.83,-0.707,2.006
2024-05-16 00:30:00,o,0.05,0.45,0.6,1.7453637043794725,0.019044092269,0.389,-0.013233085969,1.69,-0.513,1.984
2024-05-16 00:30:00,o,0.05,0.45,0.65,1.6975867473374109,0.0073463538063,0.401,-0.005421956918,1.56,-0.358,1.927
2024-05-16 00:30:00,o,0.05,0.45,0.7,1.6786731314693555,-6.370556425e-05,0.413,3.7716425074e-05,1.35,-0.156,1.892
2024-05-16 00:30:00,o,0.05,0.45,0.75,1.6786731314693555,-6.370556425e-05,0.413,3.7716425074e-05,1.35,-0.156,1.892
2024-05-16 00:30:00,o,0.05,0.45,0.8,1.6786731314693555,-6.370556425e-05,0.413,3.7716425074e-05,1.35,-0.156,1.892
2024-05-16 00:30:00,o,0.05,0.45,0.85,1.6693354795032642,-0.017327597233,0.419,0.011439955415,1.13,0.002,1.982
2024-05-16 00:30:00,o,0.05,0.45,0.9,1.6693354795032642,-0.017327597233,0.419,0.011439955415,1.13,0.002,1.982
2024-05-16 00:30:00,o,0.05,0.45,0.95,1.6673408624307169,-0.020268351129,0.419,0.012080068537,1.13,0.002,2.007
2024-05-16 00:30:00,o,0.05,0.5,0.0,2.1983381207379296,0.0034465366779,0.214,-0.0018618434887,2.78,-2.623,2.007
2024-05-16 00:30:00,o,0.05,0.5,0.05,2.1983381207379296,0.0034465366779,0.214,-0.0018618434887,2.78,-2.623,2.007
2024-05-16 00:30:00,o,0.05,0.5,0.1,2.1707426941925974,0.0050948368734,0.219,-0.0022438590099,2.75,-2.555,1.853
2024-05-16 00:30:00,o,0.05,0.5,0.15,2.1707426941925974,0.0050948368734,0.219,-0.0022438590099,2.75,-2.555,1.853
2024-05-16 00:30:00,o,0.05,0.5,0.2,2.1069350556773636,0.010247458387,0.237,-0.0041636705564,2.64,-2.305,1.799
2024-05-16 00:30:00,o,0.05,0.5,0.25,2.1069350556773636,0.010247458387,0.237,-0.0041636705564,2.64,-2.305,1.799
2024-05-16 00:30:00,o,0.05,0.5,0.3,1.9510167803006295,0.020103390236,0.296,-0.011521805614,2.3,-1.562,1.871
2024-05-16 00:30:00,o,0.05,0.5,0.35,1.9510167803006295,0.020103390236,0.296,-0.011521805614,2.3,-1.562,1.871
2024-05-16 00:30:00,o,0.05,0.5,0.4,1.8760329950975119,0.023382245069,0.332,-0.015117476939,2.1,-1.164,1.945
2024-05-16 00:30:00,o,0.05,0.5,0.45,1.799037126703081,0.024622359935,0.375,-0.017583991224,1.82,-0.692,1.994
2024-05-16 00:30:00,o,0.05,0.5,0.5,1.7668885256724438,0.023959253266,0.384,-0.017978076873,1.75,-0.592,2.025
2024-05-16 00:30:00,o,0.05,0.5,0.55,1.7668885256724438,0.023959253266,0.384,-0.017978076873,1.75,-0.592,2.025
2024-05-16 00:30:00,o,0.05,0.5,0.6,1.7032655776801118,0.01721949188,0.409,-0.012235278019,1.42,-0.217,1.997
2024-05-16 00:30:00,o,0.05,0.5,0.65,1.7032655776801118,0.01721949188,0.409,-0.012235278019,1.42,-0.217,1.997
2024-05-16 00:30:00,o,0.05,0.5,0.7,1.6715708407336634,0.0016777631714,0.418,-0.001,1.23,-0.064,1.894
2024-05-16 00:30:00,o,0.05,0.5,0.75,1.6715708407336634,0.0016777631714,0.418,-0.001,1.23,-0.064,1.894
2024-05-16 00:30:00,o,0.05,0.5,0.8,1.6715708407336634,0.0016777631714,0.418,-0.001,1.23,-0.064,1.894
2024-05-16 00:30:00,o,0.05,0.5,0.85,1.6605904009511723,-0.013544778951,0.419,0.0028685998819,1.13,0.002,1.945
2024-05-16 00:30:00,o,0.05,0.5,0.9,1.6605904009511723,-0.013544778951,0.419,0.0028685998819,1.13,0.002,1.945
2024-05-16 00:30:00,o,0.05,0.5,0.95,1.6673408624307169,-0.020268351129,0.419,0.012080068537,1.13,0.002,2.007
2024-05-16 00:30:00,o,0.05,0.55,0.0,2.199697596516536,0.0025163170476,0.214,-0.00093404669243,2.78,-2.623,1.969
2024-05-16 00:30:00,o,0.05,0.55,0.05,2.1938950656193508,0.003078909078,0.216,-0.0015231477867,2.77,-2.601,1.935
2024-05-16 00:30:00,o,0.05,0.55,0.1,2.1707426941925974,0.0050948368734,0.219,-0.0022438590099,2.75,-2.555,1.853
2024-05-16 00:30:00,o,0.05,0.55,0.15,2.1707426941925974,0.0050948368734,0.219,-0.0022438590099,2.75,-2.555,1.853
2024-05-16 00:30:00,o,0.05,0.55,0.2,2.0872879436597636,0.011150159912,0.242,-0.0047090389616,2.61,-2.238,1.678
2024-05-16 00:30:00,o,0.05,0.55,0.25,2.0872879436597636,0.011150159912,0.242,-0.0047090389616,2.61,-2.238,1.678
2024-05-16 00:30:00,o,0.05,0.55,0.3,1.9510167803006295,0.020103390236,0.296,-0.011521805614,2.3,-1.562,1.871
2024-05-16 00:30:00,o,0.05,0.55,0.35,1.8760329950975119,0.023382245069,0.332,-0.015117476939,2.1,-1.164,1.945
2024-05-16 00:30:00,o,0.05,0.55,0.4,1.799037126703081,0.024622359935,0.375,-0.017583991224,1.82,-0.692,1.994
2024-05-16 00:30:00,o,0.05,0.55,0.45,1.799037126703081,0.024622359935,0.375,-0.017583991224,1.82,-0.692,1.994
2024-05-16 00:30:00,o,0.05,0.55,0.5,1.7668885256724438,0.023959253266,0.384,-0.017978076873,1.75,-0.592,2.025
2024-05-16 00:30:00,o,0.05,0.55,0.55,1.7283943683940353,0.021233132516,0.402,-0.015786912039,1.54,-0.336,2.022
2024-05-16 00:30:00,o,0.05,0.55,0.6,1.7032655776801118,0.01721949188,0.409,-0.012235278019,1.42,-0.217,1.997
2024-05-16 00:30:00,o,0.05,0.55,0.65,1.7032655776801118,0.01721949188,0.409,-0.012235278019,1.42,-0.217,1.997
2024-05-16 00:30:00,o,0.05,0.55,0.7,1.6827586141990916,0.01115076893,0.411,-0.0075752597179,1.38,-0.182,1.958
2024-05-16 00:30:00,o,0.05,0.55,0.75,1.6715708407336634,0.0016777631714,0.418,-0.001,1.23,-0.064,1.894
2024-05-16 00:30:00,o,0.05,0.55,0.8,1.6605904009511723,-0.0063111617477,0.419,0.0,1.13,0.002,1.888
2024-05-16 00:30:00,o,0.05,0.55,0.85,1.6605904009511723,-0.0063111617477,0.419,0.0,1.13,0.002,1.888
2024-05-16 00:30:00,o,0.05,0.55,0.9,1.6605904009511723,-0.013544778951,0.419,0.0028685998819,1.13,0.002,1.945
2024-05-16 00:30:00,o,0.05,0.55,0.95,1.661216185615503,-0.017220243338,0.419,0.0058315666651,1.13,0.002,1.981
2024-05-16 00:30:00,o,0.05,0.6,0.0,2.199697596516536,0.0025163170476,0.214,-0.00093404669243,2.78,-2.623,1.969
2024-05-16 00:30:00,o,0.05,0.6,0.05,2.199697596516536,0.0025163170476,0.214,-0.00093404669243,2.78,-2.623,1.969
2024-05-16 00:30:00,o,0.05,0.6,0.1,2.1630420469141978,0.006008597253,0.219,-0.0021970589593,2.75,-2.555,1.717
2024-05-16 00:30:00,o,0.05,0.6,0.15,2.1630420469141978,0.006008597253,0.219,-0.0021970589593,2.75,-2.555,1.717
2024-05-16 00:30:00,o,0.05,0.6,0.2,2.0872879436597636,0.011150159912,0.242,-0.0047090389616,2.61,-2.238,1.678
2024-05-16 00:30:00,o,0.05,0.6,0.25,2.0620326586560562,0.011324308739,0.252,-0.0053592330677,2.55,-2.103,1.692
2024-05-16 00:30:00,o,0.05,0.6,0.3,2.0099987300480606,0.015707979061,0.271,-0.0085981484908,2.43,-1.839,1.81
2024-05-16 00:30:00,o,0.05,0.6,0.35,1.8633942451270933,0.023200296512,0.34,-0.015381936474,2.06,-1.09,1.956
2024-05-16 00:30:00,o,0.05,0.6,0.4,1.760354619608416,0.024117520704,0.396,-0.018071173951,1.61,-0.415,2.034
2024-05-16 00:30:00,o,0.05,0.6,0.45,1.760354619608416,0.024117520704,0.396,-0.018071173951,1.61,-0.415,2.034
2024-05-16 00:30:00,o,0.05,0.6,0.5,1.760354619608416,0.024117520704,0.396,-0.018071173951,1.61,-0.415,2.034
2024-05-16 00:30:00,o,0.05,0.6,0.55,1.7199689993728142,0.02141611799,0.412,-0.013,1.35,-0.156,2.042
2024-05-16 00:30:00,o,0.05,0.6,0.6,1.7199689993728142,0.02141611799,0.412,-0.013,1.35,-0.156,2.042
2024-05-16 00:30:00,o,0.05,0.6,0.65,1.6780082159719976,0.013940038426,0.417,-0.003,1.23,-0.064,1.96
2024-05-16 00:30:00,o,0.05,0.6,0.7,1.6780082159719976,0.013940038426,0.417,-0.003,1.23,-0.064,1.96
2024-05-16 00:30:00,o,0.05,0.6,0.75,1.6600492239566549,0.0099457797311,0.419,0.0,1.13,0.002,1.941
2024-05-16 00:30:00,o,0.05,0.6,0.8,1.651772130538201,-0.0061915388281,0.419,0.0,1.13,0.002,1.876
2024-05-16 00:30:00,o,0.05,0.6,0.85,1.651772130538201,-0.0061915388281,0.419,0.0,1.13,0.002,1.876
2024-05-16 00:30:00,o,0.05,0.6,0.9,1.650812449027452,-0.011312362184,0.419,0.0,1.13,0.002,1.934
2024-05-16 00:30:00,o,0.05,0.6,0.95,1.6544749566016965,-0.016512646408,0.419,0.00068689864057,1.13,0.002,1.999
2024-05-16 00:30:00,o,0.05,0.65,0.0,2.199697596516536,0.0025163170476,0.214,-0.00093404669243,2.78,-2.623,1.969
2024-05-16 00:30:00,o,0.05,0.65,0.05,2.194583712457154,0.0017849571705,0.216,-0.00071337170699,2.77,-2.601,1.984
2024-05-16 00:30:00,o,0.05,0.65,0.1,2.1884784959139347,0.0011326561135,0.218,-0.00094786033616,2.75,-2.555,1.939
2024-05-16 00:30:00,o,0.05,0.65,0.15,2.1604625283894827,0.00023417119162,0.225,-0.00019922676591,2.71,-2.464,1.837
2024-05-16 00:30:00,o,0.05,0.65,0.2,2.085875429076627,0.0060468431146,0.245,-0.0030113001326,2.59,-2.193,1.756
2024-05-16 00:30:00,o,0.05,0.65,0.25,2.0620326586560562,0.011324308739,0.252,-0.0053592330677,2.55,-2.103,1.692
2024-05-16 00:30:00,o,0.05,0.65,0.3,2.0620326586560562,0.011324308739,0.252,-0.0053592330677,2.55,-2.103,1.692
2024-05-16 00:30:00,o,0.05,0.65,0.35,1.7859772341666698,0.023861592724,0.38,-0.018043213623,1.78,-0.634,2.004
2024-05-16 00:30:00,o,0.05,0.65,0.4,1.7493652294041568,0.022695060922,0.405,-0.017439877024,1.49,-0.285,2.023
2024-05-16 00:30:00,o,0.05,0.65,0.45,1.7493652294041568,0.022695060922,0.405,-0.017439877024,1.49,-0.285,2.023
2024-05-16 00:30:00,o,0.05,0.65,0.5,1.7493652294041568,0.022695060922,0.405,-0.017439877024,1.49,-0.285,2.023
2024-05-16 00:30:00,o,0.05,0.65,0.55,1.713423335653093,0.019942615333,0.416,-0.009,1.26,-0.086,2.023
2024-05-16 00:30:00,o,0.05,0.65,0.6,1.7014557274421964,0.019139134107,0.418,-0.005,1.23,-0.064,2.022
2024-05-16 00:30:00,o,0.05,0.65,0.65,1.6769129872092097,0.014948939997,0.421,0.0,1.03,0.06,1.975
2024-05-16 00:30:00,o,0.05,0.65,0.7,1.655877643299285,0.010917426004,0.42,0.0,1.08,0.032,1.965
2024-05-16 00:30:00,o,0.05,0.65,0.75,1.6370792573981814,0.0044195441043,0.419,0.0,1.13,0.002,1.88
2024-05-16 00:30:00,o,0.05,0.65,0.8,1.646501750031612,-0.00019598126772,0.419,0.0,1.13,0.002,1.875
2024-05-16 00:30:00,o,0.05,0.65,0.85,1.651772130538201,-0.0061915388281,0.419,0.0,1.13,0.002,1.876
2024-05-16 00:30:00,o,0.05,0.65,0.9,1.650812449027452,-0.011312362184,0.419,0.0,1.13,0.002,1.934
2024-05-16 00:30:00,o,0.05,0.65,0.95,1.6460997117374419,-0.01465196241,0.419,0.0,1.13,0.002,1.975
2024-05-16 00:30:00,o,0.05,0.7,0.0,2.194583712457154,0.0017849571705,0.216,-0.00071337170699,2.77,-2.601,1.984
2024-05-16 00:30:00,o,0.05,0.7,0.05,2.1891645408675173,-0.00095976720145,0.218,0.00019356081701,2.75,-2.555,1.895
2024-05-16 00:30:00,o,0.05,0.7,0.1,2.1604625283894827,0.00023417119162,0.225,-0.00019922676591,2.71,-2.464,1.837
2024-05-16 00:30:00,o,0.05,0.7,0.15,2.1604625283894827,0.00023417119162,0.225,-0.00019922676591,2.71,-2.464,1.837
2024-05-16 00:30:00,o,0.05,0.7,0.2,2.085875429076627,0.0060468431146,0.245,-0.0030113001326,2.59,-2.193,1.756
2024-05-16 00:30:00,o,0.05,0.7,0.25,2.085875429076627,0.0060468431146,0.245,-0.0030113001326,2.59,-2.193,1.756
2024-05-16 00:30:00,o,0.05,0.7,0.3,2.0228653328189026,0.0061703738972,0.269,-0.0034631596978,2.44,-1.861,1.732
2024-05-16 00:30:00,o,0.05,0.7,0.35,1.908908383617911,0.012106685953,0.318,-0.0075049752621,2.18,-1.318,1.857
2024-05-16 00:30:00,o,0.05,0.7,0.4,1.8625845271701884,0.017405839955,0.343,-0.011052104355,2.04,-1.054,1.937
2024-05-16 00:30:00,o,0.05,0.7,0.45,1.7850449583315442,0.021340003172,0.382,-0.01559964605,1.77,-0.62,1.99
2024-05-16 00:30:00,o,0.05,0.7,0.5,1.7493652294041568,0.022695060922,0.405,-0.017439877024,1.49,-0.285,2.023
2024-05-16 00:30:00,o,0.05,0.7,0.55,1.713423335653093,0.019942615333,0.416,-0.009,1.26,-0.086,2.023
2024-05-16 00:30:00,o,0.05,0.7,0.6,1.6981353574130686,0.016098642453,0.424,0.0,0.79,0.17,2.009
2024-05-16 00:30:00,o,0.05,0.7,0.65,1.6618505309019231,0.012934588577,0.422,0.0,0.98,0.086,1.989
2024-05-16 00:30:00,o,0.05,0.7,0.7,1.6370792573981814,0.0044195441043,0.419,0.0,1.13,0.002,1.88
2024-05-16 00:30:00,o,0.05,0.7,0.75,1.6370792573981814,0.0044195441043,0.419,0.0,1.13,0.002,1.88
2024-05-16 00:30:00,o,0.05,0.7,0.8,1.6370792573981814,0.0044195441043,0.419,0.0,1.13,0.002,1.88
2024-05-16 00:30:00,o,0.05,0.7,0.85,1.650812449027452,-0.011312362184,0.419,0.0,1.13,0.002,1.934
2024-05-16 00:30:00,o,0.05,0.7,0.9,1.650812449027452,-0.011312362184,0.419,0.0,1.13,0.002,1.934
2024-05-16 00:30:00,o,0.05,0.7,0.95,1.6317987712368653,-0.014977327813,0.419,0.0,1.13,0.002,1.988
2024-05-16 00:30:00,o,0.05,0.75,0.0,2.1983711281087914,-0.0032144227463,0.214,0.00083938991906,2.78,-2.623,1.975
2024-05-16 00:30:00,o,0.05,0.75,0.05,2.1983711281087914,-0.0032144227463,0.214,0.00083938991906,2.78,-2.623,1.975
2024-05-16 00:30:00,o,0.05,0.75,0.1,2.1604625283894827,0.00023417119162,0.225,-0.00019922676591,2.71,-2.464,1.837
2024-05-16 00:30:00,o,0.05,0.75,0.15,2.1604625283894827,0.00023417119162,0.225,-0.00019922676591,2.71,-2.464,1.837
2024-05-16 00:30:00,o,0.05,0.75,0.2,2.0228653328189026,0.0061703738972,0.269,-0.0034631596978,2.44,-1.861,1.732
2024-05-16 00:30:00,o,0.05,0.75,0.25,2.0228653328189026,0.0061703738972,0.269,-0.0034631596978,2.44,-1.861,1.732
2024-05-16 00:30:00,o,0.05,0.75,0.3,2.0228653328189026,0.0061703738972,0.269,-0.0034631596978,2.44,-1.861,1.732
2024-05-16 00:30:00,o,0.05,0.75,0.35,1.908908383617911,0.012106685953,0.318,-0.0075049752621,2.18,-1.318,1.857
2024-05-16 00:30:00,o,0.05,0.75,0.4,1.908908383617911,0.012106685953,0.318,-0.0075049752621,2.18,-1.318,1.857
2024-05-16 00:30:00,o,0.05,0.75,0.45,1.8247309501900801,0.015413700146,0.358,-0.01088997767,1.95,-0.897,1.983
2024-05-16 00:30:00,o,0.05,0.75,0.5,1.7549672229302948,0.018427307626,0.394,-0.013751240628,1.65,-0.463,2.017
2024-05-16 00:30:00,o,0.05,0.75,0.55,1.6981353574130686,0.016098642453,0.424,0.0,0.79,0.17,2.009
2024-05-16 00:30:00,o,0.05,0.75,0.6,1.6762453693429875,0.010570588349,0.423,0.0,0.98,0.086,1.979
2024-05-16 00:30:00,o,0.05,0.75,0.65,1.6376097943380195,0.0070090495964,0.421,0.0,1.03,0.06,1.949
2024-05-16 00:30:00,o,0.05,0.75,0.7,1.6201881255309691,0.002244690702,0.419,0.0,1.13,0.002,1.881
2024-05-16 00:30:00,o,0.05,0.75,0.75,1.6201881255309691,0.002244690702,0.419,0.0,1.13,0.002,1.881
2024-05-16 00:30:00,o,0.05,0.75,0.8,1.6201881255309691,0.002244690702,0.419,0.0,1.13,0.002,1.881
2024-05-16 00:30:00,o,0.05,0.75,0.85,1.6313219871321376,-0.01220964481,0.419,0.0,1.13,0.002,1.969
2024-05-16 00:30:00,o,0.05,0.75,0.9,1.6313219871321376,-0.01220964481,0.419,0.0,1.13,0.002,1.969
2024-05-16 00:30:00,o,0.05,0.75,0.95,1.6161813333689639,-0.01646826111,0.419,0.0,1.13,0.002,1.96
2024-05-16 00:30:00,o,0.05,0.8,0.0,2.1983711281087914,-0.0032144227463,0.214,0.00083938991906,2.78,-2.623,1.975
2024-05-16 00:30:00,o,0.05,0.8,0.05,2.1983711281087914,-0.0032144227463,0.214,0.00083938991906,2.78,-2.623,1.975
2024-05-16 00:30:00,o,0.05,0.8,0.1,2.1750476995261674,-0.0074639592378,0.221,0.0035290174374,2.74,-2.532,1.894
2024-05-16 00:30:00,o,0.05,0.8,0.15,2.154670419315817,-0.0034869408363,0.225,0.0014568146505,2.71,-2.464,1.814
2024-05-16 00:30:00,o,0.05,0.8,0.2,2.0699935108637395,-0.0011333456443,0.251,0.00065953034723,2.55,-2.103,1.755
2024-05-16 00:30:00,o,0.05,0.8,0.25,2.0228653328189026,0.0061703738972,0.269,-0.0034631596978,2.44,-1.861,1.732
2024-05-16 00:30:00,o,0.05,0.8,0.3,1.908908383617911,0.012106685953,0.318,-0.0075049752621,2.18,-1.318,1.857
2024-05-16 00:30:00,o,0.05,0.8,0.35,1.908908383617911,0.012106685953,0.318,-0.0075049752621,2.18,-1.318,1.857
2024-05-16 00:30:00,o,0.05,0.8,0.4,1.8398989393088607,0.010839727032,0.353,-0.0071534962013,1.97,-0.931,1.938
2024-05-16 00:30:00,o,0.05,0.8,0.45,1.8398989393088607,0.010839727032,0.353,-0.0071534962013,1.97,-0.931,1.938
2024-05-16 00:30:00,o,0.05,0.8,0.5,1.7765268502139806,0.007393329258,0.386,-0.0053094158788,1.73,-0.565,1.992
2024-05-16 00:30:00,o,0.05,0.8,0.55,1.6762453693429875,0.010570588349,0.423,0.0,0.98,0.086,1.979
2024-05-16 00:30:00,o,0.05,0.8,0.6,1.6762453693429875,0.010570588349,0.423,0.0,0.98,0.086,1.979
2024-05-16 00:30:00,o,0.05,0.8,0.65,1.6376097943380195,0.0070090495964,0.421,0.0,1.03,0.06,1.949
2024-05-16 00:30:00,o,0.05,0.8,0.7,1.6201881255309691,0.002244690702,0.419,0.0,1.13,0.002,1.881
2024-05-16 00:30:00,o,0.05,0.8,0.75,1.6201881255309691,0.002244690702,0.419,0.0,1.13,0.002,1.881
2024-05-16 00:30:00,o,0.05,0.8,0.8,1.6033609243483804,-0.005143714885,0.419,0.0,1.13,0.002,1.82
2024-05-16 00:30:00,o,0.05,0.8,0.85,1.6071010093893723,-0.010612080474,0.419,0.0,1.13,0.002,1.85
2024-05-16 00:30:00,o,0.05,0.8,0.9,1.5951323202236003,-0.013906861679,0.419,0.0,1.13,0.002,1.877
2024-05-16 00:30:00,o,0.05,0.8,0.95,1.599948538669079,-0.016180241489,0.419,0.0,1.13,0.002,1.918
2024-05-16 00:30:00,o,0.05,0.85,0.0,2.2030655395076324,-0.0084314407838,0.213,0.0037770209892,2.79,-2.646,2.027
2024-05-16 00:30:00,o,0.05,0.85,0.05,2.197173005223001,-0.0068085239996,0.215,0.0027980082654,2.78,-2.623,1.941
2024-05-16 00:30:00,o,0.05,0.85,0.1,2.1750476995261674,-0.0074639592378,0.221,0.0035290174374,2.74,-2.532,1.894
2024-05-16 00:30:00,o,0.05,0.85,0.15,2.1750476995261674,-0.0074639592378,0.221,0.0035290174374,2.74,-2.532,1.894
2024-05-16 00:30:00,o,0.05,0.85,0.2,2.1161326821837854,-0.0062306672873,0.235,0.0030529652677,2.65,-2.328,1.831
2024-05-16 00:30:00,o,0.05,0.85,0.25,2.0699935108637395,-0.0011333456443,0.251,0.00065953034723,2.55,-2.103,1.755
2024-05-16 00:30:00,o,0.05,0.85,0.3,1.9710437918360286,-0.0012192324393,0.29,0.0011453997758,2.33,-1.625,1.923
2024-05-16 00:30:00,o,0.05,0.85,0.35,1.8398989393088607,0.010839727032,0.353,-0.0071534962013,1.97,-0.931,1.938
2024-05-16 00:30:00,o,0.05,0.85,0.4,1.7765268502139806,0.007393329258,0.386,-0.0053094158788,1.73,-0.565,1.992
2024-05-16 00:30:00,o,0.05,0.85,0.45,1.7765268502139806,0.007393329258,0.386,-0.0053094158788,1.73,-0.565,1.992
2024-05-16 00:30:00,o,0.05,0.85,0.5,1.7765268502139806,0.007393329258,0.386,-0.0053094158788,1.73,-0.565,1.992
2024-05-16 00:30:00,o,0.05,0.85,0.55,1.7083189011953697,0.0069409075641,0.419,-0.0057076862935,1.13,0.002,1.961
2024-05-16 00:30:00,o,0.05,0.85,0.6,1.7083189011953697,0.0069409075641,0.419,-0.0057076862935,1.13,0.002,1.961
2024-05-16 00:30:00,o,0.05,0.85,0.65,1.6376097943380195,0.0070090495964,0.421,0.0,1.03,0.06,1.949
2024-05-16 00:30:00,o,0.05,0.85,0.7,1.6033609243483804,-0.005143714885,0.419,0.0,1.13,0.002,1.82
2024-05-16 00:30:00,o,0.05,0.85,0.75,1.6033609243483804,-0.005143714885,0.419,0.0,1.13,0.002,1.82
2024-05-16 00:30:00,o,0.05,0.85,0.8,1.590618948206578,-0.011028267264,0.419,0.0,1.13,0.002,1.804
2024-05-16 00:30:00,o,0.05,0.85,0.85,1.5951323202236003,-0.013906861679,0.419,0.0,1.13,0.002,1.877
2024-05-16 00:30:00,o,0.05,0.85,0.9,1.5951323202236003,-0.013906861679,0.419,0.0,1.13,0.002,1.877
2024-05-16 00:30:00,o,0.05,0.85,0.95,1.599948538669079,-0.016180241489,0.419,0.0,1.13,0.002,1.918
2024-05-16 00:30:00,o,0.05,0.9,0.0,2.2041769800663014,-0.010523845031,0.212,0.0040342286545,2.79,-2.646,2.019
2024-05-16 00:30:00,o,0.05,0.9,0.05,2.2030655395076324,-0.0084314407838,0.213,0.0037770209892,2.79,-2.646,2.027
2024-05-16 00:30:00,o,0.05,0.9,0.1,2.1750476995261674,-0.0074639592378,0.221,0.0035290174374,2.74,-2.532,1.894
2024-05-16 00:30:00,o,0.05,0.9,0.15,2.1750476995261674,-0.0074639592378,0.221,0.0035290174374,2.74,-2.532,1.894
2024-05-16 00:30:00,o,0.05,0.9,0.2,2.1161326821837854,-0.0062306672873,0.235,0.0030529652677,2.65,-2.328,1.831
2024-05-16 00:30:00,o,0.05,0.9,0.25,2.1161326821837854,-0.0062306672873,0.235,0.0030529652677,2.65,-2.328,1.831
2024-05-16 00:30:00,o,0.05,0.9,0.3,1.9855162878527155,-0.0079067152004,0.282,0.0039209639766,2.38,-1.731,1.964
2024-05-16 00:30:00,o,0.05,0.9,0.35,1.794048650259805,0.0022948612362,0.377,-0.001479056865,1.81,-0.678,1.945
2024-05-16 00:30:00,o,0.05,0.9,0.4,1.794048650259805,0.0022948612362,0.377,-0.001479056865,1.81,-0.678,1.945
2024-05-16 00:30:00,o,0.05,0.9,0.45,1.794048650259805,0.0022948612362,0.377,-0.001479056865,1.81,-0.678,1.945
2024-05-16 00:30:00,o,0.05,0.9,0.5,1.7765268502139806,0.007393329258,0.386,-0.0053094158788,1.73,-0.565,1.992
2024-05-16 00:30:00,o,0.05,0.9,0.55,1.6851144690465394,0.0012482702731,0.424,0.0,0.79,0.17,1.902
2024-05-16 00:30:00,o,0.05,0.9,0.6,1.6851144690465394,0.0012482702731,0.424,0.0,0.79,0.17,1.902
2024-05-16 00:30:00,o,0.05,0.9,0.65,1.6288995644206066,-0.0026558079923,0.421,0.0,1.03,0.06,1.867
2024-05-16 00:30:00,o,0.05,0.9,0.7,1.6288995644206066,-0.0026558079923,0.421,0.0,1.03,0.06,1.867
2024-05-16 00:30:00,o,0.05,0.9,0.75,1.590618948206578,-0.011028267264,0.419,0.0,1.13,0.002,1.804
2024-05-16 00:30:00,o,0.05,0.9,0.8,1.590618948206578,-0.011028267264,0.419,0.0,1.13,0.002,1.804
2024-05-16 00:30:00,o,0.05,0.9,0.85,1.590618948206578,-0.011028267264,0.419,0.0,1.13,0.002,1.804
2024-05-16 00:30:00,o,0.05,0.9,0.9,1.5951323202236003,-0.013906861679,0.419,0.0,1.13,0.002,1.877
2024-05-16 00:30:00,o,0.05,0.9,0.95,1.5898491102572148,-0.016284937588,0.419,0.0,1.13,0.002,1.955
2024-05-16 00:30:00,o,0.05,0.95,0.0,2.2041769800663014,-0.010523845031,0.212,0.0040342286545,2.79,-2.646,2.019
2024-05-16 00:30:00,o,0.05,0.95,0.05,2.2041769800663014,-0.010523845031,0.212,0.0040342286545,2.79,-2.646,2.019
2024-05-16 00:30:00,o,0.05,0.95,0.1,2.198690070092945,-0.0098426505736,0.214,0.0036070600994,2.78,-2.623,2.031
2024-05-16 00:30:00,o,0.05,0.95,0.15,2.1750476995261674,-0.0074639592378,0.221,0.0035290174374,2.74,-2.532,1.894
2024-05-16 00:30:00,o,0.05,0.95,0.2,2.0841041953441506,-0.0093420057501,0.246,0.0041535135634,2.58,-2.17,1.829
2024-05-16 00:30:00,o,0.05,0.95,0.25,2.0841041953441506,-0.0093420057501,0.246,0.0041535135634,2.58,-2.17,1.829
2024-05-16 00:30:00,o,0.05,0.95,0.3,1.9855162878527155,-0.0079067152004,0.282,0.0039209639766,2.38,-1.731,1.964
2024-05-16 00:30:00,o,0.05,0.95,0.35,1.9040118835973883,-0.0077474587175,0.322,0.0049578980158,2.16,-1.279,2.038
2024-05-16 00:30:00,o,0.05,0.95,0.4,1.8185689695145628,-0.0029707598785,0.366,0.002068849657,1.88,-0.784,1.925
2024-05-16 00:30:00,o,0.05,0.95,0.45,1.8185689695145628,-0.0029707598785,0.366,0.002068849657,1.88,-0.784,1.925
2024-05-16 00:30:00,o,0.05,0.95,0.5,1.7321846047162255,-0.0010126603903,0.409,0.0010603480754,1.42,-0.217,1.944
2024-05-16 00:30:00,o,0.05,0.95,0.55,1.6851144690465394,0.0012482702731,0.424,0.0,0.79,0.17,1.902
2024-05-16 00:30:00,o,0.05,0.95,0.6,1.6851144690465394,0.0012482702731,0.424,0.0,0.79,0.17,1.902
2024-05-16 00:30:00,o,0.05,0.95,0.65,1.6288995644206066,-0.0026558079923,0.421,0.0,1.03,0.06,1.867
2024-05-16 00:30:00,o,0.05,0.95,0.7,1.6032743166141412,-0.0074603513927,0.419,0.0,1.13,0.002,1.836
2024-05-16 00:30:00,o,0.05,0.95,0.75,1.5843877694469548,-0.011439007626,0.419,0.0,1.13,0.002,1.765
2024-05-16 00:30:00,o,0.05,0.95,0.8,1.5843877694469548,-0.011439007626,0.419,0.0,1.13,0.002,1.765
2024-05-16 00:30:00,o,0.05,0.95,0.85,1.5843877694469548,-0.011439007626,0.419,0.0,1.13,0.002,1.765
2024-05-16 00:30:00,o,0.05,0.95,0.9,1.5776411346955268,-0.012576329189,0.419,0.0,1.13,0.002,1.893
2024-05-16 00:30:00,o,0.05,0.95,0.95,1.5818927949386175,-0.016908651094,0.419,0.0,1.13,0.002,1.909
2024-05-16 00:30:00,o,0.05,1.0,0.0,2.2041769800663014,-0.010523845031,0.212,0.0040342286545,2.79,-2.646,2.019
2024-05-16 00:30:00,o,0.05,1.0,0.05,2.1906089977112067,-0.012315029927,0.218,0.0053754400656,2.75,-2.555,2.011
2024-05-16 00:30:00,o,0.05,1.0,0.1,2.1906089977112067,-0.012315029927,0.218,0.0053754400656,2.75,-2.555,2.011
2024-05-16 00:30:00,o,0.05,1.0,0.15,2.1390253942434083,-0.013284358495,0.228,0.0056657292155,2.69,-2.419,1.925
2024-05-16 00:30:00,o,0.05,1.0,0.2,2.0841041953441506,-0.0093420057501,0.246,0.0041535135634,2.58,-2.17,1.829
2024-05-16 00:30:00,o,0.05,1.0,0.25,1.9855162878527155,-0.0079067152004,0.282,0.0039209639766,2.38,-1.731,1.964
2024-05-16 00:30:00,o,0.05,1.0,0.3,1.9040118835973883,-0.0077474587175,0.322,0.0049578980158,2.16,-1.279,2.038
2024-05-16 00:30:00,o,0.05,1.0,0.35,1.9040118835973883,-0.0077474587175,0.322,0.0049578980158,2.16,-1.279,2.038
2024-05-16 00:30:00,o,0.05,1.0,0.4,1.8185689695145628,-0.0029707598785,0.366,0.002068849657,1.88,-0.784,1.925
2024-05-16 00:30:00,o,0.05,1.0,0.45,1.765497186938374,-0.003828434336,0.391,0.0028123867248,1.67,-0.487,1.945
2024-05-16 00:30:00,o,0.05,1.0,0.5,1.765497186938374,-0.003828434336,0.391,0.0028123867248,1.67,-0.487,1.945
2024-05-16 00:30:00,o,0.05,1.0,0.55,1.7321846047162255,-0.0010126603903,0.409,0.0010603480754,1.42,-0.217,1.944
2024-05-16 00:30:00,o,0.05,1.0,0.6,1.6288995644206066,-0.0026558079923,0.421,0.0,1.03,0.06,1.867
2024-05-16 00:30:00,o,0.05,1.0,0.65,1.6288995644206066,-0.0026558079923,0.421,0.0,1.03,0.06,1.867
2024-05-16 00:30:00,o,0.05,1.0,0.7,1.6032743166141412,-0.0074603513927,0.419,0.0,1.13,0.002,1.836
2024-05-16 00:30:00,o,0.05,1.0,0.75,1.6032743166141412,-0.0074603513927,0.419,0.0,1.13,0.002,1.836
2024-05-16 00:30:00,o,0.05,1.0,0.8,1.5843877694469548,-0.011439007626,0.419,0.0,1.13,0.002,1.765
2024-05-16 00:30:00,o,0.05,1.0,0.85,1.5712894711906056,-0.01341481472,0.419,0.0,1.13,0.002,1.748
2024-05-16 00:30:00,o,0.05,1.0,0.9,1.5699938875674477,-0.013635565481,0.419,0.0,1.13,0.002,1.804
2024-05-16 00:30:00,o,0.05,1.0,0.95,1.576064788225377,-0.015289251989,0.419,0.0,1.13,0.002,1.88
2024-05-16 00:30:00,o,0.05,1.05,0.0,2.182174896802866,-0.012059075093,0.221,0.0048709490072,2.74,-2.532,2.073
2024-05-16 00:30:00,o,0.05,1.05,0.05,2.180412632838324,-0.013707473828,0.222,0.0058246485735,2.73,-2.51,1.988
2024-05-16 00:30:00,o,0.05,1.05,0.1,2.185179383071531,-0.014858103489,0.22,0.006217715851,2.74,-2.532,1.952
2024-05-16 00:30:00,o,0.05,1.05,0.15,2.1709126690245526,-0.015574668926,0.219,0.0066616139457,2.75,-2.555,1.907
2024-05-16 00:30:00,o,0.05,1.05,0.2,2.1390253942434083,-0.013284358495,0.228,0.0056657292155,2.69,-2.419,1.925
2024-05-16 00:30:00,o,0.05,1.05,0.25,1.9717349559166002,-0.012170849315,0.286,0.0061672589951,2.35,-1.667,2.078
2024-05-16 00:30:00,o,0.05,1.05,0.3,1.9040118835973883,-0.0077474587175,0.322,0.0049578980158,2.16,-1.279,2.038
2024-05-16 00:30:00,o,0.05,1.05,0.35,1.904082301092254,-0.011634036854,0.318,0.0069410568348,2.18,-1.318,2.128
2024-05-16 00:30:00,o,0.05,1.05,0.4,1.904082301092254,-0.011634036854,0.318,0.0069410568348,2.18,-1.318,2.128
2024-05-16 00:30:00,o,0.05,1.05,0.45,1.7534758124466514,-0.0075946131789,0.396,0.0059479728991,1.61,-0.415,1.989
2024-05-16 00:30:00,o,0.05,1.05,0.5,1.7534758124466514,-0.0075946131789,0.396,0.0059479728991,1.61,-0.415,1.989
2024-05-16 00:30:00,o,0.05,1.05,0.55,1.7534758124466514,-0.0075946131789,0.396,0.0059479728991,1.61,-0.415,1.989
2024-05-16 00:30:00,o,0.05,1.05,0.6,1.6337309728853615,-0.0047283316928,0.422,0.0,0.98,0.086,1.846
2024-05-16 00:30:00,o,0.05,1.05,0.65,1.6097011023793995,-0.0071838311552,0.419,0.0,1.13,0.002,1.865
2024-05-16 00:30:00,o,0.05,1.05,0.7,1.6097011023793995,-0.0071838311552,0.419,0.0,1.13,0.002,1.865
2024-05-16 00:30:00,o,0.05,1.05,0.75,1.6097011023793995,-0.0071838311552,0.419,0.0,1.13,0.002,1.865
2024-05-16 00:30:00,o,0.05,1.05,0.8,1.5654227574316986,-0.012861079503,0.419,0.0,1.13,0.002,2.146
2024-05-16 00:30:00,o,0.05,1.05,0.85,1.5712894711906056,-0.01341481472,0.419,0.0,1.13,0.002,1.748
2024-05-16 00:30:00,o,0.05,1.05,0.9,1.5699938875674477,-0.013635565481,0.419,0.0,1.13,0.002,1.804
2024-05-16 00:30:00,o,0.05,1.05,0.95,1.5707413624552553,-0.014583981439,0.419,0.0,1.13,0.002,1.806
2024-05-16 00:30:00,o,0.05,1.1,0.0,2.176594748687128,-0.014053448815,0.223,0.0054081118624,2.73,-2.51,1.77
2024-05-16 00:30:00,o,0.05,1.1,0.05,2.1684473923970145,-0.014540424299,0.227,0.0062497613258,2.7,-2.441,1.911
2024-05-16 00:30:00,o,0.05,1.1,0.1,2.175558197479897,-0.0155573249,0.224,0.0065993193903,2.71,-2.464,2.469
2024-05-16 00:30:00,o,0.05,1.1,0.15,2.17823427306395,-0.01748830601,0.216,0.0069258336083,2.77,-2.601,2.453
2024-05-16 00:30:00,o,0.05,1.1,0.2,2.154980560173865,-0.016973947865,0.221,0.0067387419824,2.74,-2.532,2.873
2024-05-16 00:30:00,o,0.05,1.1,0.25,2.0340305394244313,-0.014997437834,0.262,0.0070724367765,2.49,-1.97,2.267
2024-05-16 00:30:00,o,0.05,1.1,0.3,1.904082301092254,-0.011634036854,0.318,0.0069410568348,2.18,-1.318,2.128
2024-05-16 00:30:00,o,0.05,1.1,0.35,1.904082301092254,-0.011634036854,0.318,0.0069410568348,2.18,-1.318,2.128
2024-05-16 00:30:00,o,0.05,1.1,0.4,1.904082301092254,-0.011634036854,0.318,0.0069410568348,2.18,-1.318,2.128
2024-05-16 00:30:00,o,0.05,1.1,0.45,1.8071424974605539,-0.011927403672,0.362,0.0080385896595,1.92,-0.848,2.055
2024-05-16 00:30:00,o,0.05,1.1,0.5,1.745309059940828,-0.0099176802453,0.397,0.0067674262309,1.61,-0.415,2.012
2024-05-16 00:30:00,o,0.05,1.1,0.55,1.745309059940828,-0.0099176802453,0.397,0.0067674262309,1.61,-0.415,2.012
2024-05-16 00:30:00,o,0.05,1.1,0.6,1.6830650583829114,-0.0096320783504,0.423,0.00052118912917,0.98,0.086,1.98
2024-05-16 00:30:00,o,0.05,1.1,0.65,1.6285115370662022,-0.0085977680354,0.42,0.0,1.08,0.032,1.902
2024-05-16 00:30:00,o,0.05,1.1,0.7,1.6097011023793995,-0.0071838311552,0.419,0.0,1.13,0.002,1.865
2024-05-16 00:30:00,o,0.05,1.1,0.75,1.5890331556958432,-0.0065732791698,0.419,0.0,1.13,0.002,1.971
2024-05-16 00:30:00,o,0.05,1.1,0.8,1.5754072468163236,-0.0065196670765,0.419,0.0,1.13,0.002,2.388
2024-05-16 00:30:00,o,0.05,1.1,0.85,1.5654227574316986,-0.012861079503,0.419,0.0,1.13,0.002,2.146
2024-05-16 00:30:00,o,0.05,1.1,0.9,1.5665199826337657,-0.010638500439,0.419,0.0,1.13,0.002,2.171
2024-05-16 00:30:00,o,0.05,1.1,0.95,1.5669439718565537,-0.011385736006,0.419,0.0,1.13,0.002,1.658
2024-05-16 00:30:00,o,0.05,1.15,0.0,2.151921179799905,-0.012975690527,0.234,0.0056077480151,2.65,-2.328,1.878
2024-05-16 00:30:00,o,0.05,1.15,0.05,2.1684473923970145,-0.014540424299,0.227,0.0062497613258,2.7,-2.441,1.911
2024-05-16 00:30:00,o,0.05,1.15,0.1,2.1726642184452034,-0.017496530192,0.225,0.0072084913474,2.71,-2.464,1.903
2024-05-16 00:30:00,o,0.05,1.15,0.15,2.1680553034591394,-0.018465954914,0.22,0.0076751630376,2.74,-2.532,2.483
2024-05-16 00:30:00,o,0.05,1.15,0.2,2.142380079249052,-0.018331492719,0.227,0.0080441031069,2.7,-2.441,2.15
2024-05-16 00:30:00,o,0.05,1.15,0.25,2.0804966120113955,-0.017388599279,0.245,0.0074168963662,2.59,-2.193,2.25
2024-05-16 00:30:00,o,0.05,1.15,0.3,2.015238169472404,-0.015729716974,0.267,0.0074398838456,2.46,-1.904,2.276
2024-05-16 00:30:00,o,0.05,1.15,0.35,1.927868027727168,-0.013832187558,0.308,0.0078109049014,2.23,-1.418,2.138
2024-05-16 00:30:00,o,0.05,1.15,0.4,1.8653172183420286,-0.013319454684,0.336,0.0086874736299,2.08,-1.127,2.101
2024-05-16 00:30:00,o,0.05,1.15,0.45,1.8071424974605539,-0.011927403672,0.362,0.0080385896595,1.92,-0.848,2.055
2024-05-16 00:30:00,o,0.05,1.15,0.5,1.8071424974605539,-0.011927403672,0.362,0.0080385896595,1.92,-0.848,2.055
2024-05-16 00:30:00,o,0.05,1.15,0.55,1.745309059940828,-0.0099176802453,0.397,0.0067674262309,1.61,-0.415,2.012
2024-05-16 00:30:00,o,0.05,1.15,0.6,1.6830650583829114,-0.0096320783504,0.423,0.00052118912917,0.98,0.086,1.98
2024-05-16 00:30:00,o,0.05,1.15,0.65,1.6285115370662022,-0.0085977680354,0.42,0.0,1.08,0.032,1.902
2024-05-16 00:30:00,o,0.05,1.15,0.7,1.5992606467262473,-0.008398071802,0.419,0.0,1.13,0.002,1.994
2024-05-16 00:30:00,o,0.05,1.15,0.75,1.5992606467262473,-0.008398071802,0.419,0.0,1.13,0.002,1.994
2024-05-16 00:30:00,o,0.05,1.15,0.8,1.584647782029625,-0.0095015837687,0.419,0.0,1.13,0.002,1.948
2024-05-16 00:30:00,o,0.05,1.15,0.85,1.5733474396569367,-0.010214039819,0.419,0.0,1.13,0.002,2.147
2024-05-16 00:30:00,o,0.05,1.15,0.9,1.567579180583628,-0.01171269928,0.419,0.0,1.13,0.002,1.76
2024-05-16 00:30:00,o,0.05,1.15,0.95,1.5669439718565537,-0.011385736006,0.419,0.0,1.13,0.002,1.658
2024-05-16 00:30:00,o,0.1,0.05,0.0,2.0991935992585615,0.0089355463272,0.258,-0.0048214413658,2.52,-2.037,1.813
2024-05-16 00:30:00,o,0.1,0.05,0.05,2.0991935992585615,0.0089355463272,0.258,-0.0048214413658,2.52,-2.037,1.813
2024-05-16 00:30:00,o,0.1,0.05,0.1,2.1106334742047075,0.0090547907286,0.253,-0.0042834860509,2.54,-2.081,2.606
2024-05-16 00:30:00,o,0.1,0.05,0.15,2.113030374932725,0.014438559925,0.24,-0.0069248634318,2.61,-2.238,3.017
2024-05-16 00:30:00,o,0.1,0.05,0.2,2.0887242036513443,0.018069522689,0.248,-0.0084996215301,2.57,-2.148,2.751
2024-05-16 00:30:00,o,0.1,0.05,0.25,2.031408464251624,0.020104514791,0.264,-0.010240634582,2.48,-1.948,2.117
2024-05-16 00:30:00,o,0.1,0.05,0.3,1.9806985955134881,0.02023257479,0.283,-0.01068653916,2.38,-1.731,2.233
2024-05-16 00:30:00,o,0.1,0.05,0.35,1.9806985955134881,0.02023257479,0.283,-0.01068653916,2.38,-1.731,2.233
2024-05-16 00:30:00,o,0.1,0.05,0.4,1.8941332216768987,0.020684734026,0.317,-0.012914346952,2.19,-1.338,2.127
2024-05-16 00:30:00,o,0.1,0.05,0.45,1.825426117767823,0.017762579195,0.348,-0.012322525141,2.01,-1.001,2.056
2024-05-16 00:30:00,o,0.1,0.05,0.5,1.825426117767823,0.017762579195,0.348,-0.012322525141,2.01,-1.001,2.056
2024-05-16 00:30:00,o,0.1,0.05,0.55,1.7844247055864275,0.016045630579,0.369,-0.010617422416,1.86,-0.753,2.005
2024-05-16 00:30:00,o,0.1,0.05,0.6,1.7844247055864275,0.016045630579,0.369,-0.010617422416,1.86,-0.753,2.005
2024-05-16 00:30:00,o,0.1,0.05,0.65,1.7388043330789702,0.0098745797353,0.377,-0.0065034159907,1.81,-0.678,2.04
2024-05-16 00:30:00,o,0.1,0.05,0.7,1.7349597612724452,0.009521866211,0.381,-0.0058605567327,1.77,-0.62,2.001
2024-05-16 00:30:00,o,0.1,0.05,0.75,1.7154601359568469,0.0050550296886,0.389,-0.0027975443321,1.69,-0.513,1.934
2024-05-16 00:30:00,o,0.1,0.05,0.8,1.6876092135598644,-0.006680019931,0.407,0.0045709499628,1.45,-0.245,2.451
2024-05-16 00:30:00,o,0.1,0.05,0.85,1.6851324036124977,-0.010620622141,0.409,0.0075483970857,1.42,-0.217,2.705
2024-05-16 00:30:00,o,0.1,0.05,0.9,1.670477786047275,-0.019753745145,0.419,0.013848959478,1.13,0.002,2.552
2024-05-16 00:30:00,o,0.1,0.05,0.95,1.670477786047275,-0.019753745145,0.419,0.013848959478,1.13,0.002,2.552
2024-05-16 00:30:00,o,0.1,0.1,0.0,2.0991935992585615,0.0089355463272,0.258,-0.0048214413658,2.52,-2.037,1.813
2024-05-16 00:30:00,o,0.1,0.1,0.95,1.667891695512187,-0.022047276998,0.419,0.01365199498,1.13,0.002,2.269
2024-05-16 00:30:00,o,0.1,0.15,0.0,2.1444558890542975,0.004661781626,0.237,-0.0024363921914,2.64,-2.305,2.007
2024-05-16 00:30:00,o,0.1,0.15,0.95,1.667873034639847,-0.02311999746,0.419,0.014361189654,1.13,0.002,1.934
2024-05-16 00:30:00,o,0.1,0.2,0.0,2.1444558890542975,0.004661781626,0.237,-0.0024363921914,2.64,-2.305,2.007
2024-05-16 00:30:00,o,0.1,0.2,0.95,1.669233175490693,-0.024344294145,0.419,0.01609481014,1.13,0.002,1.916
2024-05-16 00:30:00,o,0.1,0.25,0.0,2.174129615025096,0.0016200905221,0.224,-0.0011447778123,2.71,-2.464,2.026
2024-05-16 00:30:00,o,0.1,0.25,0.95,1.6705148838312174,-0.023695322368,0.419,0.016518111839,1.13,0.002,1.996
2024-05-16 00:30:00,o,0.1,0.3,0.0,2.1805186852075744,0.001812177605,0.222,-0.0005353368678,2.73,-2.51,2.044
2024-05-16 00:30:00,o,0.1,0.3,0.95,1.6705148838312174,-0.023695322368,0.419,0.016518111839,1.13,0.002,1.996
2024-05-16 00:30:00,o,0.1,0.35,0.0,2.1805186852075744,0.001812177605,0.222,-0.0005353368678,2.73,-2.51,2.044
2024-05-16 00:30:00,o,0.1,0.35,0.95,1.6712932061679284,-0.021430366533,0.418,0.014522845929,1.23,-0.064,1.933
2024-05-16 00:30:00,o,0.1,0.4,0.0,2.199420553885805,0.0019497750801,0.214,-0.00081702434507,2.78,-2.623,2.004
2024-05-16 00:30:00,o,0.1,0.4,0.95,1.6712932061679284,-0.021430366533,0.418,0.014522845929,1.23,-0.064,1.933
2024-05-16 00:30:00,o,0.1,0.45,0.0,2.199420553885805,0.0019497750801,0.214,-0.00081702434507,2.78,-2.623,2.004
2024-05-16 00:30:00,o,0.1,0.45,0.95,1.6693354795032642,-0.017327597233,0.419,0.011439955415,1.13,0.002,1.982
2024-05-16 00:30:00,o,0.1,0.5,0.0,2.1983381207379296,0.0034465366779,0.214,-0.0018618434887,2.78,-2.623,2.007
2024-05-16 00:30:00,o,0.1,0.5,0.95,1.6693354795032642,-0.017327597233,0.419,0.011439955415,1.13,0.002,1.982
2024-05-16 00:30:00,o,0.1,0.55,0.0,2.1983381207379296,0.0034465366779,0.214,-0.0018618434887,2.78,-2.623,2.007
2024-05-16 00:30:00,o,0.1,0.55,0.95,1.6605904009511723,-0.013544778951,0.419,0.0028685998819,1.13,0.002,1.945
2024-05-16 00:30:00,o,0.1,0.6,0.0,2.199697596516536,0.0025163170476,0.214,-0.00093404669243,2.78,-2.623,1.969
2024-05-16 00:30:00,o,0.1,0.6,0.95,1.650812449027452,-0.011312362184,0.419,0.0,1.13,0.002,1.934
2024-05-16 00:30:00,o,0.1,0.65,0.0,2.194583712457154,0.0017849571705,0.216,-0.00071337170699,2.77,-2.601,1.984
2024-05-16 00:30:00,o,0.1,0.65,0.95,1.6445764388522377,-0.0088483447859,0.419,0.0,1.13,0.002,1.916
2024-05-16 00:30:00,o,0.1,0.7,0.0,2.194583712457154,0.0017849571705,0.216,-0.00071337170699,2.77,-2.601,1.984
2024-05-16 00:30:00,o,0.1,0.7,0.95,1.6313219871321376,-0.01220964481,0.419,0.0,1.13,0.002,1.969
2024-05-16 00:30:00,o,0.1,0.75,0.0,2.1983711281087914,-0.0032144227463,0.214,0.00083938991906,2.78,-2.623,1.975
2024-05-16 00:30:00,o,0.1,0.75,0.95,1.6313219871321376,-0.01220964481,0.419,0.0,1.13,0.002,1.969
2024-05-16 00:30:00,o,0.1,0.8,0.0,2.1983711281087914,-0.0032144227463,0.214,0.00083938991906,2.78,-2.623,1.975
2024-05-16 00:30:00,o,0.1,0.8,0.95,1.5951323202236003,-0.013906861679,0.419,0.0,1.13,0.002,1.877
2024-05-16 00:30:00,o,0.1,0.85,0.0,2.2030655395076324,-0.0084314407838,0.213,0.0037770209892,2.79,-2.646,2.027
2024-05-16 00:30:00,o,0.1,0.85,0.95,1.5951323202236003,-0.013906861679,0.419,0.0,1.13,0.002,1.877
2024-05-16 00:30:00,o,0.1,0.9,0.0,2.2030655395076324,-0.0084314407838,0.213,0.0037770209892,2.79,-2.646,2.027
2024-05-16 00:30:00,o,0.1,0.9,0.95,1.5885294051609404,-0.013975510026,0.419,0.0,1.13,0.002,1.93
2024-05-16 00:30:00,o,0.1,0.95,0.0,2.2041769800663014,-0.010523845031,0.212,0.0040342286545,2.79,-2.646,2.019
2024-05-16 00:30:00,o,0.1,0.95,0.95,1.5776411346955268,-0.012576329189,0.419,0.0,1.13,0.002,1.893
2024-05-16 00:30:00,o,0.1,1.0,0.0,2.182174896802866,-0.012059075093,0.221,0.0048709490072,2.74,-2.532,2.073
2024-05-16 00:30:00,o,0.1,1.0,0.95,1.5776411346955268,-0.012576329189,0.419,0.0,1.13,0.002,1.893
2024-05-16 00:30:00,o,0.1,1.05,0.0,2.182174896802866,-0.012059075093,0.221,0.0048709490072,2.74,-2.532,2.073
2024-05-16 00:30:00,o,0.1,1.05,0.95,1.5699938875674477,-0.013635565481,0.419,0.0,1.13,0.002,1.804
2024-05-16 00:30:00,o,0.1,1.1,0.0,2.151921179799905,-0.012975690527,0.234,0.0056077480151,2.65,-2.328,1.878
2024-05-16 00:30:00,o,0.1,1.1,0.95,1.5665199826337657,-0.010638500439,0.419,0.0,1.13,0.002,2.171
2024-05-16 00:30:00,o,0.1,1.15,0.0,2.151921179799905,-0.012975690527,0.234,0.0056077480151,2.65,-2.328,1.878
2024-05-16 00:30:00,o,0.1,1.15,0.05,2.151921179799905,-0.012975690527,0.234,0.0056077480151,2.65,-2.328,1.878
2024-05-16 00:30:00,o,0.1,1.15,0.1,2.1685652446753445,-0.015674625829,0.227,0.0067690957215,2.7,-2.441,2.771
2024-05-16 00:30:00,o,0.1,1.15,0.15,2.174783513349056,-0.018741787308,0.214,0.0071006965435,2.78,-2.623,3.096
2024-05-16 00:30:00,o,0.1,1.15,0.2,2.154980560173865,-0.016973947865,0.221,0.0067387419824,2.74,-2.532,2.873
2024-05-16 00:30:00,o,0.1,1.15,0.25,2.0340305394244313,-0.014997437834,0.262,0.0070724367765,2.49,-1.97,2.267
2024-05-16 00:30:00,o,0.1,1.15,0.3,2.0340305394244313,-0.014997437834,0.262,0.0070724367765,2.49,-1.97,2.267
2024-05-16 00:30:00,o,0.1,1.15,0.35,1.904082301092254,-0.011634036854,0.318,0.0069410568348,2.18,-1.318,2.128
2024-05-16 00:30:00,o,0.1,1.15,0.4,1.817400081458108,-0.011517480159,0.359,0.0082161627177,1.94,-0.881,2.038
2024-05-16 00:30:00,o,0.1,1.15,0.45,1.817400081458108,-0.011517480159,0.359,0.0082161627177,1.94,-0.881,2.038
2024-05-16 00:30:00,o,0.1,1.15,0.5,1.8071424974605539,-0.011927403672,0.362,0.0080385896595,1.92,-0.848,2.055
2024-05-16 00:30:00,o,0.1,1.15,0.55,1.745309059940828,-0.0099176802453,0.397,0.0067674262309,1.61,-0.415,2.012
2024-05-16 00:30:00,o,0.1,1.15,0.6,1.6830650583829114,-0.0096320783504,0.423,0.00052118912917,0.98,0.086,1.98
2024-05-16 00:30:00,o,0.1,1.15,0.65,1.6285115370662022,-0.0085977680354,0.42,0.0,1.08,0.032,1.902
2024-05-16 00:30:00,o,0.1,1.15,0.7,1.5890331556958432,-0.0065732791698,0.419,0.0,1.13,0.002,1.971
2024-05-16 00:30:00,o,0.1,1.15,0.75,1.5890331556958432,-0.0065732791698,0.419,0.0,1.13,0.002,1.971
2024-05-16 00:30:00,o,0.1,1.15,0.8,1.5754072468163236,-0.0065196670765,0.419,0.0,1.13,0.002,2.388
2024-05-16 00:30:00,o,0.1,1.15,0.85,1.5717437602551687,-0.0081426834023,0.419,0.0,1.13,0.002,2.739
2024-05-16 00:30:00,o,0.1,1.15,0.9,1.5665906762555013,-0.010406803671,0.419,0.0,1.13,0.002,2.504
2024-05-16 00:30:00,o,0.1,1.15,0.95,1.5669439718565537,-0.011385736006,0.419,0.0,1.13,0.002,1.658
2024-05-16 00:30:00,o,0.15,0.05,0.0,2.0613846152723974,0.00864066889,0.277,-0.0050392639346,2.4,-1.774,2.47
2024-05-16 00:30:00,o,0.15,0.05,0.05,2.0613846152723974,0.00864066889,0.277,-0.0050392639346,2.4,-1.774,2.47
2024-05-16 00:30:00,o,0.15,0.05,0.1,2.0916986054331224,0.0066400459591,0.262,-0.0034047827843,2.49,-1.97,2.355
2024-05-16 00:30:00,o,0.15,0.05,0.15,2.0887242036513443,0.018069522689,0.248,-0.0084996215301,2.57,-2.148,2.751
2024-05-16 00:30:00,o,0.15,0.05,0.2,2.0489387435824873,0.017396981483,0.272,-0.0090618017271,2.43,-1.839,2.466
2024-05-16 00:30:00,o,0.15,0.05,0.25,1.9806985955134881,0.02023257479,0.283,-0.01068653916,2.38,-1.731,2.233
2024-05-16 00:30:00,o,0.15,0.05,0.3,1.9806985955134881,0.02023257479,0.283,-0.01068653916,2.38,-1.731,2.233
2024-05-16 00:30:00,o,0.15,0.05,0.35,1.9806985955134881,0.02023257479,0.283,-0.01068653916,2.38,-1.731,2.233
2024-05-16 00:30:00,o,0.15,0.05,0.4,1.9236739542223382,0.018066938603,0.306,-0.010457559865,2.24,-1.438,2.111
2024-05-16 00:30:00,o,0.15,0.05,0.45,1.8011566476335783,0.015051470738,0.359,-0.01060346665,1.94,-0.881,2.052
2024-05-16 00:30:00,o,0.15,0.05,0.5,1.8011566476335783,0.015051470738,0.359,-0.01060346665,1.94,-0.881,2.052
2024-05-16 00:30:00,o,0.15,0.05,0.55,1.8011566476335783,0.015051470738,0.359,-0.01060346665,1.94,-0.881,2.052
2024-05-16 00:30:00,o,0.15,0.05,0.6,1.8011566476335783,0.015051470738,0.359,-0.01060346665,1.94,-0.881,2.052
2024-05-16 00:30:00,o,0.15,0.05,0.65,1.7349597612724452,0.009521866211,0.381,-0.0058605567327,1.77,-0.62,2.001
2024-05-16 00:30:00,o,0.15,0.05,0.7,1.7163790128722298,0.0060331318478,0.388,-0.0038360959306,1.71,-0.539,2.046
2024-05-16 00:30:00,o,0.15,0.05,0.75,1.7163790128722298,0.0060331318478,0.388,-0.0038360959306,1.71,-0.539,2.046
2024-05-16 00:30:00,o,0.15,0.05,0.8,1.6869399904500781,0.0072396095781,0.407,-0.0053017623566,1.45,-0.245,2.011
2024-05-16 00:30:00,o,0.15,0.05,0.85,1.684531192109364,0.0028558772545,0.409,-0.0019512207472,1.42,-0.217,2.532
2024-05-16 00:30:00,o,0.15,0.05,0.9,1.6672567755966932,-0.0137491552,0.419,0.0075915230543,1.13,0.002,2.236
2024-05-16 00:30:00,o,0.15,0.05,0.95,1.667163326682552,-0.0091094992422,0.419,0.0043437893691,1.13,0.002,2.166
2024-05-16 00:30:00,o,0.15,0.1,0.0,2.0613846152723974,0.00864066889,0.277,-0.0050392639346,2.4,-1.774,2.47
2024-05-16 00:30:00,o,0.15,0.1,0.95,1.6672567755966932,-0.0137491552,0.419,0.0075915230543,1.13,0.002,2.236
2024-05-16 00:30:00,o,0.15,0.15,0.0,2.1274967828485125,0.0053989175997,0.245,-0.0025414178683,2.59,-2.193,2.055
2024-05-16 00:30:00,o,0.15,0.15,0.95,1.668618844816744,-0.017579334639,0.419,0.011125058222,1.13,0.002,1.904
2024-05-16 00:30:00,o,0.15,0.2,0.0,2.1274967828485125,0.0053989175997,0.245,-0.0025414178683,2.59,-2.193,2.055
2024-05-16 00:30:00,o,0.15,0.2,0.95,1.667873034639847,-0.02311999746,0.419,0.014361189654,1.13,0.002,1.934
2024-05-16 00:30:00,o,0.15,0.25,0.0,2.1655351436971215,0.0049705801872,0.228,-0.0022612368257,2.69,-2.419,2.083
2024-05-16 00:30:00,o,0.15,0.25,0.95,1.6705148838312174,-0.023695322368,0.419,0.016518111839,1.13,0.002,1.996
2024-05-16 00:30:00,o,0.15,0.3,0.0,2.1805186852075744,0.001812177605,0.222,-0.0005353368678,2.73,-2.51,2.044
2024-05-16 00:30:00,o,0.15,0.3,0.95,1.6705148838312174,-0.023695322368,0.419,0.016518111839,1.13,0.002,1.996
2024-05-16 00:30:00,o,0.15,0.35,0.0,2.1805186852075744,0.001812177605,0.222,-0.0005353368678,2.73,-2.51,2.044
2024-05-16 00:30:00,o,0.15,0.35,0.95,1.6730301277206503,-0.016997519749,0.417,0.011711705315,1.23,-0.064,1.941
2024-05-16 00:30:00,o,0.15,0.4,0.0,2.199420553885805,0.0019497750801,0.214,-0.00081702434507,2.78,-2.623,2.004
2024-05-16 00:30:00,o,0.15,0.4,0.95,1.6730301277206503,-0.016997519749,0.417,0.011711705315,1.23,-0.064,1.941
2024-05-16 00:30:00,o,0.15,0.45,0.0,2.1983381207379296,0.0034465366779,0.214,-0.0018618434887,2.78,-2.623,2.007
2024-05-16 00:30:00,o,0.15,0.45,0.95,1.6693354795032642,-0.017327597233,0.419,0.011439955415,1.13,0.002,1.982
2024-05-16 00:30:00,o,0.15,0.5,0.0,2.1983381207379296,0.0034465366779,0.214,-0.0018618434887,2.78,-2.623,2.007
2024-05-16 00:30:00,o,0.15,0.5,0.95,1.6693354795032642,-0.017327597233,0.419,0.011439955415,1.13,0.002,1.982
2024-05-16 00:30:00,o,0.15,0.55,0.0,2.1983381207379296,0.0034465366779,0.214,-0.0018618434887,2.78,-2.623,2.007
2024-05-16 00:30:00,o,0.15,0.55,0.95,1.6693354795032642,-0.017327597233,0.419,0.011439955415,1.13,0.002,1.982
2024-05-16 00:30:00,o,0.15,0.6,0.0,2.192154705380779,0.0048794020547,0.217,-0.0019769151126,2.77,-2.601,2.0
2024-05-16 00:30:00,o,0.15,0.6,0.95,1.6445764388522377,-0.0088483447859,0.419,0.0,1.13,0.002,1.916
2024-05-16 00:30:00,o,0.15,0.65,0.0,2.197922563453177,0.0020533403858,0.215,-0.00046521000644,2.78,-2.623,1.979
2024-05-16 00:30:00,o,0.15,0.65,0.95,1.6313219871321376,-0.01220964481,0.419,0.0,1.13,0.002,1.969
2024-05-16 00:30:00,o,0.15,0.7,0.0,2.197922563453177,0.0020533403858,0.215,-0.00046521000644,2.78,-2.623,1.979
2024-05-16 00:30:00,o,0.15,0.7,0.95,1.6313219871321376,-0.01220964481,0.419,0.0,1.13,0.002,1.969
2024-05-16 00:30:00,o,0.15,0.75,0.0,2.197922563453177,0.0020533403858,0.215,-0.00046521000644,2.78,-2.623,1.979
2024-05-16 00:30:00,o,0.15,0.75,0.95,1.6313219871321376,-0.01220964481,0.419,0.0,1.13,0.002,1.969
2024-05-16 00:30:00,o,0.15,0.8,0.0,2.1953959107209418,-0.0064871329644,0.216,0.0029586503048,2.77,-2.601,2.047
2024-05-16 00:30:00,o,0.15,0.8,0.95,1.6071010093893723,-0.010612080474,0.419,0.0,1.13,0.002,1.85
2024-05-16 00:30:00,o,0.15,0.85,0.0,2.1953959107209418,-0.0064871329644,0.216,0.0029586503048,2.77,-2.601,2.047
2024-05-16 00:30:00,o,0.15,0.85,0.95,1.5885294051609404,-0.013975510026,0.419,0.0,1.13,0.002,1.93
2024-05-16 00:30:00,o,0.15,0.9,0.0,2.1953959107209418,-0.0064871329644,0.216,0.0029586503048,2.77,-2.601,2.047
2024-05-16 00:30:00,o,0.15,0.9,0.95,1.5885294051609404,-0.013975510026,0.419,0.0,1.13,0.002,1.93
2024-05-16 00:30:00,o,0.15,0.95,0.0,2.183093242155615,-0.0069020978087,0.221,0.003140711426,2.74,-2.532,2.096
2024-05-16 00:30:00,o,0.15,0.95,0.95,1.5776411346955268,-0.012576329189,0.419,0.0,1.13,0.002,1.893
2024-05-16 00:30:00,o,0.15,1.0,0.0,2.1645610292655566,-0.010350242522,0.229,0.0048701676838,2.69,-2.419,2.091
2024-05-16 00:30:00,o,0.15,1.0,0.95,1.5776411346955268,-0.012576329189,0.419,0.0,1.13,0.002,1.893
2024-05-16 00:30:00,o,0.15,1.05,0.0,2.1645610292655566,-0.010350242522,0.229,0.0048701676838,2.69,-2.419,2.091
2024-05-16 00:30:00,o,0.15,1.05,0.95,1.5665199826337657,-0.010638500439,0.419,0.0,1.13,0.002,2.171
2024-05-16 00:30:00,o,0.15,1.1,0.0,2.0962006654283956,-0.0071959274074,0.26,0.0035948809463,2.5,-1.992,2.536
2024-05-16 00:30:00,o,0.15,1.1,0.95,1.5853253438945079,0.0062280173419,0.419,0.0,1.13,0.002,2.591
2024-05-16 00:30:00,o,0.15,1.15,0.0,2.0962006654283956,-0.0071959274074,0.26,0.0035948809463,2.5,-1.992,2.536
2024-05-16 00:30:00,o,0.15,1.15,0.05,2.0962006654283956,-0.0071959274074,0.26,0.0035948809463,2.5,-1.992,2.536
2024-05-16 00:30:00,o,0.15,1.15,0.1,2.134205804501894,-0.010278110281,0.242,0.0046667327401,2.61,-2.238,2.377
2024-05-16 00:30:00,o,0.15,1.15,0.15,2.1141771402444487,-0.013491226926,0.243,0.0061398695402,2.6,-2.215,2.569
2024-05-16 00:30:00,o,0.15,1.15,0.2,2.0955319841373092,-0.013002597327,0.247,0.0060194337373,2.58,-2.17,2.377
2024-05-16 00:30:00,o,0.15,1.15,0.25,2.018176033602363,-0.013987244728,0.268,0.0066908231358,2.46,-1.904,2.281
2024-05-16 00:30:00,o,0.15,1.15,0.3,2.0340305394244313,-0.014997437834,0.262,0.0070724367765,2.49,-1.97,2.267
2024-05-16 00:30:00,o,0.15,1.15,0.35,1.9717349559166002,-0.012170849315,0.286,0.0061672589951,2.35,-1.667,2.078
2024-05-16 00:30:00,o,0.15,1.15,0.4,1.817400081458108,-0.011517480159,0.359,0.0082161627177,1.94,-0.881,2.038
2024-05-16 00:30:00,o,0.15,1.15,0.45,1.817400081458108,-0.011517480159,0.359,0.0082161627177,1.94,-0.881,2.038
2024-05-16 00:30:00,o,0.15,1.15,0.5,1.817400081458108,-0.011517480159,0.359,0.0082161627177,1.94,-0.881,2.038
2024-05-16 00:30:00,o,0.15,1.15,0.55,1.7534758124466514,-0.0075946131789,0.396,0.0059479728991,1.61,-0.415,1.989
2024-05-16 00:30:00,o,0.15,1.15,0.6,1.6337309728853615,-0.0047283316928,0.422,0.0,0.98,0.086,1.846
2024-05-16 00:30:00,o,0.15,1.15,0.65,1.6097011023793995,-0.0071838311552,0.419,0.0,1.13,0.002,1.865
2024-05-16 00:30:00,o,0.15,1.15,0.7,1.5890331556958432,-0.0065732791698,0.419,0.0,1.13,0.002,1.971
2024-05-16 00:30:00,o,0.15,1.15,0.75,1.5890331556958432,-0.0065732791698,0.419,0.0,1.13,0.002,1.971
2024-05-16 00:30:00,o,0.15,1.15,0.8,1.5754072468163236,-0.0065196670765,0.419,0.0,1.13,0.002,2.388
2024-05-16 00:30:00,o,0.15,1.15,0.85,1.5754072468163236,-0.0065196670765,0.419,0.0,1.13,0.002,2.388
2024-05-16 00:30:00,o,0.15,1.15,0.9,1.5853253438945079,0.0062280173419,0.419,0.0,1.13,0.002,2.591
2024-05-16 00:30:00,o,0.15,1.15,0.95,1.5854156056597508,0.0063411734629,0.419,0.0,1.13,0.002,2.692
2024-05-16 00:30:00,o,0.2,0.05,0.0,1.9950996733824005,0.013326354755,0.314,-0.0083236048999,2.2,-1.358,2.611
2024-05-16 00:30:00,o,0.2,0.05,0.05,2.0212844198245574,0.011897270556,0.299,-0.0070073038554,2.29,-1.541,3.067
2024-05-16 00:30:00,o,0.2,0.05,0.1,2.0269497913124175,0.013404779859,0.295,-0.0074829217297,2.31,-1.583,2.987
2024-05-16 00:30:00,o,0.2,0.05,0.15,2.0489387435824873,0.017396981483,0.272,-0.0090618017271,2.43,-1.839,2.466
2024-05-16 00:30:00,o,0.2,0.05,0.2,2.019631320018689,0.016998804331,0.282,-0.009142614682,2.38,-1.731,2.39
2024-05-16 00:30:00,o,0.2,0.05,0.25,1.9955079583855262,0.017226985364,0.283,-0.0088620643567,2.38,-1.731,2.33
2024-05-16 00:30:00,o,0.2,0.05,0.3,1.9955079583855262,0.017226985364,0.283,-0.0088620643567,2.38,-1.731,2.33
2024-05-16 00:30:00,o,0.2,0.05,0.35,1.9334417300940363,0.011074440294,0.303,-0.0065052343768,2.27,-1.5,2.164
2024-05-16 00:30:00,o,0.2,0.05,0.4,1.9334417300940363,0.011074440294,0.303,-0.0065052343768,2.27,-1.5,2.164
2024-05-16 00:30:00,o,0.2,0.05,0.45,1.8043371038260256,0.0089715957982,0.359,-0.0060685316854,1.94,-0.881,2.009
2024-05-16 00:30:00,o,0.2,0.05,0.5,1.7825872742413722,0.0098036417705,0.368,-0.0071877486517,1.87,-0.768,2.084
2024-05-16 00:30:00,o,0.2,0.05,0.55,1.7825872742413722,0.0098036417705,0.368,-0.0071877486517,1.87,-0.768,2.084
2024-05-16 00:30:00,o,0.2,0.05,0.6,1.7825872742413722,0.0098036417705,0.368,-0.0071877486517,1.87,-0.768,2.084
2024-05-16 00:30:00,o,0.2,0.05,0.65,1.718858610281472,0.0032312611233,0.391,-0.0017651471158,1.67,-0.487,2.036
2024-05-16 00:30:00,o,0.2,0.05,0.7,1.7163790128722298,0.0060331318478,0.388,-0.0038360959306,1.71,-0.539,2.046
2024-05-16 00:30:00,o,0.2,0.05,0.75,1.6962515162374943,0.0040922601556,0.401,-0.0028555947741,1.56,-0.358,1.869
2024-05-16 00:30:00,o,0.2,0.05,0.8,1.6869399904500781,0.0072396095781,0.407,-0.0053017623566,1.45,-0.245,2.011
2024-05-16 00:30:00,o,0.2,0.05,0.85,1.6869399904500781,0.0072396095781,0.407,-0.0053017623566,1.45,-0.245,2.011
2024-05-16 00:30:00,o,0.2,0.05,0.9,1.6734264280870927,0.0035612134315,0.417,-0.002,1.23,-0.064,2.626
2024-05-16 00:30:00,o,0.2,0.05,0.95,1.6703479188425256,0.0027735672599,0.419,0.0,1.13,0.002,2.786
2024-05-16 00:30:00,o,0.2,0.1,0.0,2.0613846152723974,0.00864066889,0.277,-0.0050392639346,2.4,-1.774,2.47
2024-05-16 00:30:00,o,0.2,0.1,0.95,1.6734264280870927,0.0035612134315,0.417,-0.002,1.23,-0.064,2.626
2024-05-16 00:30:00,o,0.2,0.15,0.0,2.1274967828485125,0.0053989175997,0.245,-0.0025414178683,2.59,-2.193,2.055
2024-05-16 00:30:00,o,0.2,0.15,0.95,1.6672567755966932,-0.0137491552,0.419,0.0075915230543,1.13,0.002,2.236
2024-05-16 00:30:00,o,0.2,0.2,0.0,2.1429960533250836,0.0056925914945,0.238,-0.0025608785297,2.62,-2.26,2.082
2024-05-16 00:30:00,o,0.2,0.2,0.95,1.6727072904726428,-0.013186648389,0.417,0.0089188497984,1.23,-0.064,1.969
2024-05-16 00:30:00,o,0.2,0.25,0.0,2.1655351436971215,0.0049705801872,0.228,-0.0022612368257,2.69,-2.419,2.083
2024-05-16 00:30:00,o,0.2,0.25,0.95,1.6735185391570055,-0.017890098473,0.417,0.012640477084,1.23,-0.064,1.998
2024-05-16 00:30:00,o,0.2,0.3,0.0,2.1655351436971215,0.0049705801872,0.228,-0.0022612368257,2.69,-2.419,2.083
2024-05-16 00:30:00,o,0.2,0.3,0.95,1.6776616922725145,-0.013844157329,0.414,0.0097057758263,1.32,-0.132,1.958
2024-05-16 00:30:00,o,0.2,0.35,0.0,2.1655351436971215,0.0049705801872,0.228,-0.0022612368257,2.69,-2.419,2.083
2024-05-16 00:30:00,o,0.2,0.35,0.95,1.6776616922725145,-0.013844157329,0.414,0.0097057758263,1.32,-0.132,1.958
2024-05-16 00:30:00,o,0.2,0.4,0.0,2.191811379637523,0.0069127858374,0.217,-0.0029581657476,2.77,-2.601,2.049
2024-05-16 00:30:00,o,0.2,0.4,0.95,1.6811959960106937,-0.012267131209,0.411,0.0080182674122,1.38,-0.182,2.013
2024-05-16 00:30:00,o,0.2,0.45,0.0,2.2029648531018426,0.0049156539181,0.213,-0.0015834041992,2.79,-2.646,1.995
2024-05-16 00:30:00,o,0.2,0.45,0.95,1.673389578188305,-0.014691931948,0.417,0.010399226621,1.23,-0.064,2.003
2024-05-16 00:30:00,o,0.2,0.5,0.0,2.2029648531018426,0.0049156539181,0.213,-0.0015834041992,2.79,-2.646,1.995
2024-05-16 00:30:00,o,0.2,0.5,0.95,1.673389578188305,-0.014691931948,0.417,0.010399226621,1.23,-0.064,2.003
2024-05-16 00:30:00,o,0.2,0.55,0.0,2.2029648531018426,0.0049156539181,0.213,-0.0015834041992,2.79,-2.646,1.995
2024-05-16 00:30:00,o,0.2,0.55,0.95,1.665233791884687,-0.011130543445,0.419,0.004406823149,1.13,0.002,2.006
2024-05-16 00:30:00,o,0.2,0.6,0.0,2.192154705380779,0.0048794020547,0.217,-0.0019769151126,2.77,-2.601,2.0
2024-05-16 00:30:00,o,0.2,0.6,0.95,1.6515784263437794,-0.0093723849865,0.419,0.0,1.13,0.002,1.925
2024-05-16 00:30:00,o,0.2,0.65,0.0,2.197922563453177,0.0020533403858,0.215,-0.00046521000644,2.78,-2.623,1.979
2024-05-16 00:30:00,o,0.2,0.65,0.95,1.639207494960517,-0.010643147204,0.419,0.0,1.13,0.002,1.984
2024-05-16 00:30:00,o,0.2,0.7,0.0,2.197922563453177,0.0020533403858,0.215,-0.00046521000644,2.78,-2.623,1.979
2024-05-16 00:30:00,o,0.2,0.7,0.95,1.639207494960517,-0.010643147204,0.419,0.0,1.13,0.002,1.984
2024-05-16 00:30:00,o,0.2,0.75,0.0,2.1960877137541073,-0.00034272588653,0.215,-0.0002378507289,2.78,-2.623,2.015
2024-05-16 00:30:00,o,0.2,0.75,0.95,1.639207494960517,-0.010643147204,0.419,0.0,1.13,0.002,1.984
2024-05-16 00:30:00,o,0.2,0.8,0.0,2.1960877137541073,-0.00034272588653,0.215,-0.0002378507289,2.78,-2.623,2.015
2024-05-16 00:30:00,o,0.2,0.8,0.95,1.6068326248488856,-0.0078009829929,0.419,0.0,1.13,0.002,1.883
2024-05-16 00:30:00,o,0.2,0.85,0.0,2.1953959107209418,-0.0064871329644,0.216,0.0029586503048,2.77,-2.601,2.047
2024-05-16 00:30:00,o,0.2,0.85,0.95,1.5948895496460347,-0.0093473066494,0.419,0.0,1.13,0.002,1.94
2024-05-16 00:30:00,o,0.2,0.9,0.0,2.1953959107209418,-0.0064871329644,0.216,0.0029586503048,2.77,-2.601,2.047
2024-05-16 00:30:00,o,0.2,0.9,0.95,1.5948895496460347,-0.0093473066494,0.419,0.0,1.13,0.002,1.94
2024-05-16 00:30:00,o,0.2,0.95,0.0,2.183093242155615,-0.0069020978087,0.221,0.003140711426,2.74,-2.532,2.096
2024-05-16 00:30:00,o,0.2,0.95,0.95,1.59011703478479,-0.0035344834806,0.419,0.0,1.13,0.002,1.929
2024-05-16 00:30:00,o,0.2,1.0,0.0,2.183093242155615,-0.0069020978087,0.221,0.003140711426,2.74,-2.532,2.096
2024-05-16 00:30:00,o,0.2,1.0,0.95,1.582472452934854,-0.0029995568033,0.419,0.0,1.13,0.002,1.86
2024-05-16 00:30:00,o,0.2,1.05,0.0,2.1645610292655566,-0.010350242522,0.229,0.0048701676838,2.69,-2.419,2.091
2024-05-16 00:30:00,o,0.2,1.05,0.95,1.5843538432827675,0.010067864167,0.419,0.0,1.13,0.002,1.763
2024-05-16 00:30:00,o,0.2,1.1,0.0,2.0962006654283956,-0.0071959274074,0.26,0.0035948809463,2.5,-1.992,2.536
2024-05-16 00:30:00,o,0.2,1.1,0.95,1.5843538432827675,0.010067864167,0.419,0.0,1.13,0.002,1.763
2024-05-16 00:30:00,o,0.2,1.15,0.0,1.9789698406970981,0.0053109941235,0.324,-0.0032815944069,2.15,-1.26,2.634
2024-05-16 00:30:00,o,0.2,1.15,0.05,2.036561031547365,-0.0021981777369,0.291,0.0014423712821,2.33,-1.625,3.137
2024-05-16 00:30:00,o,0.2,1.15,0.1,2.078485818385974,-0.0075926977216,0.269,0.0041039715712,2.44,-1.861,2.842
2024-05-16 00:30:00,o,0.2,1.15,0.15,2.0955319841373092,-0.013002597327,0.247,0.0060194337373,2.58,-2.17,2.377
2024-05-16 00:30:00,o,0.2,1.15,0.2,2.049148219733418,-0.012296719454,0.264,0.0062776806817,2.48,-1.948,2.412
2024-05-16 00:30:00,o,0.2,1.15,0.25,2.018176033602363,-0.013987244728,0.268,0.0066908231358,2.46,-1.904,2.281
2024-05-16 00:30:00,o,0.2,1.15,0.3,2.018176033602363,-0.013987244728,0.268,0.0066908231358,2.46,-1.904,2.281
2024-05-16 00:30:00,o,0.2,1.15,0.35,1.9657706632968643,-0.012638129326,0.288,0.0068453581276,2.34,-1.646,2.173
2024-05-16 00:30:00,o,0.2,1.15,0.4,1.886400472786059,-0.01314098512,0.326,0.0077046540103,2.14,-1.24,2.276
2024-05-16 00:30:00,o,0.2,1.15,0.45,1.8156906236575026,-0.013072357256,0.359,0.0087768097792,1.94,-0.881,2.069
2024-05-16 00:30:00,o,0.2,1.15,0.5,1.8156906236575026,-0.013072357256,0.359,0.0087768097792,1.94,-0.881,2.069
2024-05-16 00:30:00,o,0.2,1.15,0.55,1.7540347353001007,-0.012630880917,0.394,0.0095345264135,1.65,-0.463,2.108
2024-05-16 00:30:00,o,0.2,1.15,0.6,1.627673031766616,-0.002897211554,0.422,0.0,0.98,0.086,1.853
2024-05-16 00:30:00,o,0.2,1.15,0.65,1.5951985068351437,-0.0043352432958,0.42,0.0,1.08,0.032,1.942
2024-05-16 00:30:00,o,0.2,1.15,0.7,1.5845912707958718,-0.0021085308282,0.419,0.0,1.13,0.002,1.987
2024-05-16 00:30:00,o,0.2,1.15,0.75,1.5845912707958718,-0.0021085308282,0.419,0.0,1.13,0.002,1.987
2024-05-16 00:30:00,o,0.2,1.15,0.8,1.5800349575088832,0.0053209367546,0.419,0.0,1.13,0.002,1.971
2024-05-16 00:30:00,o,0.2,1.15,0.85,1.5828017176654712,0.0031324241108,0.419,0.0,1.13,0.002,2.419
2024-05-16 00:30:00,o,0.2,1.15,0.9,1.5853253438945079,0.0062280173419,0.419,0.0,1.13,0.002,2.591
2024-05-16 00:30:00,o,0.2,1.15,0.95,1.590618948206578,0.017968032954,0.419,0.0,1.13,0.002,2.048
2024-05-16 00:30:00,o,0.25,0.05,0.0,1.9950996733824005,0.013326354755,0.314,-0.0083236048999,2.2,-1.358,2.611
2024-05-16 00:30:00,o,0.25,0.05,0.05,1.9981721219394406,0.012920838148,0.313,-0.0072216100515,2.21,-1.378,2.761
2024-05-16 00:30:00,o,0.25,0.05,0.1,2.0172921684811875,0.011609846647,0.299,-0.0064266585761,2.29,-1.541,2.503
2024-05-16 00:30:00,o,0.25,0.05,0.15,2.0091533319077084,0.012786156752,0.291,-0.0072048142111,2.33,-1.625,2.401
2024-05-16 00:30:00,o,0.25,0.05,0.2,2.0091533319077084,0.012786156752,0.291,-0.0072048142111,2.33,-1.625,2.401
2024-05-16 00:30:00,o,0.25,0.05,0.25,1.9804488065224433,0.012461142594,0.285,-0.0071591810957,2.36,-1.688,2.291
2024-05-16 00:30:00,o,0.25,0.05,0.3,1.9804488065224433,0.012461142594,0.285,-0.0071591810957,2.36,-1.688,2.291
2024-05-16 00:30:00,o,0.25,0.05,0.35,1.9334417300940363,0.011074440294,0.303,-0.0065052343768,2.27,-1.5,2.164
2024-05-16 00:30:00,o,0.25,0.05,0.4,1.8560216046829257,0.0058595499336,0.338,-0.0034561810712,2.07,-1.109,2.178
2024-05-16 00:30:00,o,0.25,0.05,0.45,1.8560216046829257,0.0058595499336,0.338,-0.0034561810712,2.07,-1.109,2.178
2024-05-16 00:30:00,o,0.25,0.05,0.5,1.8043371038260256,0.0089715957982,0.359,-0.0060685316854,1.94,-0.881,2.009
2024-05-16 00:30:00,o,0.25,0.05,0.55,1.7825872742413722,0.0098036417705,0.368,-0.0071877486517,1.87,-0.768,2.084
2024-05-16 00:30:00,o,0.25,0.05,0.6,1.749906290818102,0.0049486808211,0.381,-0.0035860612157,1.77,-0.62,2.078
2024-05-16 00:30:00,o,0.25,0.05,0.65,1.718858610281472,0.0032312611233,0.391,-0.0017651471158,1.67,-0.487,2.036
2024-05-16 00:30:00,o,0.25,0.05,0.7,1.718858610281472,0.0032312611233,0.391,-0.0017651471158,1.67,-0.487,2.036
2024-05-16 00:30:00,o,0.25,0.05,0.75,1.6871364028000568,0.001950199933,0.407,-0.0015612434713,1.45,-0.245,1.785
2024-05-16 00:30:00,o,0.25,0.05,0.8,1.6769129872092097,0.010544789198,0.414,-0.005,1.32,-0.132,2.314
2024-05-16 00:30:00,o,0.25,0.05,0.85,1.6769129872092097,0.010544789198,0.414,-0.005,1.32,-0.132,2.314
2024-05-16 00:30:00,o,0.25,0.05,0.9,1.6737303205073932,0.012864842504,0.416,-0.003,1.26,-0.086,2.33
2024-05-16 00:30:00,o,0.25,0.05,0.95,1.6734356400732613,0.017241577894,0.417,-0.002,1.23,-0.064,2.465
2024-05-16 00:30:00,o,0.25,0.1,0.0,2.0203861461238692,0.01289014418,0.3,-0.0070979005638,2.28,-1.52,2.632
2024-05-16 00:30:00,o,0.25,0.1,0.95,1.6737303205073932,0.012864842504,0.416,-0.003,1.26,-0.086,2.33
2024-05-16 00:30:00,o,0.25,0.15,0.0,2.1182316483270274,0.0088353611226,0.249,-0.0045274454078,2.56,-2.126,2.13
2024-05-16 00:30:00,o,0.25,0.15,0.95,1.676025654176395,0.010529091458,0.415,-0.004,1.29,-0.108,2.147
2024-05-16 00:30:00,o,0.25,0.2,0.0,2.1429960533250836,0.0056925914945,0.238,-0.0025608785297,2.62,-2.26,2.082
2024-05-16 00:30:00,o,0.25,0.2,0.95,1.6774518198444364,-0.00093907460066,0.414,0.00080031042945,1.32,-0.132,1.931
2024-05-16 00:30:00,o,0.25,0.25,0.0,2.1429960533250836,0.0056925914945,0.238,-0.0025608785297,2.62,-2.26,2.082
2024-05-16 00:30:00,o,0.25,0.25,0.95,1.684261722928907,-0.0037930671484,0.409,0.0023811770154,1.42,-0.217,1.872
2024-05-16 00:30:00,o,0.25,0.3,0.0,2.1655351436971215,0.0049705801872,0.228,-0.0022612368257,2.69,-2.419,2.083
2024-05-16 00:30:00,o,0.25,0.3,0.95,1.6776616922725145,-0.013844157329,0.414,0.0097057758263,1.32,-0.132,1.958
2024-05-16 00:30:00,o,0.25,0.35,0.0,2.191811379637523,0.0069127858374,0.217,-0.0029581657476,2.77,-2.601,2.049
2024-05-16 00:30:00,o,0.25,0.35,0.95,1.6811959960106937,-0.012267131209,0.411,0.0080182674122,1.38,-0.182,2.013
2024-05-16 00:30:00,o,0.25,0.4,0.0,2.191811379637523,0.0069127858374,0.217,-0.0029581657476,2.77,-2.601,2.049
2024-05-16 00:30:00,o,0.25,0.4,0.95,1.6811959960106937,-0.012267131209,0.411,0.0080182674122,1.38,-0.182,2.013
2024-05-16 00:30:00,o,0.25,0.45,0.0,2.2065722387435778,0.0061184753346,0.211,-0.0026149370436,2.81,-2.692,2.036
2024-05-16 00:30:00,o,0.25,0.45,0.95,1.6811959960106937,-0.012267131209,0.411,0.0080182674122,1.38,-0.182,2.013
2024-05-16 00:30:00,o,0.25,0.5,0.0,2.2029648531018426,0.0049156539181,0.213,-0.0015834041992,2.79,-2.646,1.995
2024-05-16 00:30:00,o,0.25,0.5,0.95,1.673389578188305,-0.014691931948,0.417,0.010399226621,1.23,-0.064,2.003
2024-05-16 00:30:00,o,0.25,0.55,0.0,2.2029648531018426,0.0049156539181,0.213,-0.0015834041992,2.79,-2.646,1.995
2024-05-16 00:30:00,o,0.25,0.55,0.95,1.665233791884687,-0.011130543445,0.419,0.004406823149,1.13,0.002,2.006
2024-05-16 00:30:00,o,0.25,0.6,0.0,2.192154705380779,0.0048794020547,0.217,-0.0019769151126,2.77,-2.601,2.0
2024-05-16 00:30:00,o,0.25,0.6,0.95,1.665233791884687,-0.011130543445,0.419,0.004406823149,1.13,0.002,2.006
2024-05-16 00:30:00,o,0.25,0.65,0.0,2.192154705380779,0.0048794020547,0.217,-0.0019769151126,2.77,-2.601,2.0
2024-05-16 00:30:00,o,0.25,0.65,0.95,1.6515784263437794,-0.0093723849865,0.419,0.0,1.13,0.002,1.925
2024-05-16 00:30:00,o,0.25,0.7,0.0,2.197922563453177,0.0020533403858,0.215,-0.00046521000644,2.78,-2.623,1.979
2024-05-16 00:30:00,o,0.25,0.7,0.95,1.639207494960517,-0.010643147204,0.419,0.0,1.13,0.002,1.984
2024-05-16 00:30:00,o,0.25,0.75,0.0,2.1960877137541073,-0.00034272588653,0.215,-0.0002378507289,2.78,-2.623,2.015
2024-05-16 00:30:00,o,0.25,0.75,0.95,1.632295287340207,-0.0084444631036,0.419,0.0,1.13,0.002,1.971
2024-05-16 00:30:00,o,0.25,0.8,0.0,2.1960877137541073,-0.00034272588653,0.215,-0.0002378507289,2.78,-2.623,2.015
2024-05-16 00:30:00,o,0.25,0.8,0.95,1.6068326248488856,-0.0078009829929,0.419,0.0,1.13,0.002,1.883
2024-05-16 00:30:00,o,0.25,0.85,0.0,2.1953959107209418,-0.0064871329644,0.216,0.0029586503048,2.77,-2.601,2.047
2024-05-16 00:30:00,o,0.25,0.85,0.95,1.6068326248488856,-0.0078009829929,0.419,0.0,1.13,0.002,1.883
2024-05-16 00:30:00,o,0.25,0.9,0.0,2.1953959107209418,-0.0064871329644,0.216,0.0029586503048,2.77,-2.601,2.047
2024-05-16 00:30:00,o,0.25,0.9,0.95,1.59011703478479,-0.0035344834806,0.419,0.0,1.13,0.002,1.929
2024-05-16 00:30:00,o,0.25,0.95,0.0,2.183093242155615,-0.0069020978087,0.221,0.003140711426,2.74,-2.532,2.096
2024-05-16 00:30:00,o,0.25,0.95,0.95,1.59011703478479,-0.0035344834806,0.419,0.0,1.13,0.002,1.929
2024-05-16 00:30:00,o,0.25,1.0,0.0,2.183093242155615,-0.0069020978087,0.221,0.003140711426,2.74,-2.532,2.096
2024-05-16 00:30:00,o,0.25,1.0,0.95,1.582472452934854,-0.0029995568033,0.419,0.0,1.13,0.002,1.86
2024-05-16 00:30:00,o,0.25,1.05,0.0,2.1274870685008915,0.0010699069936,0.245,-0.000538182799,2.59,-2.193,2.165
2024-05-16 00:30:00,o,0.25,1.05,0.95,1.5843538432827675,0.010067864167,0.419,0.0,1.13,0.002,1.763
2024-05-16 00:30:00,o,0.25,1.1,0.0,1.9733957398980646,0.0080387934062,0.327,-0.0054330394128,2.13,-1.221,2.572
2024-05-16 00:30:00,o,0.25,1.1,0.95,1.5843538432827675,0.010067864167,0.419,0.0,1.13,0.002,1.763
2024-05-16 00:30:00,o,0.25,1.15,0.0,1.9789698406970981,0.0053109941235,0.324,-0.0032815944069,2.15,-1.26,2.634
2024-05-16 00:30:00,o,0.25,1.15,0.05,1.9733957398980646,0.0080387934062,0.327,-0.0054330394128,2.13,-1.221,2.572
2024-05-16 00:30:00,o,0.25,1.15,0.1,2.0372830375389914,0.002321869591,0.29,-0.0016338870133,2.33,-1.625,2.308
2024-05-16 00:30:00,o,0.25,1.15,0.15,2.085811276594673,-0.0090475043076,0.253,0.0038649438964,2.54,-2.081,2.115
2024-05-16 00:30:00,o,0.25,1.15,0.2,2.027826458138524,-0.0084829855859,0.276,0.0047943050192,2.41,-1.796,2.254
2024-05-16 00:30:00,o,0.25,1.15,0.25,2.049148219733418,-0.012296719454,0.264,0.0062776806817,2.48,-1.948,2.412
2024-05-16 00:30:00,o,0.25,1.15,0.3,1.9657706632968643,-0.012638129326,0.288,0.0068453581276,2.34,-1.646,2.173
2024-05-16 00:30:00,o,0.25,1.15,0.35,1.886400472786059,-0.01314098512,0.326,0.0077046540103,2.14,-1.24,2.276
2024-05-16 00:30:00,o,0.25,1.15,0.4,1.886400472786059,-0.01314098512,0.326,0.0077046540103,2.14,-1.24,2.276
2024-05-16 00:30:00,o,0.25,1.15,0.45,1.8156906236575026,-0.013072357256,0.359,0.0087768097792,1.94,-0.881,2.069
2024-05-16 00:30:00,o,0.25,1.15,0.5,1.7540347353001007,-0.012630880917,0.394,0.0095345264135,1.65,-0.463,2.108
2024-05-16 00:30:00,o,0.25,1.15,0.55,1.7540347353001007,-0.012630880917,0.394,0.0095345264135,1.65,-0.463,2.108
2024-05-16 00:30:00,o,0.25,1.15,0.6,1.6237350148800869,-0.0081043095685,0.422,0.0,0.98,0.086,1.999
2024-05-16 00:30:00,o,0.25,1.15,0.65,1.5951985068351437,-0.0043352432958,0.42,0.0,1.08,0.032,1.942
2024-05-16 00:30:00,o,0.25,1.15,0.7,1.5951985068351437,-0.0043352432958,0.42,0.0,1.08,0.032,1.942
2024-05-16 00:30:00,o,0.25,1.15,0.75,1.5845912707958718,-0.0021085308282,0.419,0.0,1.13,0.002,1.987
2024-05-16 00:30:00,o,0.25,1.15,0.8,1.5800349575088832,0.0053209367546,0.419,0.0,1.13,0.002,1.971
2024-05-16 00:30:00,o,0.25,1.15,0.85,1.5736952833976885,0.011771428514,0.419,0.0,1.13,0.002,2.261
2024-05-16 00:30:00,o,0.25,1.15,0.9,1.582835765290584,0.018122369069,0.419,0.0,1.13,0.002,2.258
2024-05-16 00:30:00,o,0.25,1.15,0.95,1.590618948206578,0.017968032954,0.419,0.0,1.13,0.002,2.048
2024-05-16 00:30:00,o,0.3,0.05,0.0,2.0203861461238692,0.01289014418,0.3,-0.0070979005638,2.28,-1.52,2.632
2024-05-16 00:30:00,o,0.3,0.05,0.05,2.0203861461238692,0.01289014418,0.3,-0.0070979005638,2.28,-1.52,2.632
2024-05-16 00:30:00,o,0.3,0.05,0.1,2.0172921684811875,0.011609846647,0.299,-0.0064266585761,2.29,-1.541,2.503
2024-05-16 00:30:00,o,0.3,0.05,0.15,2.0172921684811875,0.011609846647,0.299,-0.0064266585761,2.29,-1.541,2.503
2024-05-16 00:30:00,o,0.3,0.05,0.2,2.007602704535407,0.0083111821071,0.283,-0.0041669434802,2.38,-1.731,2.336
2024-05-16 00:30:00,o,0.3,0.05,0.25,2.007602704535407,0.0083111821071,0.283,-0.0041669434802,2.38,-1.731,2.336
2024-05-16 00:30:00,o,0.3,0.05,0.3,1.9804488065224433,0.012461142594,0.285,-0.0071591810957,2.36,-1.688,2.291
2024-05-16 00:30:00,o,0.3,0.05,0.35,1.9334417300940363,0.011074440294,0.303,-0.0065052343768,2.27,-1.5,2.164
2024-05-16 00:30:00,o,0.3,0.05,0.4,1.8560216046829257,0.0058595499336,0.338,-0.0034561810712,2.07,-1.109,2.178
2024-05-16 00:30:00,o,0.3,0.05,0.45,1.8560216046829257,0.0058595499336,0.338,-0.0034561810712,2.07,-1.109,2.178
2024-05-16 00:30:00,o,0.3,0.05,0.5,1.7759525067377013,-0.0025894328959,0.377,0.00167454514,1.81,-0.678,2.09
2024-05-16 00:30:00,o,0.3,0.05,0.55,1.757335284058062,0.0031322472128,0.381,-0.0021673712357,1.77,-0.62,2.019
2024-05-16 00:30:00,o,0.3,0.05,0.6,1.749906290818102,0.0049486808211,0.381,-0.0035860612157,1.77,-0.62,2.078
2024-05-16 00:30:00,o,0.3,0.05,0.65,1.718858610281472,0.0032312611233,0.391,-0.0017651471158,1.67,-0.487,2.036
2024-05-16 00:30:00,o,0.3,0.05,0.7,1.696129132976552,-0.00055045329033,0.401,0.0001658804031,1.56,-0.358,1.978
2024-05-16 00:30:00,o,0.3,0.05,0.75,1.6758149894511545,-0.0074752576673,0.415,0.005149848384,1.29,-0.108,2.152
2024-05-16 00:30:00,o,0.3,0.05,0.8,1.6744385769595764,0.0034602380091,0.416,-0.0023195394726,1.26,-0.086,1.917
2024-05-16 00:30:00,o,0.3,0.05,0.85,1.6744385769595764,0.0034602380091,0.416,-0.0023195394726,1.26,-0.086,1.917
2024-05-16 00:30:00,o,0.3,0.05,0.9,1.6737303205073932,0.012864842504,0.416,-0.003,1.26,-0.086,2.33
2024-05-16 00:30:00,o,0.3,0.05,0.95,1.6734356400732613,0.017241577894,0.417,-0.002,1.23,-0.064,2.465
2024-05-16 00:30:00,o,0.3,0.1,0.0,2.0203861461238692,0.01289014418,0.3,-0.0070979005638,2.28,-1.52,2.632
2024-05-16 00:30:00,o,0.3,0.1,0.95,1.676025654176395,0.010529091458,0.415,-0.004,1.29,-0.108,2.147
2024-05-16 00:30:00,o,0.3,0.15,0.0,2.1182316483270274,0.0088353611226,0.249,-0.0045274454078,2.56,-2.126,2.13
2024-05-16 00:30:00,o,0.3,0.15,0.95,1.676025654176395,0.010529091458,0.415,-0.004,1.29,-0.108,2.147
2024-05-16 00:30:00,o,0.3,0.2,0.0,2.1182316483270274,0.0088353611226,0.249,-0.0045274454078,2.56,-2.126,2.13
2024-05-16 00:30:00,o,0.3,0.2,0.95,1.6843874960204037,0.00073718961801,0.409,-0.00060506381972,1.42,-0.217,1.902
2024-05-16 00:30:00,o,0.3,0.25,0.0,2.1182316483270274,0.0088353611226,0.249,-0.0045274454078,2.56,-2.126,2.13
2024-05-16 00:30:00,o,0.3,0.25,0.95,1.6843874960204037,0.00073718961801,0.409,-0.00060506381972,1.42,-0.217,1.902
2024-05-16 00:30:00,o,0.3,0.3,0.0,2.191811379637523,0.0069127858374,0.217,-0.0029581657476,2.77,-2.601,2.049
2024-05-16 00:30:00,o,0.3,0.3,0.95,1.6888378961314756,-0.00099464252161,0.406,0.00058031486457,1.49,-0.285,1.914
2024-05-16 00:30:00,o,0.3,0.35,0.0,2.191811379637523,0.0069127858374,0.217,-0.0029581657476,2.77,-2.601,2.049
2024-05-16 00:30:00,o,0.3,0.35,0.95,1.6883219167199193,-0.0050444357056,0.406,0.0029534733832,1.49,-0.285,1.998
2024-05-16 00:30:00,o,0.3,0.4,0.0,2.2065722387435778,0.0061184753346,0.211,-0.0026149370436,2.81,-2.692,2.036
2024-05-16 00:30:00,o,0.3,0.4,0.95,1.6883219167199193,-0.0050444357056,0.406,0.0029534733832,1.49,-0.285,1.998
2024-05-16 00:30:00,o,0.3,0.45,0.0,2.2065722387435778,0.0061184753346,0.211,-0.0026149370436,2.81,-2.692,2.036
2024-05-16 00:30:00,o,0.3,0.45,0.95,1.6883219167199193,-0.0050444357056,0.406,0.0029534733832,1.49,-0.285,1.998
2024-05-16 00:30:00,o,0.3,0.5,0.0,2.2065722387435778,0.0061184753346,0.211,-0.0026149370436,2.81,-2.692,2.036
2024-05-16 00:30:00,o,0.3,0.5,0.95,1.665158685292156,-0.0071793542277,0.419,0.0016243333218,1.13,0.002,1.937
2024-05-16 00:30:00,o,0.3,0.55,0.0,2.2029648531018426,0.0049156539181,0.213,-0.0015834041992,2.79,-2.646,1.995
2024-05-16 00:30:00,o,0.3,0.55,0.95,1.665158685292156,-0.0071793542277,0.419,0.0016243333218,1.13,0.002,1.937
2024-05-16 00:30:00,o,0.3,0.6,0.0,2.192154705380779,0.0048794020547,0.217,-0.0019769151126,2.77,-2.601,2.0
2024-05-16 00:30:00,o,0.3,0.6,0.95,1.665158685292156,-0.0071793542277,0.419,0.0016243333218,1.13,0.002,1.937
2024-05-16 00:30:00,o,0.3,0.65,0.0,2.1993793938639854,0.0053426221377,0.214,-0.0022092437711,2.78,-2.623,2.016
2024-05-16 00:30:00,o,0.3,0.65,0.95,1.6672941495328968,-0.0053577733071,0.419,0.0018419211479,1.13,0.002,2.012
2024-05-16 00:30:00,o,0.3,0.7,0.0,2.1993793938639854,0.0053426221377,0.214,-0.0022092437711,2.78,-2.623,2.016
2024-05-16 00:30:00,o,0.3,0.7,0.95,1.6482331199001017,-0.0051144867007,0.419,0.0,1.13,0.002,1.973
2024-05-16 00:30:00,o,0.3,0.75,0.0,2.2084789793308333,0.0024847232417,0.21,-0.0014000429425,2.81,-2.692,2.044
2024-05-16 00:30:00,o,0.3,0.75,0.95,1.632295287340207,-0.0084444631036,0.419,0.0,1.13,0.002,1.971
2024-05-16 00:30:00,o,0.3,0.8,0.0,2.2084789793308333,0.0024847232417,0.21,-0.0014000429425,2.81,-2.692,2.044
2024-05-16 00:30:00,o,0.3,0.8,0.95,1.6068326248488856,-0.0078009829929,0.419,0.0,1.13,0.002,1.883
2024-05-16 00:30:00,o,0.3,0.85,0.0,2.2084789793308333,0.0024847232417,0.21,-0.0014000429425,2.81,-2.692,2.044
2024-05-16 00:30:00,o,0.3,0.85,0.95,1.6068326248488856,-0.0078009829929,0.419,0.0,1.13,0.002,1.883
2024-05-16 00:30:00,o,0.3,0.9,0.0,2.1274870685008915,0.0010699069936,0.245,-0.000538182799,2.59,-2.193,2.165
2024-05-16 00:30:00,o,0.3,0.9,0.95,1.5947681134475051,0.0044056262952,0.419,0.0,1.13,0.002,1.923
2024-05-16 00:30:00,o,0.3,0.95,0.0,2.1274870685008915,0.0010699069936,0.245,-0.000538182799,2.59,-2.193,2.165
2024-05-16 00:30:00,o,0.3,0.95,0.95,1.5947681134475051,0.0044056262952,0.419,0.0,1.13,0.002,1.923
2024-05-16 00:30:00,o,0.3,1.0,0.0,2.1274870685008915,0.0010699069936,0.245,-0.000538182799,2.59,-2.193,2.165
2024-05-16 00:30:00,o,0.3,1.0,0.95,1.5947681134475051,0.0044056262952,0.419,0.0,1.13,0.002,1.923
2024-05-16 00:30:00,o,0.3,1.05,0.0,2.1274870685008915,0.0010699069936,0.245,-0.000538182799,2.59,-2.193,2.165
2024-05-16 00:30:00,o,0.3,1.05,0.95,1.582835765290584,0.018122369069,0.419,0.0,1.13,0.002,2.258
2024-05-16 00:30:00,o,0.3,1.1,0.0,1.9733957398980646,0.0080387934062,0.327,-0.0054330394128,2.13,-1.221,2.572
2024-05-16 00:30:00,o,0.3,1.1,0.95,1.582835765290584,0.018122369069,0.419,0.0,1.13,0.002,2.258
2024-05-16 00:30:00,o,0.3,1.15,0.0,1.9733957398980646,0.0080387934062,0.327,-0.0054330394128,2.13,-1.221,2.572
2024-05-16 00:30:00,o,0.3,1.15,0.05,1.9733957398980646,0.0080387934062,0.327,-0.0054330394128,2.13,-1.221,2.572
2024-05-16 00:30:00,o,0.3,1.15,0.1,1.9795711358729327,0.0050778653495,0.321,-0.0028830288462,2.16,-1.279,2.637
2024-05-16 00:30:00,o,0.3,1.15,0.15,1.9795711358729327,0.0050778653495,0.321,-0.0028830288462,2.16,-1.279,2.637
2024-05-16 00:30:00,o,0.3,1.15,0.2,1.9862386129203025,-0.0018563731483,0.303,0.0010998995118,2.27,-1.5,2.484
2024-05-16 00:30:00,o,0.3,1.15,0.25,1.9817642603524097,-0.0093554444822,0.287,0.0046619686453,2.35,-1.667,2.072
2024-05-16 00:30:00,o,0.3,1.15,0.3,1.951138300025727,-0.0088708240704,0.297,0.004809361202,2.3,-1.562,2.232
2024-05-16 00:30:00,o,0.3,1.15,0.35,1.8835989830909312,-0.011331525942,0.329,0.0073132301496,2.12,-1.202,2.273
2024-05-16 00:30:00,o,0.3,1.15,0.4,1.8835989830909312,-0.011331525942,0.329,0.0073132301496,2.12,-1.202,2.273
2024-05-16 00:30:00,o,0.3,1.15,0.45,1.7540347353001007,-0.012630880917,0.394,0.0095345264135,1.65,-0.463,2.108
2024-05-16 00:30:00,o,0.3,1.15,0.5,1.7540347353001007,-0.012630880917,0.394,0.0095345264135,1.65,-0.463,2.108
2024-05-16 00:30:00,o,0.3,1.15,0.55,1.7540347353001007,-0.012630880917,0.394,0.0095345264135,1.65,-0.463,2.108
2024-05-16 00:30:00,o,0.3,1.15,0.6,1.6237350148800869,-0.0081043095685,0.422,0.0,0.98,0.086,1.999
2024-05-16 00:30:00,o,0.3,1.15,0.65,1.6237350148800869,-0.0081043095685,0.422,0.0,0.98,0.086,1.999
2024-05-16 00:30:00,o,0.3,1.15,0.7,1.5951985068351437,-0.0043352432958,0.42,0.0,1.08,0.032,1.942
2024-05-16 00:30:00,o,0.3,1.15,0.75,1.5734170306968094,-0.00010436565574,0.419,0.0,1.13,0.002,1.865
2024-05-16 00:30:00,o,0.3,1.15,0.8,1.5736952833976885,0.011771428514,0.419,0.0,1.13,0.002,2.261
2024-05-16 00:30:00,o,0.3,1.15,0.85,1.5736952833976885,0.011771428514,0.419,0.0,1.13,0.002,2.261
2024-05-16 00:30:00,o,0.3,1.15,0.9,1.582835765290584,0.018122369069,0.419,0.0,1.13,0.002,2.258
2024-05-16 00:30:00,o,0.3,1.15,0.95,1.593607237519869,0.025288152425,0.419,0.0,1.13,0.002,2.416
2024-05-16 00:30:00,o,0.35,0.05,0.0,2.023692705703647,0.012033467055,0.298,-0.0067021441279,2.29,-1.541,2.837
2024-05-16 00:30:00,o,0.35,0.05,0.05,2.0203861461238692,0.01289014418,0.3,-0.0070979005638,2.28,-1.52,2.632
2024-05-16 00:30:00,o,0.35,0.05,0.1,2.0627661913005357,0.009491783022,0.277,-0.0047579564011,2.4,-1.774,2.372
2024-05-16 00:30:00,o,0.35,0.05,0.15,2.094278920414607,0.0057388598927,0.254,-0.0022623382068,2.54,-2.081,2.066
2024-05-16 00:30:00,o,0.35,0.05,0.2,2.0304134980179134,0.002334562021,0.271,-0.0010049604218,2.43,-1.839,2.286
2024-05-16 00:30:00,o,0.35,0.05,0.25,2.0304134980179134,0.002334562021,0.271,-0.0010049604218,2.43,-1.839,2.286
2024-05-16 00:30:00,o,0.35,0.05,0.3,2.0304134980179134,0.002334562021,0.271,-0.0010049604218,2.43,-1.839,2.286
2024-05-16 00:30:00,o,0.35,0.05,0.35,1.9181719314658834,0.00027274204178,0.308,-0.00061093670602,2.23,-1.418,2.141
2024-05-16 00:30:00,o,0.35,0.05,0.4,1.8394466211661524,-0.0017438545828,0.347,0.0010100577607,2.01,-1.001,2.187
2024-05-16 00:30:00,o,0.35,0.05,0.45,1.8394466211661524,-0.0017438545828,0.347,0.0010100577607,2.01,-1.001,2.187
2024-05-16 00:30:00,o,0.35,0.05,0.5,1.7759525067377013,-0.0025894328959,0.377,0.00167454514,1.81,-0.678,2.09
2024-05-16 00:30:00,o,0.35,0.05,0.55,1.7759525067377013,-0.0025894328959,0.377,0.00167454514,1.81,-0.678,2.09
2024-05-16 00:30:00,o,0.35,0.05,0.6,1.7759525067377013,-0.0025894328959,0.377,0.00167454514,1.81,-0.678,2.09
2024-05-16 00:30:00,o,0.35,0.05,0.65,1.7111151799331294,0.0024648697349,0.4,-0.0021277799624,1.57,-0.369,1.907
2024-05-16 00:30:00,o,0.35,0.05,0.7,1.6758149894511545,-0.0074752576673,0.415,0.005149848384,1.29,-0.108,2.152
2024-05-16 00:30:00,o,0.35,0.05,0.75,1.6758149894511545,-0.0074752576673,0.415,0.005149848384,1.29,-0.108,2.152
2024-05-16 00:30:00,o,0.35,0.05,0.8,1.6681248887876399,-0.0037603900429,0.419,0.0013102740347,1.13,0.002,2.263
2024-05-16 00:30:00,o,0.35,0.05,0.85,1.6744385769595764,0.0034602380091,0.416,-0.0023195394726,1.26,-0.086,1.917
2024-05-16 00:30:00,o,0.35,0.05,0.9,1.6786822328363995,0.0078428784989,0.413,-0.0054161395492,1.35,-0.156,1.908
2024-05-16 00:30:00,o,0.35,0.05,0.95,1.6779717528107398,0.017827536732,0.413,-0.006,1.35,-0.156,2.277
2024-05-16 00:30:00,o,0.35,0.1,0.0,2.0203861461238692,0.01289014418,0.3,-0.0070979005638,2.28,-1.52,2.632
2024-05-16 00:30:00,o,0.35,0.1,0.95,1.6786822328363995,0.0078428784989,0.413,-0.0054161395492,1.35,-0.156,1.908
2024-05-16 00:30:00,o,0.35,0.15,0.0,2.1182316483270274,0.0088353611226,0.249,-0.0045274454078,2.56,-2.126,2.13
2024-05-16 00:30:00,o,0.35,0.15,0.95,1.6786822328363995,0.0078428784989,0.413,-0.0054161395492,1.35,-0.156,1.908
2024-05-16 00:30:00,o,0.35,0.2,0.0,2.1789050382803548,0.010113017966,0.222,-0.0047248142002,2.73,-2.51,2.173
2024-05-16 00:30:00,o,0.35,0.2,0.95,1.697839368218363,0.0012558425835,0.4,-0.0008980926731,1.57,-0.369,1.988
2024-05-16 00:30:00,o,0.35,0.25,0.0,2.1789050382803548,0.010113017966,0.222,-0.0047248142002,2.73,-2.51,2.173
2024-05-16 00:30:00,o,0.35,0.25,0.95,1.697839368218363,0.0012558425835,0.4,-0.0008980926731,1.57,-0.369,1.988
2024-05-16 00:30:00,o,0.35,0.3,0.0,2.192497759926799,0.010100228506,0.217,-0.003995505355,2.77,-2.601,2.124
2024-05-16 00:30:00,o,0.35,0.3,0.95,1.6989178858710199,0.00013901315908,0.399,-0.00043861348155,1.57,-0.369,1.957
2024-05-16 00:30:00,o,0.35,0.35,0.0,2.191811379637523,0.0069127858374,0.217,-0.0029581657476,2.77,-2.601,2.049
2024-05-16 00:30:00,o,0.35,0.35,0.95,1.700885356129951,-0.0023802215502,0.398,0.0015276685536,1.6,-0.403,2.008
2024-05-16 00:30:00,o,0.35,0.4,0.0,2.2065722387435778,0.0061184753346,0.211,-0.0026149370436,2.81,-2.692,2.036
2024-05-16 00:30:00,o,0.35,0.4,0.95,1.700885356129951,-0.0023802215502,0.398,0.0015276685536,1.6,-0.403,2.008
2024-05-16 00:30:00,o,0.35,0.45,0.0,2.2065722387435778,0.0061184753346,0.211,-0.0026149370436,2.81,-2.692,2.036
2024-05-16 00:30:00,o,0.35,0.45,0.95,1.6883219167199193,-0.0050444357056,0.406,0.0029534733832,1.49,-0.285,1.998
2024-05-16 00:30:00,o,0.35,0.5,0.0,2.2065722387435778,0.0061184753346,0.211,-0.0026149370436,2.81,-2.692,2.036
2024-05-16 00:30:00,o,0.35,0.5,0.95,1.6814764165313454,-0.0015976516432,0.411,0.0010026276636,1.38,-0.182,1.967
2024-05-16 00:30:00,o,0.35,0.55,0.0,2.215925587798633,0.0057034101509,0.207,-0.0027253302346,2.83,-2.738,2.024
2024-05-16 00:30:00,o,0.35,0.55,0.95,1.6814764165313454,-0.0015976516432,0.411,0.0010026276636,1.38,-0.182,1.967
2024-05-16 00:30:00,o,0.35,0.6,0.0,2.1993793938639854,0.0053426221377,0.214,-0.0022092437711,2.78,-2.623,2.016
2024-05-16 00:30:00,o,0.35,0.6,0.95,1.6672941495328968,-0.0053577733071,0.419,0.0018419211479,1.13,0.002,2.012
2024-05-16 00:30:00,o,0.35,0.65,0.0,2.1993793938639854,0.0053426221377,0.214,-0.0022092437711,2.78,-2.623,2.016
2024-05-16 00:30:00,o,0.35,0.65,0.95,1.6672941495328968,-0.0053577733071,0.419,0.0018419211479,1.13,0.002,2.012
2024-05-16 00:30:00,o,0.35,0.7,0.0,2.1993793938639854,0.0053426221377,0.214,-0.0022092437711,2.78,-2.623,2.016
2024-05-16 00:30:00,o,0.35,0.7,0.95,1.6482331199001017,-0.0051144867007,0.419,0.0,1.13,0.002,1.973
2024-05-16 00:30:00,o,0.35,0.75,0.0,2.2084789793308333,0.0024847232417,0.21,-0.0014000429425,2.81,-2.692,2.044
2024-05-16 00:30:00,o,0.35,0.75,0.95,1.6482331199001017,-0.0051144867007,0.419,0.0,1.13,0.002,1.973
2024-05-16 00:30:00,o,0.35,0.8,0.0,2.2084789793308333,0.0024847232417,0.21,-0.0014000429425,2.81,-2.692,2.044
2024-05-16 00:30:00,o,0.35,0.8,0.95,1.6408489906785673,0.00029799265743,0.419,0.0,1.13,0.002,1.98
2024-05-16 00:30:00,o,0.35,0.85,0.0,2.2356445799030586,0.0029304715009,0.2,-0.0010365980475,2.87,-2.829,2.068
2024-05-16 00:30:00,o,0.35,0.85,0.95,1.6175245348862923,0.0035664940291,0.419,0.0,1.13,0.002,1.907
2024-05-16 00:30:00,o,0.35,0.9,0.0,2.2083687887980856,0.0036547720195,0.21,-0.001909788652,2.81,-2.692,2.105
2024-05-16 00:30:00,o,0.35,0.9,0.95,1.5947681134475051,0.0044056262952,0.419,0.0,1.13,0.002,1.923
2024-05-16 00:30:00,o,0.35,0.95,0.0,2.2083687887980856,0.0036547720195,0.21,-0.001909788652,2.81,-2.692,2.105
2024-05-16 00:30:00,o,0.35,0.95,0.95,1.5947681134475051,0.0044056262952,0.419,0.0,1.13,0.002,1.923
2024-05-16 00:30:00,o,0.35,1.0,0.0,2.2083687887980856,0.0036547720195,0.21,-0.001909788652,2.81,-2.692,2.105
2024-05-16 00:30:00,o,0.35,1.0,0.95,1.5947681134475051,0.0044056262952,0.419,0.0,1.13,0.002,1.923
2024-05-16 00:30:00,o,0.35,1.05,0.0,2.1274870685008915,0.0010699069936,0.245,-0.000538182799,2.59,-2.193,2.165
2024-05-16 00:30:00,o,0.35,1.05,0.95,1.5782494305584194,0.012743989741,0.419,0.0,1.13,0.002,1.929
2024-05-16 00:30:00,o,0.35,1.1,0.0,1.9733957398980646,0.0080387934062,0.327,-0.0054330394128,2.13,-1.221,2.572
2024-05-16 00:30:00,o,0.35,1.1,0.95,1.5782494305584194,0.012743989741,0.419,0.0,1.13,0.002,1.929
2024-05-16 00:30:00,o,0.35,1.15,0.0,1.93545688071161,0.014963100587,0.352,-0.0097071502757,1.98,-0.948,2.746
2024-05-16 00:30:00,o,0.35,1.15,0.05,1.9412479933965716,0.010859375152,0.348,-0.0070365591822,2.01,-1.001,2.798
2024-05-16 00:30:00,o,0.35,1.15,0.1,1.9795711358729327,0.0050778653495,0.321,-0.0028830288462,2.16,-1.279,2.637
2024-05-16 00:30:00,o,0.35,1.15,0.15,1.9795711358729327,0.0050778653495,0.321,-0.0028830288462,2.16,-1.279,2.637
2024-05-16 00:30:00,o,0.35,1.15,0.2,1.9813292408016097,-0.0020579607166,0.298,0.0011246937667,2.29,-1.541,2.488
2024-05-16 00:30:00,o,0.35,1.15,0.25,1.9813292408016097,-0.0020579607166,0.298,0.0011246937667,2.29,-1.541,2.488
2024-05-16 00:30:00,o,0.35,1.15,0.3,1.9557117969612738,-0.0060509026408,0.301,0.0031526141627,2.28,-1.52,2.285
2024-05-16 00:30:00,o,0.35,1.15,0.35,1.894758994371892,-0.010216076525,0.327,0.0058722644104,2.13,-1.221,2.302
2024-05-16 00:30:00,o,0.35,1.15,0.4,1.894758994371892,-0.010216076525,0.327,0.0058722644104,2.13,-1.221,2.302
2024-05-16 00:30:00,o,0.35,1.15,0.45,1.7798200737114511,-0.011772339276,0.378,0.0086477973579,1.8,-0.663,2.108
2024-05-16 00:30:00,o,0.35,1.15,0.5,1.759713160010462,-0.011609695404,0.39,0.0080895957349,1.69,-0.513,2.137
2024-05-16 00:30:00,o,0.35,1.15,0.55,1.759713160010462,-0.011609695404,0.39,0.0080895957349,1.69,-0.513,2.137
2024-05-16 00:30:00,o,0.35,1.15,0.6,1.6237350148800869,-0.0081043095685,0.422,0.0,0.98,0.086,1.999
2024-05-16 00:30:00,o,0.35,1.15,0.65,1.6237350148800869,-0.0081043095685,0.422,0.0,0.98,0.086,1.999
2024-05-16 00:30:00,o,0.35,1.15,0.7,1.5905409108731035,-0.0069239062846,0.42,0.0,1.08,0.032,2.091
2024-05-16 00:30:00,o,0.35,1.15,0.75,1.5683073504193683,-0.0014292952418,0.419,0.0,1.13,0.002,2.04
2024-05-16 00:30:00,o,0.35,1.15,0.8,1.55905634671807,0.0032245866701,0.419,0.0,1.13,0.002,2.259
2024-05-16 00:30:00,o,0.35,1.15,0.85,1.5655644907422532,0.0058613019468,0.419,0.0,1.13,0.002,2.06
2024-05-16 00:30:00,o,0.35,1.15,0.9,1.582835765290584,0.018122369069,0.419,0.0,1.13,0.002,2.258
2024-05-16 00:30:00,o,0.35,1.15,0.95,1.6032959701669542,0.030227006235,0.419,0.0,1.13,0.002,2.351
2024-05-16 00:30:00,o,0.4,0.05,0.0,2.023692705703647,0.012033467055,0.298,-0.0067021441279,2.29,-1.541,2.837
2024-05-16 00:30:00,o,0.4,0.05,0.05,2.023692705703647,0.012033467055,0.298,-0.0067021441279,2.29,-1.541,2.837
2024-05-16 00:30:00,o,0.4,0.05,0.1,2.0949983906411735,0.0013806167619,0.259,-0.00034700965206,2.5,-1.992,3.241
2024-05-16 00:30:00,o,0.4,0.05,0.15,2.115513991064523,0.0030396996671,0.244,-0.00098002479143,2.59,-2.193,2.311
2024-05-16 00:30:00,o,0.4,0.05,0.2,2.0286037828960586,-0.0055592521302,0.27,0.0024822434714,2.44,-1.861,2.511
2024-05-16 00:30:00,o,0.4,0.05,0.25,2.0286037828960586,-0.0055592521302,0.27,0.0024822434714,2.44,-1.861,2.511
2024-05-16 00:30:00,o,0.4,0.05,0.3,1.9766754632162498,-0.0075231921513,0.285,0.0036376419209,2.36,-1.688,2.299
2024-05-16 00:30:00,o,0.4,0.05,0.35,1.9428955879359313,-0.012830636375,0.301,0.0075476935922,2.28,-1.52,2.449
2024-05-16 00:30:00,o,0.4,0.05,0.4,1.820437924619715,-0.0083572651443,0.36,0.0057999728923,1.93,-0.864,2.246
2024-05-16 00:30:00,o,0.4,0.05,0.45,1.820437924619715,-0.0083572651443,0.36,0.0057999728923,1.93,-0.864,2.246
2024-05-16 00:30:00,o,0.4,0.05,0.5,1.775005728078465,-0.0072805251386,0.378,0.0053004191774,1.8,-0.663,2.125
2024-05-16 00:30:00,o,0.4,0.05,0.55,1.775005728078465,-0.0072805251386,0.378,0.0053004191774,1.8,-0.663,2.125
2024-05-16 00:30:00,o,0.4,0.05,0.6,1.737240364751036,-0.0085914387075,0.401,0.0060901424526,1.56,-0.358,2.087
2024-05-16 00:30:00,o,0.4,0.05,0.65,1.6803173796546949,-0.012758518934,0.417,0.0089513739029,1.23,-0.064,2.05
2024-05-16 00:30:00,o,0.4,0.05,0.7,1.6767118953233557,-0.012250455772,0.414,0.0079937931193,1.32,-0.132,2.177
2024-05-16 00:30:00,o,0.4,0.05,0.75,1.6758149894511545,-0.0074752576673,0.415,0.005149848384,1.29,-0.108,2.152
2024-05-16 00:30:00,o,0.4,0.05,0.8,1.6681248887876399,-0.0037603900429,0.419,0.0013102740347,1.13,0.002,2.263
2024-05-16 00:30:00,o,0.4,0.05,0.85,1.6737947552077228,-0.0023407704466,0.416,0.0012491958118,1.26,-0.086,2.918
2024-05-16 00:30:00,o,0.4,0.05,0.9,1.6827676303503505,0.013385656989,0.41,-0.009,1.42,-0.217,2.951
2024-05-16 00:30:00,o,0.4,0.05,0.95,1.6963913406050586,0.017163374495,0.401,-0.011625476403,1.56,-0.358,2.899
2024-05-16 00:30:00,o,0.4,0.1,0.0,2.023692705703647,0.012033467055,0.298,-0.0067021441279,2.29,-1.541,2.837
2024-05-16 00:30:00,o,0.4,0.1,0.95,1.702085721435825,0.00342852175,0.397,-0.0025193631425,1.61,-0.415,2.254
2024-05-16 00:30:00,o,0.4,0.15,0.0,2.1789050382803548,0.010113017966,0.222,-0.0047248142002,2.73,-2.51,2.173
2024-05-16 00:30:00,o,0.4,0.15,0.95,1.702085721435825,0.00342852175,0.397,-0.0025193631425,1.61,-0.415,2.254
2024-05-16 00:30:00,o,0.4,0.2,0.0,2.1789050382803548,0.010113017966,0.222,-0.0047248142002,2.73,-2.51,2.173
2024-05-16 00:30:00,o,0.4,0.2,0.95,1.7065897788534221,0.0030490754852,0.394,-0.0022911568774,1.65,-0.463,2.0
2024-05-16 00:30:00,o,0.4,0.25,0.0,2.1789050382803548,0.010113017966,0.222,-0.0047248142002,2.73,-2.51,2.173
2024-05-16 00:30:00,o,0.4,0.25,0.95,1.697839368218363,0.0012558425835,0.4,-0.0008980926731,1.57,-0.369,1.988
2024-05-16 00:30:00,o,0.4,0.3,0.0,2.192497759926799,0.010100228506,0.217,-0.003995505355,2.77,-2.601,2.124
2024-05-16 00:30:00,o,0.4,0.3,0.95,1.6989178858710199,0.00013901315908,0.399,-0.00043861348155,1.57,-0.369,1.957
2024-05-16 00:30:00,o,0.4,0.35,0.0,2.192497759926799,0.010100228506,0.217,-0.003995505355,2.77,-2.601,2.124
2024-05-16 00:30:00,o,0.4,0.35,0.95,1.700885356129951,-0.0023802215502,0.398,0.0015276685536,1.6,-0.403,2.008
2024-05-16 00:30:00,o,0.4,0.4,0.0,2.2065722387435778,0.0061184753346,0.211,-0.0026149370436,2.81,-2.692,2.036
2024-05-16 00:30:00,o,0.4,0.4,0.95,1.700885356129951,-0.0023802215502,0.398,0.0015276685536,1.6,-0.403,2.008
2024-05-16 00:30:00,o,0.4,0.45,0.0,2.2115316710133794,0.0071620407972,0.209,-0.003047120788,2.82,-2.715,2.047
2024-05-16 00:30:00,o,0.4,0.45,0.95,1.7099988280251885,-0.00071073769915,0.392,0.00040057817091,1.67,-0.487,2.023
2024-05-16 00:30:00,o,0.4,0.5,0.0,2.2115316710133794,0.0071620407972,0.209,-0.003047120788,2.82,-2.715,2.047
2024-05-16 00:30:00,o,0.4,0.5,0.95,1.7005479660988547,-0.00078683606916,0.398,0.00025389027326,1.6,-0.403,2.021
2024-05-16 00:30:00,o,0.4,0.55,0.0,2.215925587798633,0.0057034101509,0.207,-0.0027253302346,2.83,-2.738,2.024
2024-05-16 00:30:00,o,0.4,0.55,0.95,1.6814764165313454,-0.0015976516432,0.411,0.0010026276636,1.38,-0.182,1.967
2024-05-16 00:30:00,o,0.4,0.6,0.0,2.215925587798633,0.0057034101509,0.207,-0.0027253302346,2.83,-2.738,2.024
2024-05-16 00:30:00,o,0.4,0.6,0.95,1.6814764165313454,-0.0015976516432,0.411,0.0010026276636,1.38,-0.182,1.967
2024-05-16 00:30:00,o,0.4,0.65,0.0,2.215925587798633,0.0057034101509,0.207,-0.0027253302346,2.83,-2.738,2.024
2024-05-16 00:30:00,o,0.4,0.65,0.95,1.6814764165313454,-0.0015976516432,0.411,0.0010026276636,1.38,-0.182,1.967
2024-05-16 00:30:00,o,0.4,0.7,0.0,2.1993793938639854,0.0053426221377,0.214,-0.0022092437711,2.78,-2.623,2.016
2024-05-16 00:30:00,o,0.4,0.7,0.95,1.6408489906785673,0.00029799265743,0.419,0.0,1.13,0.002,1.98
2024-05-16 00:30:00,o,0.4,0.75,0.0,2.2356445799030586,0.0029304715009,0.2,-0.0010365980475,2.87,-2.829,2.068
2024-05-16 00:30:00,o,0.4,0.75,0.95,1.6408489906785673,0.00029799265743,0.419,0.0,1.13,0.002,1.98
2024-05-16 00:30:00,o,0.4,0.8,0.0,2.2356445799030586,0.0029304715009,0.2,-0.0010365980475,2.87,-2.829,2.068
2024-05-16 00:30:00,o,0.4,0.8,0.95,1.6175245348862923,0.0035664940291,0.419,0.0,1.13,0.002,1.907
2024-05-16 00:30:00,o,0.4,0.85,0.0,2.2356445799030586,0.0029304715009,0.2,-0.0010365980475,2.87,-2.829,2.068
2024-05-16 00:30:00,o,0.4,0.85,0.95,1.6175245348862923,0.0035664940291,0.419,0.0,1.13,0.002,1.907
2024-05-16 00:30:00,o,0.4,0.9,0.0,2.2083687887980856,0.0036547720195,0.21,-0.001909788652,2.81,-2.692,2.105
2024-05-16 00:30:00,o,0.4,0.9,0.95,1.6221414617408851,0.0086061845216,0.419,0.0,1.13,0.002,1.981
2024-05-16 00:30:00,o,0.4,0.95,0.0,2.2083687887980856,0.0036547720195,0.21,-0.001909788652,2.81,-2.692,2.105
2024-05-16 00:30:00,o,0.4,0.95,0.95,1.6158028082300362,0.0099269808197,0.419,0.0,1.13,0.002,1.975
2024-05-16 00:30:00,o,0.4,1.0,0.0,2.2083687887980856,0.0036547720195,0.21,-0.001909788652,2.81,-2.692,2.105
2024-05-16 00:30:00,o,0.4,1.0,0.95,1.627673031766616,0.017183213641,0.419,0.0,1.13,0.002,2.056
2024-05-16 00:30:00,o,0.4,1.05,0.0,2.1486705080179966,0.014123674165,0.235,-0.0068116097531,2.65,-2.328,2.244
2024-05-16 00:30:00,o,0.4,1.05,0.95,1.6262787609515184,0.022203981044,0.419,0.0,1.13,0.002,2.239
2024-05-16 00:30:00,o,0.4,1.1,0.0,2.0029475204671585,0.017121517609,0.31,-0.0098755864166,2.22,-1.398,2.644
2024-05-16 00:30:00,o,0.4,1.1,0.95,1.6262787609515184,0.022203981044,0.419,0.0,1.13,0.002,2.239
2024-05-16 00:30:00,o,0.4,1.15,0.0,1.93545688071161,0.014963100587,0.352,-0.0097071502757,1.98,-0.948,2.746
2024-05-16 00:30:00,o,0.4,1.15,0.05,1.9643727866544727,0.013832691839,0.333,-0.0088294303862,2.1,-1.164,3.218
2024-05-16 00:30:00,o,0.4,1.15,0.1,1.9945151141477602,0.0076672730846,0.312,-0.0050381915885,2.21,-1.378,3.217
2024-05-16 00:30:00,o,0.4,1.15,0.15,1.9967305154351527,0.0033648359643,0.298,-0.0020467572824,2.29,-1.541,3.119
2024-05-16 00:30:00,o,0.4,1.15,0.2,1.9967305154351527,0.0033648359643,0.298,-0.0020467572824,2.29,-1.541,3.119
2024-05-16 00:30:00,o,0.4,1.15,0.25,1.9813292408016097,-0.0020579607166,0.298,0.0011246937667,2.29,-1.541,2.488
2024-05-16 00:30:00,o,0.4,1.15,0.3,1.9557117969612738,-0.0060509026408,0.301,0.0031526141627,2.28,-1.52,2.285
2024-05-16 00:30:00,o,0.4,1.15,0.35,1.8520222794031276,-0.011247034261,0.348,0.0071322262358,2.01,-1.001,2.321
2024-05-16 00:30:00,o,0.4,1.15,0.4,1.8520222794031276,-0.011247034261,0.348,0.0071322262358,2.01,-1.001,2.321
2024-05-16 00:30:00,o,0.4,1.15,0.45,1.794383468784465,-0.012433907242,0.374,0.0089289097598,1.83,-0.707,2.158
2024-05-16 00:30:00,o,0.4,1.15,0.5,1.794383468784465,-0.012433907242,0.374,0.0089289097598,1.83,-0.707,2.158
2024-05-16 00:30:00,o,0.4,1.15,0.55,1.7798200737114511,-0.011772339276,0.378,0.0086477973579,1.8,-0.663,2.108
2024-05-16 00:30:00,o,0.4,1.15,0.6,1.598035030926232,-0.0070436489327,0.421,0.0,1.03,0.06,2.092
2024-05-16 00:30:00,o,0.4,1.15,0.65,1.5905409108731035,-0.0069239062846,0.42,0.0,1.08,0.032,2.091
2024-05-16 00:30:00,o,0.4,1.15,0.7,1.5905409108731035,-0.0069239062846,0.42,0.0,1.08,0.032,2.091
2024-05-16 00:30:00,o,0.4,1.15,0.75,1.5683073504193683,-0.0014292952418,0.419,0.0,1.13,0.002,2.04
2024-05-16 00:30:00,o,0.4,1.15,0.8,1.55905634671807,0.0032245866701,0.419,0.0,1.13,0.002,2.259
2024-05-16 00:30:00,o,0.4,1.15,0.85,1.55905634671807,0.0032245866701,0.419,0.0,1.13,0.002,2.259
2024-05-16 00:30:00,o,0.4,1.15,0.9,1.5773309202347547,0.019438918674,0.419,0.0,1.13,0.002,3.072
2024-05-16 00:30:00,o,0.4,1.15,0.95,1.6128791791929475,0.028412259001,0.419,0.0,1.13,0.002,2.854
2024-05-16 00:30:00,o,0.45,0.05,0.0,2.0543180630792497,0.0080805082482,0.281,-0.0045125822742,2.39,-1.752,2.72
2024-05-16 00:30:00,o,0.45,0.05,0.05,2.0543180630792497,0.0080805082482,0.281,-0.0045125822742,2.39,-1.752,2.72
2024-05-16 00:30:00,o,0.45,0.05,0.1,2.104289038792819,0.004449622687,0.256,-0.0021266717084,2.53,-2.059,2.584
2024-05-16 00:30:00,o,0.45,0.05,0.15,2.06654208683661,-0.0055790846153,0.263,0.0024781394867,2.48,-1.948,3.156
2024-05-16 00:30:00,o,0.45,0.05,0.2,2.061874504715367,-0.0046936633005,0.26,0.0023617171933,2.5,-1.992,2.528
2024-05-16 00:30:00,o,0.45,0.05,0.25,1.9766754632162498,-0.0075231921513,0.285,0.0036376419209,2.36,-1.688,2.299
2024-05-16 00:30:00,o,0.45,0.05,0.3,1.9428955879359313,-0.012830636375,0.301,0.0075476935922,2.28,-1.52,2.449
2024-05-16 00:30:00,o,0.45,0.05,0.35,1.9428955879359313,-0.012830636375,0.301,0.0075476935922,2.28,-1.52,2.449
2024-05-16 00:30:00,o,0.45,0.05,0.4,1.8563360960982889,-0.013716485595,0.343,0.0090723690389,2.04,-1.054,2.276
2024-05-16 00:30:00,o,0.45,0.05,0.45,1.8563360960982889,-0.013716485595,0.343,0.0090723690389,2.04,-1.054,2.276
2024-05-16 00:30:00,o,0.45,0.05,0.5,1.737240364751036,-0.0085914387075,0.401,0.0060901424526,1.56,-0.358,2.087
2024-05-16 00:30:00,o,0.45,0.05,0.55,1.7067433785067359,-0.013026953798,0.413,0.0096479702253,1.35,-0.156,2.141
2024-05-16 00:30:00,o,0.45,0.05,0.6,1.7067433785067359,-0.013026953798,0.413,0.0096479702253,1.35,-0.156,2.141
2024-05-16 00:30:00,o,0.45,0.05,0.65,1.6803173796546949,-0.012758518934,0.417,0.0089513739029,1.23,-0.064,2.05
2024-05-16 00:30:00,o,0.45,0.05,0.7,1.6748335947596908,-0.01558400758,0.416,0.010974181678,1.26,-0.086,2.196
2024-05-16 00:30:00,o,0.45,0.05,0.75,1.6748335947596908,-0.01558400758,0.416,0.010974181678,1.26,-0.086,2.196
2024-05-16 00:30:00,o,0.45,0.05,0.8,1.6829208762902388,-0.013059602062,0.41,0.0087000652764,1.42,-0.217,2.532
2024-05-16 00:30:00,o,0.45,0.05,0.85,1.6829208762902388,-0.013059602062,0.41,0.0087000652764,1.42,-0.217,2.532
2024-05-16 00:30:00,o,0.45,0.05,0.9,1.7167376823388403,0.004803978177,0.388,-0.0028038424799,1.71,-0.539,2.337
2024-05-16 00:30:00,o,0.45,0.05,0.95,1.715259395095355,0.011383617776,0.389,-0.007070617251,1.69,-0.513,2.302
2024-05-16 00:30:00,o,0.45,0.1,0.0,2.0543180630792497,0.0080805082482,0.281,-0.0045125822742,2.39,-1.752,2.72
2024-05-16 00:30:00,o,0.45,0.1,0.95,1.7167376823388403,0.004803978177,0.388,-0.0028038424799,1.71,-0.539,2.337
2024-05-16 00:30:00,o,0.45,0.15,0.0,2.1631792713589046,0.0066634353865,0.229,-0.0030217066981,2.69,-2.419,2.325
2024-05-16 00:30:00,o,0.45,0.15,0.95,1.7213901267350606,0.0049860807973,0.385,-0.0029122283902,1.73,-0.565,2.093
2024-05-16 00:30:00,o,0.45,0.2,0.0,2.1789050382803548,0.010113017966,0.222,-0.0047248142002,2.73,-2.51,2.173
2024-05-16 00:30:00,o,0.45,0.2,0.95,1.7213901267350606,0.0049860807973,0.385,-0.0029122283902,1.73,-0.565,2.093
2024-05-16 00:30:00,o,0.45,0.25,0.0,2.1789050382803548,0.010113017966,0.222,-0.0047248142002,2.73,-2.51,2.173
2024-05-16 00:30:00,o,0.45,0.25,0.95,1.7065897788534221,0.0030490754852,0.394,-0.0022911568774,1.65,-0.463,2.0
2024-05-16 00:30:00,o,0.45,0.3,0.0,2.192497759926799,0.010100228506,0.217,-0.003995505355,2.77,-2.601,2.124
2024-05-16 00:30:00,o,0.45,0.3,0.95,1.704253499367706,0.0024869757419,0.396,-0.0014609381089,1.61,-0.415,1.902
2024-05-16 00:30:00,o,0.45,0.35,0.0,2.232391232708843,0.007767539686,0.201,-0.0031197101571,2.87,-2.829,2.107
2024-05-16 00:30:00,o,0.45,0.35,0.95,1.7191737852372917,0.0019028172052,0.386,-0.0013539468148,1.73,-0.565,2.012
2024-05-16 00:30:00,o,0.45,0.4,0.0,2.2385503951480032,0.0077516244605,0.199,-0.0027622650944,2.89,-2.875,2.071
2024-05-16 00:30:00,o,0.45,0.4,0.95,1.7099988280251885,-0.00071073769915,0.392,0.00040057817091,1.67,-0.487,2.023
2024-05-16 00:30:00,o,0.45,0.45,0.0,2.2115316710133794,0.0071620407972,0.209,-0.003047120788,2.82,-2.715,2.047
2024-05-16 00:30:00,o,0.45,0.45,0.95,1.7099988280251885,-0.00071073769915,0.392,0.00040057817091,1.67,-0.487,2.023
2024-05-16 00:30:00,o,0.45,0.5,0.0,2.2115316710133794,0.0071620407972,0.209,-0.003047120788,2.82,-2.715,2.047
2024-05-16 00:30:00,o,0.45,0.5,0.95,1.7005479660988547,-0.00078683606916,0.398,0.00025389027326,1.6,-0.403,2.021
2024-05-16 00:30:00,o,0.45,0.55,0.0,2.215925587798633,0.0057034101509,0.207,-0.0027253302346,2.83,-2.738,2.024
2024-05-16 00:30:00,o,0.45,0.55,0.95,1.7010150517664315,0.0014981808369,0.398,-0.00094918232673,1.6,-0.403,1.98
2024-05-16 00:30:00,o,0.45,0.6,0.0,2.215925587798633,0.0057034101509,0.207,-0.0027253302346,2.83,-2.738,2.024
2024-05-16 00:30:00,o,0.45,0.6,0.95,1.7010150517664315,0.0014981808369,0.398,-0.00094918232673,1.6,-0.403,1.98
2024-05-16 00:30:00,o,0.45,0.65,0.0,2.215925587798633,0.0057034101509,0.207,-0.0027253302346,2.83,-2.738,2.024
2024-05-16 00:30:00,o,0.45,0.65,0.95,1.6616139432480854,0.0058034487528,0.419,0.0,1.13,0.002,1.929
2024-05-16 00:30:00,o,0.45,0.7,0.0,2.2185827656478345,0.006027631903,0.206,-0.0028069150247,2.83,-2.738,2.026
2024-05-16 00:30:00,o,0.45,0.7,0.95,1.6495782291202497,0.0044213338419,0.419,0.0,1.13,0.002,1.964
2024-05-16 00:30:00,o,0.45,0.75,0.0,2.241641098673579,0.0045197966612,0.198,-0.0013767342733,2.89,-2.875,2.073
2024-05-16 00:30:00,o,0.45,0.75,0.95,1.6495782291202497,0.0044213338419,0.419,0.0,1.13,0.002,1.964
2024-05-16 00:30:00,o,0.45,0.8,0.0,2.2356445799030586,0.0029304715009,0.2,-0.0010365980475,2.87,-2.829,2.068
2024-05-16 00:30:00,o,0.45,0.8,0.95,1.6175245348862923,0.0035664940291,0.419,0.0,1.13,0.002,1.907
2024-05-16 00:30:00,o,0.45,0.85,0.0,2.2356445799030586,0.0029304715009,0.2,-0.0010365980475,2.87,-2.829,2.068
2024-05-16 00:30:00,o,0.45,0.85,0.95,1.6175245348862923,0.0035664940291,0.419,0.0,1.13,0.002,1.907
2024-05-16 00:30:00,o,0.45,0.9,0.0,2.2356445799030586,0.0029304715009,0.2,-0.0010365980475,2.87,-2.829,2.068
2024-05-16 00:30:00,o,0.45,0.9,0.95,1.6221414617408851,0.0086061845216,0.419,0.0,1.13,0.002,1.981
2024-05-16 00:30:00,o,0.45,0.95,0.0,2.2083687887980856,0.0036547720195,0.21,-0.001909788652,2.81,-2.692,2.105
2024-05-16 00:30:00,o,0.45,0.95,0.95,1.629328033794581,0.01278950714,0.419,0.0,1.13,0.002,1.985
2024-05-16 00:30:00,o,0.45,1.0,0.0,2.1486705080179966,0.014123674165,0.235,-0.0068116097531,2.65,-2.328,2.244
2024-05-16 00:30:00,o,0.45,1.0,0.95,1.627673031766616,0.017183213641,0.419,0.0,1.13,0.002,2.056
2024-05-16 00:30:00,o,0.45,1.05,0.0,2.1486705080179966,0.014123674165,0.235,-0.0068116097531,2.65,-2.328,2.244
2024-05-16 00:30:00,o,0.45,1.05,0.95,1.6262787609515184,0.022203981044,0.419,0.0,1.13,0.002,2.239
2024-05-16 00:30:00,o,0.45,1.1,0.0,2.0029475204671585,0.017121517609,0.31,-0.0098755864166,2.22,-1.398,2.644
2024-05-16 00:30:00,o,0.45,1.1,0.95,1.6262787609515184,0.022203981044,0.419,0.0,1.13,0.002,2.239
2024-05-16 00:30:00,o,0.45,1.15,0.0,2.0029475204671585,0.017121517609,0.31,-0.0098755864166,2.22,-1.398,2.644
2024-05-16 00:30:00,o,0.45,1.15,0.05,2.0029475204671585,0.017121517609,0.31,-0.0098755864166,2.22,-1.398,2.644
2024-05-16 00:30:00,o,0.45,1.15,0.1,2.0643419122595725,0.01008900418,0.27,-0.0047387410573,2.44,-1.861,2.257
2024-05-16 00:30:00,o,0.45,1.15,0.15,2.0224861083041548,0.0069628944243,0.282,-0.0041663673473,2.38,-1.731,3.008
2024-05-16 00:30:00,o,0.45,1.15,0.2,2.0224861083041548,0.0069628944243,0.282,-0.0041663673473,2.38,-1.731,3.008
2024-05-16 00:30:00,o,0.45,1.15,0.25,2.0224861083041548,0.0069628944243,0.282,-0.0041663673473,2.38,-1.731,3.008
2024-05-16 00:30:00,o,0.45,1.15,0.3,1.946899102911435,-0.0022956713265,0.306,0.0015836789722,2.24,-1.438,2.256
2024-05-16 00:30:00,o,0.45,1.15,0.35,1.8783149393496876,-0.0079106160465,0.338,0.0046764915818,2.07,-1.109,2.346
2024-05-16 00:30:00,o,0.45,1.15,0.4,1.8520222794031276,-0.011247034261,0.348,0.0071322262358,2.01,-1.001,2.321
2024-05-16 00:30:00,o,0.45,1.15,0.45,1.794383468784465,-0.012433907242,0.374,0.0089289097598,1.83,-0.707,2.158
2024-05-16 00:30:00,o,0.45,1.15,0.5,1.765884530892476,-0.011099796308,0.388,0.0082883502403,1.71,-0.539,2.144
2024-05-16 00:30:00,o,0.45,1.15,0.55,1.718734136123909,-0.0099685648126,0.418,0.0073284145267,1.23,-0.064,2.174
2024-05-16 00:30:00,o,0.45,1.15,0.6,1.598035030926232,-0.0070436489327,0.421,0.0,1.03,0.06,2.092
2024-05-16 00:30:00,o,0.45,1.15,0.65,1.598035030926232,-0.0070436489327,0.421,0.0,1.03,0.06,2.092
2024-05-16 00:30:00,o,0.45,1.15,0.7,1.598035030926232,-0.0070436489327,0.421,0.0,1.03,0.06,2.092
2024-05-16 00:30:00,o,0.45,1.15,0.75,1.5769514680626442,0.0015788562818,0.419,0.0,1.13,0.002,1.93
2024-05-16 00:30:00,o,0.45,1.15,0.8,1.5999267175671072,0.0080388454002,0.419,0.0,1.13,0.002,2.46
2024-05-16 00:30:00,o,0.45,1.15,0.85,1.5999267175671072,0.0080388454002,0.419,0.0,1.13,0.002,2.46
2024-05-16 00:30:00,o,0.45,1.15,0.9,1.6372895476781746,0.018739424729,0.419,0.0,1.13,0.002,2.287
2024-05-16 00:30:00,o,0.45,1.15,0.95,1.6419200744131177,0.028152226267,0.419,0.0,1.13,0.002,2.256
2024-05-16 00:30:00,o,0.5,0.05,0.0,2.019336498796477,0.00055280992178,0.3,-0.00064561990493,2.28,-1.52,2.897
2024-05-16 00:30:00,o,0.5,0.05,0.05,2.0246293141376595,0.0025557823217,0.297,-0.0017907172625,2.3,-1.562,3.242
2024-05-16 00:30:00,o,0.5,0.05,0.1,2.0541877433036375,-0.004135769484,0.28,0.0019537024733,2.39,-1.752,3.216
2024-05-16 00:30:00,o,0.5,0.05,0.15,2.0498031503447174,-0.0082392804322,0.273,0.004608614209,2.43,-1.839,3.173
2024-05-16 00:30:00,o,0.5,0.05,0.2,2.04588993018164,-0.011429969243,0.27,0.0054894184062,2.44,-1.861,2.528
2024-05-16 00:30:00,o,0.5,0.05,0.25,1.9980456269179299,-0.011664408415,0.276,0.0058231354529,2.41,-1.796,2.318
2024-05-16 00:30:00,o,0.5,0.05,0.3,1.9980456269179299,-0.011664408415,0.276,0.0058231354529,2.41,-1.796,2.318
2024-05-16 00:30:00,o,0.5,0.05,0.35,1.9428955879359313,-0.012830636375,0.301,0.0075476935922,2.28,-1.52,2.449
2024-05-16 00:30:00,o,0.5,0.05,0.4,1.8563360960982889,-0.013716485595,0.343,0.0090723690389,2.04,-1.054,2.276
2024-05-16 00:30:00,o,0.5,0.05,0.45,1.8160158061580178,-0.016212001516,0.363,0.011092896836,1.91,-0.832,2.276
2024-05-16 00:30:00,o,0.5,0.05,0.5,1.7525324355995537,-0.015090880574,0.396,0.011389544406,1.61,-0.415,2.154
2024-05-16 00:30:00,o,0.5,0.05,0.55,1.7256829960792368,-0.011732304658,0.41,0.0089148639893,1.42,-0.217,2.098
2024-05-16 00:30:00,o,0.5,0.05,0.6,1.7067433785067359,-0.013026953798,0.413,0.0096479702253,1.35,-0.156,2.141
2024-05-16 00:30:00,o,0.5,0.05,0.65,1.6803173796546949,-0.012758518934,0.417,0.0089513739029,1.23,-0.064,2.05
2024-05-16 00:30:00,o,0.5,0.05,0.7,1.6748335947596908,-0.01558400758,0.416,0.010974181678,1.26,-0.086,2.196
2024-05-16 00:30:00,o,0.5,0.05,0.75,1.6777437886661413,-0.01554336834,0.414,0.010900441594,1.32,-0.132,2.227
2024-05-16 00:30:00,o,0.5,0.05,0.8,1.695069952343107,-0.015656521539,0.402,0.010411577968,1.54,-0.336,2.375
2024-05-16 00:30:00,o,0.5,0.05,0.85,1.6984224482560029,-0.01481601329,0.4,0.010042352492,1.57,-0.369,2.902
2024-05-16 00:30:00,o,0.5,0.05,0.9,1.722839505724351,-0.0059037489919,0.384,0.0039587636178,1.75,-0.592,2.886
2024-05-16 00:30:00,o,0.5,0.05,0.95,1.7237018939912678,0.0027987231778,0.383,-0.002023598331,1.75,-0.592,2.929
2024-05-16 00:30:00,o,0.5,0.1,0.0,2.0543180630792497,0.0080805082482,0.281,-0.0045125822742,2.39,-1.752,2.72
2024-05-16 00:30:00,o,0.5,0.1,0.95,1.722839505724351,-0.0059037489919,0.384,0.0039587636178,1.75,-0.592,2.886
2024-05-16 00:30:00,o,0.5,0.15,0.0,2.1631792713589046,0.0066634353865,0.229,-0.0030217066981,2.69,-2.419,2.325
2024-05-16 00:30:00,o,0.5,0.15,0.95,1.7167376823388403,0.004803978177,0.388,-0.0028038424799,1.71,-0.539,2.337
2024-05-16 00:30:00,o,0.5,0.2,0.0,2.1631792713589046,0.0066634353865,0.229,-0.0030217066981,2.69,-2.419,2.325
2024-05-16 00:30:00,o,0.5,0.2,0.95,1.7213901267350606,0.0049860807973,0.385,-0.0029122283902,1.73,-0.565,2.093
2024-05-16 00:30:00,o,0.5,0.25,0.0,2.1789050382803548,0.010113017966,0.222,-0.0047248142002,2.73,-2.51,2.173
2024-05-16 00:30:00,o,0.5,0.25,0.95,1.7331571251294713,0.0052094155847,0.377,-0.0035438509241,1.81,-0.678,2.009
2024-05-16 00:30:00,o,0.5,0.3,0.0,2.232391232708843,0.007767539686,0.201,-0.0031197101571,2.87,-2.829,2.107
2024-05-16 00:30:00,o,0.5,0.3,0.95,1.7216292779554212,0.0040669460529,0.385,-0.0021664944014,1.73,-0.565,1.957
2024-05-16 00:30:00,o,0.5,0.35,0.0,2.232391232708843,0.007767539686,0.201,-0.0031197101571,2.87,-2.829,2.107
2024-05-16 00:30:00,o,0.5,0.35,0.95,1.7191737852372917,0.0019028172052,0.386,-0.0013539468148,1.73,-0.565,2.012
2024-05-16 00:30:00,o,0.5,0.4,0.0,2.2385503951480032,0.0077516244605,0.199,-0.0027622650944,2.89,-2.875,2.071
2024-05-16 00:30:00,o,0.5,0.4,0.95,1.7191737852372917,0.0019028172052,0.386,-0.0013539468148,1.73,-0.565,2.012
2024-05-16 00:30:00,o,0.5,0.45,0.0,2.2385503951480032,0.0077516244605,0.199,-0.0027622650944,2.89,-2.875,2.071
2024-05-16 00:30:00,o,0.5,0.45,0.95,1.7155521111846324,0.0026836341177,0.388,-0.0021974131145,1.71,-0.539,1.982
2024-05-16 00:30:00,o,0.5,0.5,0.0,2.2385503951480032,0.0077516244605,0.199,-0.0027622650944,2.89,-2.875,2.071
2024-05-16 00:30:00,o,0.5,0.5,0.95,1.7010150517664315,0.0014981808369,0.398,-0.00094918232673,1.6,-0.403,1.98
2024-05-16 00:30:00,o,0.5,0.55,0.0,2.215925587798633,0.0057034101509,0.207,-0.0027253302346,2.83,-2.738,2.024
2024-05-16 00:30:00,o,0.5,0.55,0.95,1.7010150517664315,0.0014981808369,0.398,-0.00094918232673,1.6,-0.403,1.98
2024-05-16 00:30:00,o,0.5,0.6,0.0,2.2185827656478345,0.006027631903,0.206,-0.0028069150247,2.83,-2.738,2.026
2024-05-16 00:30:00,o,0.5,0.6,0.95,1.7014211807994892,0.0018609372398,0.398,-0.00092043680805,1.6,-0.403,2.009
2024-05-16 00:30:00,o,0.5,0.65,0.0,2.2185827656478345,0.006027631903,0.206,-0.0028069150247,2.83,-2.738,2.026
2024-05-16 00:30:00,o,0.5,0.65,0.95,1.6814492869735962,0.0038058404518,0.411,-0.0027130980706,1.38,-0.182,1.966
2024-05-16 00:30:00,o,0.5,0.7,0.0,2.2185827656478345,0.006027631903,0.206,-0.0028069150247,2.83,-2.738,2.026
2024-05-16 00:30:00,o,0.5,0.7,0.95,1.6495782291202497,0.0044213338419,0.419,0.0,1.13,0.002,1.964
2024-05-16 00:30:00,o,0.5,0.75,0.0,2.241641098673579,0.0045197966612,0.198,-0.0013767342733,2.89,-2.875,2.073
2024-05-16 00:30:00,o,0.5,0.75,0.95,1.6495782291202497,0.0044213338419,0.419,0.0,1.13,0.002,1.964
2024-05-16 00:30:00,o,0.5,0.8,0.0,2.241641098673579,0.0045197966612,0.198,-0.0013767342733,2.89,-2.875,2.073
2024-05-16 00:30:00,o,0.5,0.8,0.95,1.6215605350810764,0.0084060973218,0.419,0.0,1.13,0.002,1.896
2024-05-16 00:30:00,o,0.5,0.85,0.0,2.241641098673579,0.0045197966612,0.198,-0.0013767342733,2.89,-2.875,2.073
2024-05-16 00:30:00,o,0.5,0.85,0.95,1.6084618473837275,0.0065756086014,0.419,0.0,1.13,0.002,1.856
2024-05-16 00:30:00,o,0.5,0.9,0.0,2.2356445799030586,0.0029304715009,0.2,-0.0010365980475,2.87,-2.829,2.068
2024-05-16 00:30:00,o,0.5,0.9,0.95,1.629328033794581,0.01278950714,0.419,0.0,1.13,0.002,1.985
2024-05-16 00:30:00,o,0.5,0.95,0.0,2.1486705080179966,0.014123674165,0.235,-0.0068116097531,2.65,-2.328,2.244
2024-05-16 00:30:00,o,0.5,0.95,0.95,1.629328033794581,0.01278950714,0.419,0.0,1.13,0.002,1.985
2024-05-16 00:30:00,o,0.5,1.0,0.0,2.1486705080179966,0.014123674165,0.235,-0.0068116097531,2.65,-2.328,2.244
2024-05-16 00:30:00,o,0.5,1.0,0.95,1.6373996591054145,0.018640529712,0.419,0.0,1.13,0.002,2.003
2024-05-16 00:30:00,o,0.5,1.05,0.0,2.1486705080179966,0.014123674165,0.235,-0.0068116097531,2.65,-2.328,2.244
2024-05-16 00:30:00,o,0.5,1.05,0.95,1.6372895476781746,0.018739424729,0.419,0.0,1.13,0.002,2.287
2024-05-16 00:30:00,o,0.5,1.1,0.0,2.0029475204671585,0.017121517609,0.31,-0.0098755864166,2.22,-1.398,2.644
2024-05-16 00:30:00,o,0.5,1.1,0.95,1.6372895476781746,0.018739424729,0.419,0.0,1.13,0.002,2.287
2024-05-16 00:30:00,o,0.5,1.15,0.0,2.0067996576211997,0.023669732886,0.308,-0.013502069846,2.23,-1.418,2.843
2024-05-16 00:30:00,o,0.5,1.15,0.05,2.0004080450618416,0.018082528605,0.311,-0.010988951281,2.22,-1.398,3.158
2024-05-16 00:30:00,o,0.5,1.15,0.1,2.0366089365174274,0.012825768216,0.287,-0.0070929953877,2.35,-1.667,3.125
2024-05-16 00:30:00,o,0.5,1.15,0.15,2.0224861083041548,0.0069628944243,0.282,-0.0041663673473,2.38,-1.731,3.008
2024-05-16 00:30:00,o,0.5,1.15,0.2,1.9978492685681248,0.0039899724217,0.289,-0.0022168258605,2.34,-1.646,2.441
2024-05-16 00:30:00,o,0.5,1.15,0.25,1.9978492685681248,0.0039899724217,0.289,-0.0022168258605,2.34,-1.646,2.441
2024-05-16 00:30:00,o,0.5,1.15,0.3,1.946899102911435,-0.0022956713265,0.306,0.0015836789722,2.24,-1.438,2.256
2024-05-16 00:30:00,o,0.5,1.15,0.35,1.8783149393496876,-0.0079106160465,0.338,0.0046764915818,2.07,-1.109,2.346
2024-05-16 00:30:00,o,0.5,1.15,0.4,1.8470726860479407,-0.0079919489275,0.35,0.0051741880568,1.99,-0.966,2.317
2024-05-16 00:30:00,o,0.5,1.15,0.45,1.7823507752891206,-0.0081806771919,0.381,0.0059667506985,1.77,-0.62,2.115
2024-05-16 00:30:00,o,0.5,1.15,0.5,1.688535499797638,-0.010998720704,0.426,0.0,0.63,0.226,2.175
2024-05-16 00:30:00,o,0.5,1.15,0.55,1.688535499797638,-0.010998720704,0.426,0.0,0.63,0.226,2.175
2024-05-16 00:30:00,o,0.5,1.15,0.6,1.6488672048817026,-0.0073076869568,0.424,0.0,0.79,0.17,2.08
2024-05-16 00:30:00,o,0.5,1.15,0.65,1.598035030926232,-0.0070436489327,0.421,0.0,1.03,0.06,2.092
2024-05-16 00:30:00,o,0.5,1.15,0.7,1.5791087732779618,-0.0014284699878,0.421,0.0,1.03,0.06,2.013
2024-05-16 00:30:00,o,0.5,1.15,0.75,1.56925683332861,0.0041176813588,0.419,0.0,1.13,0.002,2.131
2024-05-16 00:30:00,o,0.5,1.15,0.8,1.5999267175671072,0.0080388454002,0.419,0.0,1.13,0.002,2.46
2024-05-16 00:30:00,o,0.5,1.15,0.85,1.6277856082492232,0.012877851216,0.419,0.0,1.13,0.002,2.898
2024-05-16 00:30:00,o,0.5,1.15,0.9,1.6629937971760522,0.021529602184,0.419,0.0,1.13,0.002,2.864
2024-05-16 00:30:00,o,0.5,1.15,0.95,1.6637009253896482,0.025671165365,0.419,0.0,1.13,0.002,2.871
2024-05-16 00:30:00,o,0.55,0.05,0.0,2.019336498796477,0.00055280992178,0.3,-0.00064561990493,2.28,-1.52,2.897
2024-05-16 00:30:00,o,0.55,0.05,0.05,2.019336498796477,0.00055280992178,0.3,-0.00064561990493,2.28,-1.52,2.897
2024-05-16 00:30:00,o,0.55,0.05,0.1,2.056218581272306,-0.0065363342893,0.279,0.0037801867629,2.4,-1.774,2.874
2024-05-16 00:30:00,o,0.55,0.05,0.15,2.0563139614325525,-0.010578227745,0.269,0.0055399289408,2.44,-1.861,2.825
2024-05-16 00:30:00,o,0.55,0.05,0.2,2.04588993018164,-0.011429969243,0.27,0.0054894184062,2.44,-1.861,2.528
2024-05-16 00:30:00,o,0.55,0.05,0.25,2.030287954215708,-0.012921016344,0.268,0.0059927031165,2.46,-1.904,2.431
2024-05-16 00:30:00,o,0.55,0.05,0.3,1.999252370345149,-0.011996567903,0.276,0.0062213852896,2.41,-1.796,2.233
2024-05-16 00:30:00,o,0.55,0.05,0.35,1.9423603090773494,-0.013827337543,0.3,0.0079077944944,2.28,-1.52,2.26
2024-05-16 00:30:00,o,0.55,0.05,0.4,1.8160158061580178,-0.016212001516,0.363,0.011092896836,1.91,-0.832,2.276
2024-05-16 00:30:00,o,0.55,0.05,0.45,1.8160158061580178,-0.016212001516,0.363,0.011092896836,1.91,-0.832,2.276
2024-05-16 00:30:00,o,0.55,0.05,0.5,1.7525324355995537,-0.015090880574,0.396,0.011389544406,1.61,-0.415,2.154
2024-05-16 00:30:00,o,0.55,0.05,0.55,1.7525324355995537,-0.015090880574,0.396,0.011389544406,1.61,-0.415,2.154
2024-05-16 00:30:00,o,0.55,0.05,0.6,1.7295859159156566,-0.014276471895,0.409,0.010466368864,1.42,-0.217,2.148
2024-05-16 00:30:00,o,0.55,0.05,0.65,1.6798819421128623,-0.0093825083516,0.421,0.005923283567,1.03,0.06,2.01
2024-05-16 00:30:00,o,0.55,0.05,0.7,1.6712006218574593,-0.010872216578,0.419,0.0076646472334,1.13,0.002,2.138
2024-05-16 00:30:00,o,0.55,0.05,0.75,1.6777437886661413,-0.01554336834,0.414,0.010900441594,1.32,-0.132,2.227
2024-05-16 00:30:00,o,0.55,0.05,0.8,1.695069952343107,-0.015656521539,0.402,0.010411577968,1.54,-0.336,2.375
2024-05-16 00:30:00,o,0.55,0.05,0.85,1.711655410262106,-0.0095779597552,0.391,0.0061875544058,1.67,-0.487,2.577
2024-05-16 00:30:00,o,0.55,0.05,0.9,1.7297882351815388,-0.0046275179004,0.379,0.0025233801041,1.8,-0.663,2.53
2024-05-16 00:30:00,o,0.55,0.05,0.95,1.7364044709096258,-0.0016701819141,0.375,0.0008048865376,1.82,-0.692,2.642
2024-05-16 00:30:00,o,0.55,0.1,0.0,2.019336498796477,0.00055280992178,0.3,-0.00064561990493,2.28,-1.52,2.897
2024-05-16 00:30:00,o,0.55,0.1,0.95,1.7297882351815388,-0.0046275179004,0.379,0.0025233801041,1.8,-0.663,2.53
2024-05-16 00:30:00,o,0.55,0.15,0.0,2.22927474041856,0.0022240215912,0.202,-0.001189882301,2.86,-2.806,2.226
2024-05-16 00:30:00,o,0.55,0.15,0.95,1.7431568551033825,0.0012649858619,0.371,-0.00082962399392,1.86,-0.753,2.266
2024-05-16 00:30:00,o,0.55,0.2,0.0,2.22927474041856,0.0022240215912,0.202,-0.001189882301,2.86,-2.806,2.226
2024-05-16 00:30:00,o,0.55,0.2,0.95,1.7331571251294713,0.0052094155847,0.377,-0.0035438509241,1.81,-0.678,2.009
2024-05-16 00:30:00,o,0.55,0.25,0.0,2.22927474041856,0.0022240215912,0.202,-0.001189882301,2.86,-2.806,2.226
2024-05-16 00:30:00,o,0.55,0.25,0.95,1.7331571251294713,0.0052094155847,0.377,-0.0035438509241,1.81,-0.678,2.009
2024-05-16 00:30:00,o,0.55,0.3,0.0,2.2624249838130255,0.0030318154165,0.19,-0.0011958708596,2.96,-3.035,2.166
2024-05-16 00:30:00,o,0.55,0.3,0.95,1.7216292779554212,0.0040669460529,0.385,-0.0021664944014,1.73,-0.565,1.957
2024-05-16 00:30:00,o,0.55,0.35,0.0,2.232391232708843,0.007767539686,0.201,-0.0031197101571,2.87,-2.829,2.107
2024-05-16 00:30:00,o,0.55,0.35,0.95,1.7179200258369935,0.0050515487701,0.387,-0.0031974131145,1.71,-0.539,1.897
2024-05-16 00:30:00,o,0.55,0.4,0.0,2.2385503951480032,0.0077516244605,0.199,-0.0027622650944,2.89,-2.875,2.071
2024-05-16 00:30:00,o,0.55,0.4,0.95,1.7155521111846324,0.0026836341177,0.388,-0.0021974131145,1.71,-0.539,1.982
2024-05-16 00:30:00,o,0.55,0.45,0.0,2.2385503951480032,0.0077516244605,0.199,-0.0027622650944,2.89,-2.875,2.071
2024-05-16 00:30:00,o,0.55,0.45,0.95,1.7155521111846324,0.0026836341177,0.388,-0.0021974131145,1.71,-0.539,1.982
2024-05-16 00:30:00,o,0.55,0.5,0.0,2.253565756319063,0.0067275541645,0.193,-0.0027653540696,2.93,-2.966,2.056
2024-05-16 00:30:00,o,0.55,0.5,0.95,1.7085823494787915,0.0022743111604,0.393,-0.001473421611,1.65,-0.463,2.003
2024-05-16 00:30:00,o,0.55,0.55,0.0,2.2377246564882958,0.0072195359311,0.199,-0.0028737521316,2.89,-2.875,2.012
2024-05-16 00:30:00,o,0.55,0.55,0.95,1.7014211807994892,0.0018609372398,0.398,-0.00092043680805,1.6,-0.403,2.009
2024-05-16 00:30:00,o,0.55,0.6,0.0,2.2377246564882958,0.0072195359311,0.199,-0.0028737521316,2.89,-2.875,2.012
2024-05-16 00:30:00,o,0.55,0.6,0.95,1.7014211807994892,0.0018609372398,0.398,-0.00092043680805,1.6,-0.403,2.009
2024-05-16 00:30:00,o,0.55,0.65,0.0,2.2185827656478345,0.006027631903,0.206,-0.0028069150247,2.83,-2.738,2.026
2024-05-16 00:30:00,o,0.55,0.65,0.95,1.6814492869735962,0.0038058404518,0.411,-0.0027130980706,1.38,-0.182,1.966
2024-05-16 00:30:00,o,0.55,0.7,0.0,2.2185827656478345,0.006027631903,0.206,-0.0028069150247,2.83,-2.738,2.026
2024-05-16 00:30:00,o,0.55,0.7,0.95,1.6688888850268873,0.004848946624,0.419,0.0,1.13,0.002,1.998
2024-05-16 00:30:00,o,0.55,0.75,0.0,2.241641098673579,0.0045197966612,0.198,-0.0013767342733,2.89,-2.875,2.073
2024-05-16 00:30:00,o,0.55,0.75,0.95,1.6688888850268873,0.004848946624,0.419,0.0,1.13,0.002,1.998
2024-05-16 00:30:00,o,0.55,0.8,0.0,2.241641098673579,0.0045197966612,0.198,-0.0013767342733,2.89,-2.875,2.073
2024-05-16 00:30:00,o,0.55,0.8,0.95,1.6139686046771164,0.011279342462,0.419,0.0,1.13,0.002,1.912
2024-05-16 00:30:00,o,0.55,0.85,0.0,2.241641098673579,0.0045197966612,0.198,-0.0013767342733,2.89,-2.875,2.073
2024-05-16 00:30:00,o,0.55,0.85,0.95,1.6139686046771164,0.011279342462,0.419,0.0,1.13,0.002,1.912
2024-05-16 00:30:00,o,0.55,0.9,0.0,2.250022123473913,0.006897224576,0.195,-0.0021376515906,2.91,-2.921,2.089
2024-05-16 00:30:00,o,0.55,0.9,0.95,1.6081300675103025,0.0097335580866,0.419,0.0,1.13,0.002,1.885
2024-05-16 00:30:00,o,0.55,0.95,0.0,2.1490435113047117,0.02074119414,0.235,-0.0096689608755,2.65,-2.328,2.319
2024-05-16 00:30:00,o,0.55,0.95,0.95,1.6264943452110474,0.013170604238,0.419,0.0,1.13,0.002,1.961
2024-05-16 00:30:00,o,0.55,1.0,0.0,2.1490435113047117,0.02074119414,0.235,-0.0096689608755,2.65,-2.328,2.319
2024-05-16 00:30:00,o,0.55,1.0,0.95,1.6471187917862327,0.021127643085,0.419,0.0,1.13,0.002,2.005
2024-05-16 00:30:00,o,0.55,1.05,0.0,2.1490435113047117,0.02074119414,0.235,-0.0096689608755,2.65,-2.328,2.319
2024-05-16 00:30:00,o,0.55,1.05,0.95,1.6373996591054145,0.018640529712,0.419,0.0,1.13,0.002,2.003
2024-05-16 00:30:00,o,0.55,1.1,0.0,2.05869168281923,0.02663730734,0.279,-0.014232981919,2.4,-1.774,2.769
2024-05-16 00:30:00,o,0.55,1.1,0.95,1.6760439680197772,0.027976838571,0.415,-0.004,1.29,-0.108,2.436
2024-05-16 00:30:00,o,0.55,1.15,0.0,2.0067996576211997,0.023669732886,0.308,-0.013502069846,2.23,-1.418,2.843
2024-05-16 00:30:00,o,0.55,1.15,0.05,2.032090679464171,0.023873877874,0.293,-0.013681768412,2.32,-1.604,2.927
2024-05-16 00:30:00,o,0.55,1.15,0.1,2.056218581272306,0.018091402731,0.277,-0.0098023540037,2.4,-1.774,2.788
2024-05-16 00:30:00,o,0.55,1.15,0.15,2.0665234564638704,0.01402574149,0.268,-0.0072739610103,2.46,-1.904,2.371
2024-05-16 00:30:00,o,0.55,1.15,0.2,1.9978492685681248,0.0039899724217,0.289,-0.0022168258605,2.34,-1.646,2.441
2024-05-16 00:30:00,o,0.55,1.15,0.25,1.9978492685681248,0.0039899724217,0.289,-0.0022168258605,2.34,-1.646,2.441
2024-05-16 00:30:00,o,0.55,1.15,0.3,1.8470726860479407,-0.0079919489275,0.35,0.0051741880568,1.99,-0.966,2.317
2024-05-16 00:30:00,o,0.55,1.15,0.35,1.8470726860479407,-0.0079919489275,0.35,0.0051741880568,1.99,-0.966,2.317
2024-05-16 00:30:00,o,0.55,1.15,0.4,1.8470726860479407,-0.0079919489275,0.35,0.0051741880568,1.99,-0.966,2.317
2024-05-16 00:30:00,o,0.55,1.15,0.45,1.724505247609918,-0.010422532037,0.423,0.008686225788,0.98,0.086,2.191
2024-05-16 00:30:00,o,0.55,1.15,0.5,1.688535499797638,-0.010998720704,0.426,0.0,0.63,0.226,2.175
2024-05-16 00:30:00,o,0.55,1.15,0.55,1.688535499797638,-0.010998720704,0.426,0.0,0.63,0.226,2.175
2024-05-16 00:30:00,o,0.55,1.15,0.6,1.6488672048817026,-0.0073076869568,0.424,0.0,0.79,0.17,2.08
2024-05-16 00:30:00,o,0.55,1.15,0.65,1.5791087732779618,-0.0014284699878,0.421,0.0,1.03,0.06,2.013
2024-05-16 00:30:00,o,0.55,1.15,0.7,1.56925683332861,0.0041176813588,0.419,0.0,1.13,0.002,2.131
2024-05-16 00:30:00,o,0.55,1.15,0.75,1.56925683332861,0.0041176813588,0.419,0.0,1.13,0.002,2.131
2024-05-16 00:30:00,o,0.55,1.15,0.8,1.6149920758264258,0.014694548554,0.419,0.0,1.13,0.002,2.348
2024-05-16 00:30:00,o,0.55,1.15,0.85,1.6149920758264258,0.014694548554,0.419,0.0,1.13,0.002,2.348
2024-05-16 00:30:00,o,0.55,1.15,0.9,1.6760439680197772,0.027976838571,0.415,-0.004,1.29,-0.108,2.436
2024-05-16 00:30:00,o,0.55,1.15,0.95,1.6760439680197772,0.027976838571,0.415,-0.004,1.29,-0.108,2.436
2024-05-16 00:30:00,o,0.6,0.05,0.0,2.066530908708871,-0.0020445297115,0.275,0.0012366245079,2.42,-1.817,2.911
2024-05-16 00:30:00,o,0.6,0.05,0.05,2.0358218271224233,-0.0026711668656,0.291,0.0012973235174,2.33,-1.625,3.004
2024-05-16 00:30:00,o,0.6,0.05,0.1,2.056218581272306,-0.0065363342893,0.279,0.0037801867629,2.4,-1.774,2.874
2024-05-16 00:30:00,o,0.6,0.05,0.15,2.0563139614325525,-0.010578227745,0.269,0.0055399289408,2.44,-1.861,2.825
2024-05-16 00:30:00,o,0.6,0.05,0.2,2.080947399961821,-0.011467938565,0.253,0.0054021544126,2.54,-2.081,2.495
2024-05-16 00:30:00,o,0.6,0.05,0.25,2.043071340848839,-0.013395185283,0.263,0.0069748355998,2.48,-1.948,2.403
2024-05-16 00:30:00,o,0.6,0.05,0.3,2.0414479554842484,-0.014835486576,0.259,0.0075367274999,2.5,-1.992,2.465
2024-05-16 00:30:00,o,0.6,0.05,0.35,1.9423603090773494,-0.013827337543,0.3,0.0079077944944,2.28,-1.52,2.26
2024-05-16 00:30:00,o,0.6,0.05,0.4,1.8520467030105914,-0.016550718552,0.344,0.010416137471,2.03,-1.036,2.265
2024-05-16 00:30:00,o,0.6,0.05,0.45,1.8520467030105914,-0.016550718552,0.344,0.010416137471,2.03,-1.036,2.265
2024-05-16 00:30:00,o,0.6,0.05,0.5,1.7295859159156566,-0.014276471895,0.409,0.010466368864,1.42,-0.217,2.148
2024-05-16 00:30:00,o,0.6,0.05,0.55,1.7295859159156566,-0.014276471895,0.409,0.010466368864,1.42,-0.217,2.148
2024-05-16 00:30:00,o,0.6,0.05,0.6,1.6941662959331982,-0.015112147274,0.424,0.010686007073,0.79,0.17,2.19
2024-05-16 00:30:00,o,0.6,0.05,0.65,1.670626158173298,-0.01113049793,0.421,0.0019733548964,1.03,0.06,2.178
2024-05-16 00:30:00,o,0.6,0.05,0.7,1.6712006218574593,-0.010872216578,0.419,0.0076646472334,1.13,0.002,2.138
2024-05-16 00:30:00,o,0.6,0.05,0.75,1.6712006218574593,-0.010872216578,0.419,0.0076646472334,1.13,0.002,2.138
2024-05-16 00:30:00,o,0.6,0.05,0.8,1.714983224819396,-0.0045800659378,0.389,0.0031183979277,1.69,-0.513,3.159
2024-05-16 00:30:00,o,0.6,0.05,0.85,1.711655410262106,-0.0095779597552,0.391,0.0061875544058,1.67,-0.487,2.577
2024-05-16 00:30:00,o,0.6,0.05,0.9,1.7297882351815388,-0.0046275179004,0.379,0.0025233801041,1.8,-0.663,2.53
2024-05-16 00:30:00,o,0.6,0.05,0.95,1.7364044709096258,-0.0016701819141,0.375,0.0008048865376,1.82,-0.692,2.642
2024-05-16 00:30:00,o,0.6,0.1,0.0,2.066530908708871,-0.0020445297115,0.275,0.0012366245079,2.42,-1.817,2.911
2024-05-16 00:30:00,o,0.6,0.1,0.95,1.7431568551033825,0.0012649858619,0.371,-0.00082962399392,1.86,-0.753,2.266
2024-05-16 00:30:00,o,0.6,0.15,0.0,2.22927474041856,0.0022240215912,0.202,-0.001189882301,2.86,-2.806,2.226
2024-05-16 00:30:00,o,0.6,0.15,0.95,1.7431568551033825,0.0012649858619,0.371,-0.00082962399392,1.86,-0.753,2.266
2024-05-16 00:30:00,o,0.6,0.2,0.0,2.22927474041856,0.0022240215912,0.202,-0.001189882301,2.86,-2.806,2.226
2024-05-16 00:30:00,o,0.6,0.2,0.95,1.7449185424413531,0.0047612043345,0.37,-0.0029026356227,1.86,-0.753,2.082
2024-05-16 00:30:00,o,0.6,0.25,0.0,2.2624249838130255,0.0030318154165,0.19,-0.0011958708596,2.96,-3.035,2.166
2024-05-16 00:30:00,o,0.6,0.25,0.95,1.7410333537681748,0.0061935357366,0.372,-0.0042114831788,1.84,-0.722,1.96
2024-05-16 00:30:00,o,0.6,0.3,0.0,2.2624249838130255,0.0030318154165,0.19,-0.0011958708596,2.96,-3.035,2.166
2024-05-16 00:30:00,o,0.6,0.3,0.95,1.7179200258369935,0.0050515487701,0.387,-0.0031974131145,1.71,-0.539,1.897
2024-05-16 00:30:00,o,0.6,0.35,0.0,2.2624249838130255,0.0030318154165,0.19,-0.0011958708596,2.96,-3.035,2.166
2024-05-16 00:30:00,o,0.6,0.35,0.95,1.7092190641089362,0.0048454493145,0.393,-0.0027431762299,1.65,-0.463,1.915
2024-05-16 00:30:00,o,0.6,0.4,0.0,2.2385503951480032,0.0077516244605,0.199,-0.0027622650944,2.89,-2.875,2.071
2024-05-16 00:30:00,o,0.6,0.4,0.95,1.7204652698081782,0.0028530094348,0.385,-0.0021343814311,1.73,-0.565,2.021
2024-05-16 00:30:00,o,0.6,0.45,0.0,2.253565756319063,0.0067275541645,0.193,-0.0027653540696,2.93,-2.966,2.056
2024-05-16 00:30:00,o,0.6,0.45,0.95,1.7204652698081782,0.0028530094348,0.385,-0.0021343814311,1.73,-0.565,2.021
2024-05-16 00:30:00,o,0.6,0.5,0.0,2.253565756319063,0.0067275541645,0.193,-0.0027653540696,2.93,-2.966,2.056
2024-05-16 00:30:00,o,0.6,0.5,0.95,1.7085823494787915,0.0022743111604,0.393,-0.001473421611,1.65,-0.463,2.003
2024-05-16 00:30:00,o,0.6,0.55,0.0,2.2377246564882958,0.0072195359311,0.199,-0.0028737521316,2.89,-2.875,2.012
2024-05-16 00:30:00,o,0.6,0.55,0.95,1.7085823494787915,0.0022743111604,0.393,-0.001473421611,1.65,-0.463,2.003
2024-05-16 00:30:00,o,0.6,0.6,0.0,2.2377246564882958,0.0072195359311,0.199,-0.0028737521316,2.89,-2.875,2.012
2024-05-16 00:30:00,o,0.6,0.6,0.95,1.7085823494787915,0.0022743111604,0.393,-0.001473421611,1.65,-0.463,2.003
2024-05-16 00:30:00,o,0.6,0.65,0.0,2.2377246564882958,0.0072195359311,0.199,-0.0028737521316,2.89,-2.875,2.012
2024-05-16 00:30:00,o,0.6,0.65,0.95,1.6814492869735962,0.0038058404518,0.411,-0.0027130980706,1.38,-0.182,1.966
2024-05-16 00:30:00,o,0.6,0.7,0.0,2.2185827656478345,0.006027631903,0.206,-0.0028069150247,2.83,-2.738,2.026
2024-05-16 00:30:00,o,0.6,0.7,0.95,1.6688888850268873,0.004848946624,0.419,0.0,1.13,0.002,1.998
2024-05-16 00:30:00,o,0.6,0.75,0.0,2.250022123473913,0.006897224576,0.195,-0.0021376515906,2.91,-2.921,2.089
2024-05-16 00:30:00,o,0.6,0.75,0.95,1.6674155926179275,0.0077370365934,0.419,0.0,1.13,0.002,2.002
2024-05-16 00:30:00,o,0.6,0.8,0.0,2.250022123473913,0.006897224576,0.195,-0.0021376515906,2.91,-2.921,2.089
2024-05-16 00:30:00,o,0.6,0.8,0.95,1.6509676928117336,0.01242851982,0.419,0.0,1.13,0.002,1.996
2024-05-16 00:30:00,o,0.6,0.85,0.0,2.250022123473913,0.006897224576,0.195,-0.0021376515906,2.91,-2.921,2.089
2024-05-16 00:30:00,o,0.6,0.85,0.95,1.6314336218272956,0.013521590482,0.419,0.0,1.13,0.002,1.93
2024-05-16 00:30:00,o,0.6,0.9,0.0,2.250022123473913,0.006897224576,0.195,-0.0021376515906,2.91,-2.921,2.089
2024-05-16 00:30:00,o,0.6,0.9,0.95,1.6314336218272956,0.013521590482,0.419,0.0,1.13,0.002,1.93
2024-05-16 00:30:00,o,0.6,0.95,0.0,2.1786345537935894,0.018292097422,0.223,-0.0073574663532,2.73,-2.51,2.18
2024-05-16 00:30:00,o,0.6,0.95,0.95,1.6314336218272956,0.013521590482,0.419,0.0,1.13,0.002,1.93
2024-05-16 00:30:00,o,0.6,1.0,0.0,2.1490435113047117,0.02074119414,0.235,-0.0096689608755,2.65,-2.328,2.319
2024-05-16 00:30:00,o,0.6,1.0,0.95,1.6471187917862327,0.021127643085,0.419,0.0,1.13,0.002,2.005
2024-05-16 00:30:00,o,0.6,1.05,0.0,2.1490435113047117,0.02074119414,0.235,-0.0096689608755,2.65,-2.328,2.319
2024-05-16 00:30:00,o,0.6,1.05,0.95,1.664952075163662,0.027262256045,0.419,0.0,1.13,0.002,2.129
2024-05-16 00:30:00,o,0.6,1.1,0.0,2.05869168281923,0.02663730734,0.279,-0.014232981919,2.4,-1.774,2.769
2024-05-16 00:30:00,o,0.6,1.1,0.95,1.6759707080121131,0.030617223779,0.415,-0.004,1.29,-0.108,2.275
2024-05-16 00:30:00,o,0.6,1.15,0.0,2.05869168281923,0.02663730734,0.279,-0.014232981919,2.4,-1.774,2.769
2024-05-16 00:30:00,o,0.6,1.15,0.05,2.05869168281923,0.02663730734,0.279,-0.014232981919,2.4,-1.774,2.769
2024-05-16 00:30:00,o,0.6,1.15,0.1,2.056218581272306,0.018091402731,0.277,-0.0098023540037,2.4,-1.774,2.788
2024-05-16 00:30:00,o,0.6,1.15,0.15,2.056218581272306,0.018091402731,0.277,-0.0098023540037,2.4,-1.774,2.788
2024-05-16 00:30:00,o,0.6,1.15,0.2,2.0361975801146968,0.011859712623,0.277,-0.0060506602041,2.4,-1.774,2.721
2024-05-16 00:30:00,o,0.6,1.15,0.25,1.9675432962962127,0.001415649012,0.292,-0.001185774085,2.32,-1.604,2.164
2024-05-16 00:30:00,o,0.6,1.15,0.3,1.9675432962962127,0.001415649012,0.292,-0.001185774085,2.32,-1.604,2.164
2024-05-16 00:30:00,o,0.6,1.15,0.35,1.8282924594596257,-0.0086263462944,0.361,0.0054867554303,1.92,-0.848,2.38
2024-05-16 00:30:00,o,0.6,1.15,0.4,1.8282924594596257,-0.0086263462944,0.361,0.0054867554303,1.92,-0.848,2.38
2024-05-16 00:30:00,o,0.6,1.15,0.45,1.724505247609918,-0.010422532037,0.423,0.008686225788,0.98,0.086,2.191
2024-05-16 00:30:00,o,0.6,1.15,0.5,1.724505247609918,-0.010422532037,0.423,0.008686225788,0.98,0.086,2.191
2024-05-16 00:30:00,o,0.6,1.15,0.55,1.724505247609918,-0.010422532037,0.423,0.008686225788,0.98,0.086,2.191
2024-05-16 00:30:00,o,0.6,1.15,0.6,1.607733740093622,0.00074006461857,0.423,0.0,0.98,0.086,1.987
2024-05-16 00:30:00,o,0.6,1.15,0.65,1.56925683332861,0.0041176813588,0.419,0.0,1.13,0.002,2.131
2024-05-16 00:30:00,o,0.6,1.15,0.7,1.572964489481746,0.0089616150124,0.419,0.0,1.13,0.002,2.214
2024-05-16 00:30:00,o,0.6,1.15,0.75,1.572964489481746,0.0089616150124,0.419,0.0,1.13,0.002,2.214
2024-05-16 00:30:00,o,0.6,1.15,0.8,1.585370477122078,0.0087642535118,0.419,0.0,1.13,0.002,2.087
2024-05-16 00:30:00,o,0.6,1.15,0.85,1.6298681187461235,0.023153635659,0.419,0.0,1.13,0.002,2.603
2024-05-16 00:30:00,o,0.6,1.15,0.9,1.6670792054642167,0.029309376308,0.419,0.0,1.13,0.002,2.623
2024-05-16 00:30:00,o,0.6,1.15,0.95,1.6760439680197772,0.027976838571,0.415,-0.004,1.29,-0.108,2.436
2024-05-16 00:30:00,o,0.65,0.05,0.0,2.066530908708871,-0.0020445297115,0.275,0.0012366245079,2.42,-1.817,2.911
2024-05-16 00:30:00,o,0.65,0.05,0.05,2.066530908708871,-0.0020445297115,0.275,0.0012366245079,2.42,-1.817,2.911
2024-05-16 00:30:00,o,0.65,0.05,0.1,2.101135057332041,-0.0049844152321,0.257,0.001904899988,2.52,-2.037,2.736
2024-05-16 00:30:00,o,0.65,0.05,0.15,2.080947399961821,-0.011467938565,0.253,0.0054021544126,2.54,-2.081,2.495
2024-05-16 00:30:00,o,0.65,0.05,0.2,2.0882282557079046,-0.012720963022,0.245,0.0057651360993,2.59,-2.193,2.609
2024-05-16 00:30:00,o,0.65,0.05,0.25,2.0414479554842484,-0.014835486576,0.259,0.0075367274999,2.5,-1.992,2.465
2024-05-16 00:30:00,o,0.65,0.05,0.3,1.9854264740830017,-0.014981570979,0.281,0.008108196399,2.39,-1.752,2.31
2024-05-16 00:30:00,o,0.65,0.05,0.35,1.8890494582775337,-0.018001632683,0.326,0.011000045443,2.14,-1.24,2.291
2024-05-16 00:30:00,o,0.65,0.05,0.4,1.8890494582775337,-0.018001632683,0.326,0.011000045443,2.14,-1.24,2.291
2024-05-16 00:30:00,o,0.65,0.05,0.45,1.8520467030105914,-0.016550718552,0.344,0.010416137471,2.03,-1.036,2.265
2024-05-16 00:30:00,o,0.65,0.05,0.5,1.7295859159156566,-0.014276471895,0.409,0.010466368864,1.42,-0.217,2.148
2024-05-16 00:30:00,o,0.65,0.05,0.55,1.6941662959331982,-0.015112147274,0.424,0.010686007073,0.79,0.17,2.19
2024-05-16 00:30:00,o,0.65,0.05,0.6,1.6941662959331982,-0.015112147274,0.424,0.010686007073,0.79,0.17,2.19
2024-05-16 00:30:00,o,0.65,0.05,0.65,1.670626158173298,-0.01113049793,0.421,0.0019733548964,1.03,0.06,2.178
2024-05-16 00:30:00,o,0.65,0.05,0.7,1.670626158173298,-0.01113049793,0.421,0.0019733548964,1.03,0.06,2.178
2024-05-16 00:30:00,o,0.65,0.05,0.75,1.6616423405725735,-0.0050160142168,0.419,0.0,1.13,0.002,2.113
2024-05-16 00:30:00,o,0.65,0.05,0.8,1.6961728452431437,-0.0015271641093,0.401,0.00084481720448,1.56,-0.358,2.494
2024-05-16 00:30:00,o,0.65,0.05,0.85,1.714983224819396,-0.0045800659378,0.389,0.0031183979277,1.69,-0.513,3.159
2024-05-16 00:30:00,o,0.65,0.05,0.9,1.7431568551033825,0.0012649858619,0.371,-0.00082962399392,1.86,-0.753,2.266
2024-05-16 00:30:00,o,0.65,0.05,0.95,1.7456134200067306,0.0020331077534,0.37,-0.0007880889457,1.86,-0.753,2.409
2024-05-16 00:30:00,o,0.65,0.1,0.0,2.1924615149333118,3.3459602105e-05,0.217,0.00013544842832,2.77,-2.601,2.416
2024-05-16 00:30:00,o,0.65,0.1,0.95,1.7431568551033825,0.0012649858619,0.371,-0.00082962399392,1.86,-0.753,2.266
2024-05-16 00:30:00,o,0.65,0.15,0.0,2.1924615149333118,3.3459602105e-05,0.217,0.00013544842832,2.77,-2.601,2.416
2024-05-16 00:30:00,o,0.65,0.15,0.95,1.7378046778199223,0.0052822572104,0.374,-0.0036626632163,1.83,-0.707,2.409
2024-05-16 00:30:00,o,0.65,0.2,0.0,2.22927474041856,0.0022240215912,0.202,-0.001189882301,2.86,-2.806,2.226
2024-05-16 00:30:00,o,0.65,0.2,0.95,1.7410333537681748,0.0061935357366,0.372,-0.0042114831788,1.84,-0.722,1.96
2024-05-16 00:30:00,o,0.65,0.25,0.0,2.2624249838130255,0.0030318154165,0.19,-0.0011958708596,2.96,-3.035,2.166
2024-05-16 00:30:00,o,0.65,0.25,0.95,1.7410333537681748,0.0061935357366,0.372,-0.0042114831788,1.84,-0.722,1.96
2024-05-16 00:30:00,o,0.65,0.3,0.0,2.2624249838130255,0.0030318154165,0.19,-0.0011958708596,2.96,-3.035,2.166
2024-05-16 00:30:00,o,0.65,0.3,0.95,1.735463161462381,0.005820586651,0.376,-0.0034738576026,1.81,-0.678,2.02
2024-05-16 00:30:00,o,0.65,0.35,0.0,2.31714156963742,0.0038080581611,0.172,-0.00074663689699,3.1,-3.354,2.131
2024-05-16 00:30:00,o,0.65,0.35,0.95,1.7172709680321305,0.0046717686995,0.387,-0.0033720091726,1.71,-0.539,1.977
2024-05-16 00:30:00,o,0.65,0.4,0.0,2.2977517594848726,0.0046898892439,0.178,-0.0014615438383,3.04,-3.218,2.038
2024-05-16 00:30:00,o,0.65,0.4,0.95,1.7172709680321305,0.0046717686995,0.387,-0.0033720091726,1.71,-0.539,1.977
2024-05-16 00:30:00,o,0.65,0.45,0.0,2.253565756319063,0.0067275541645,0.193,-0.0027653540696,2.93,-2.966,2.056
2024-05-16 00:30:00,o,0.65,0.45,0.95,1.7204652698081782,0.0028530094348,0.385,-0.0021343814311,1.73,-0.565,2.021
2024-05-16 00:30:00,o,0.65,0.5,0.0,2.253565756319063,0.0067275541645,0.193,-0.0027653540696,2.93,-2.966,2.056
2024-05-16 00:30:00,o,0.65,0.5,0.95,1.7085823494787915,0.0022743111604,0.393,-0.001473421611,1.65,-0.463,2.003
2024-05-16 00:30:00,o,0.65,0.55,0.0,2.2377246564882958,0.0072195359311,0.199,-0.0028737521316,2.89,-2.875,2.012
2024-05-16 00:30:00,o,0.65,0.55,0.95,1.7085823494787915,0.0022743111604,0.393,-0.001473421611,1.65,-0.463,2.003
2024-05-16 00:30:00,o,0.65,0.6,0.0,2.2377246564882958,0.0072195359311,0.199,-0.0028737521316,2.89,-2.875,2.012
2024-05-16 00:30:00,o,0.65,0.6,0.95,1.687653791789059,0.0039944877282,0.407,-0.0025989411048,1.45,-0.245,1.952
2024-05-16 00:30:00,o,0.65,0.65,0.0,2.2377246564882958,0.0072195359311,0.199,-0.0028737521316,2.89,-2.875,2.012
2024-05-16 00:30:00,o,0.65,0.65,0.95,1.6845042527140321,0.0048129518969,0.409,-0.0033079819128,1.42,-0.217,2.023
2024-05-16 00:30:00,o,0.65,0.7,0.0,2.24749454258715,0.0078722786123,0.196,-0.002440909363,2.9,-2.898,1.994
2024-05-16 00:30:00,o,0.65,0.7,0.95,1.6725227042398814,0.0070449055952,0.417,-0.002,1.23,-0.064,2.009
2024-05-16 00:30:00,o,0.65,0.75,0.0,2.2662293440590253,0.0076231860901,0.189,-0.0024791501313,2.96,-3.035,2.077
2024-05-16 00:30:00,o,0.65,0.75,0.95,1.6674155926179275,0.0077370365934,0.419,0.0,1.13,0.002,2.002
2024-05-16 00:30:00,o,0.65,0.8,0.0,2.250022123473913,0.006897224576,0.195,-0.0021376515906,2.91,-2.921,2.089
2024-05-16 00:30:00,o,0.65,0.8,0.95,1.6509676928117336,0.01242851982,0.419,0.0,1.13,0.002,1.996
2024-05-16 00:30:00,o,0.65,0.85,0.0,2.250022123473913,0.006897224576,0.195,-0.0021376515906,2.91,-2.921,2.089
2024-05-16 00:30:00,o,0.65,0.85,0.95,1.6458151182966418,0.016150726296,0.419,0.0,1.13,0.002,1.973
2024-05-16 00:30:00,o,0.65,0.9,0.0,2.250022123473913,0.006897224576,0.195,-0.0021376515906,2.91,-2.921,2.089
2024-05-16 00:30:00,o,0.65,0.9,0.95,1.6458151182966418,0.016150726296,0.419,0.0,1.13,0.002,1.973
2024-05-16 00:30:00,o,0.65,0.95,0.0,2.1786345537935894,0.018292097422,0.223,-0.0073574663532,2.73,-2.51,2.18
2024-05-16 00:30:00,o,0.65,0.95,0.95,1.6338621720559345,0.017092676784,0.419,0.0,1.13,0.002,1.955
2024-05-16 00:30:00,o,0.65,1.0,0.0,2.1786345537935894,0.018292097422,0.223,-0.0073574663532,2.73,-2.51,2.18
2024-05-16 00:30:00,o,0.65,1.0,0.95,1.6636349754503,0.027899973504,0.419,0.0,1.13,0.002,2.117
2024-05-16 00:30:00,o,0.65,1.05,0.0,2.1490435113047117,0.02074119414,0.235,-0.0096689608755,2.65,-2.328,2.319
2024-05-16 00:30:00,o,0.65,1.05,0.95,1.664952075163662,0.027262256045,0.419,0.0,1.13,0.002,2.129
2024-05-16 00:30:00,o,0.65,1.1,0.0,2.05869168281923,0.02663730734,0.279,-0.014232981919,2.4,-1.774,2.769
2024-05-16 00:30:00,o,0.65,1.1,0.95,1.675200730890694,0.033508536371,0.415,-0.004,1.29,-0.108,2.559
2024-05-16 00:30:00,o,0.65,1.15,0.0,2.0576204663650577,0.027887769765,0.279,-0.015516488151,2.4,-1.774,2.877
2024-05-16 00:30:00,o,0.65,1.15,0.05,2.05869168281923,0.02663730734,0.279,-0.014232981919,2.4,-1.774,2.769
2024-05-16 00:30:00,o,0.65,1.15,0.1,2.098806339517981,0.021831112157,0.259,-0.010471459391,2.5,-1.992,2.625
2024-05-16 00:30:00,o,0.65,1.15,0.15,2.056218581272306,0.018091402731,0.277,-0.0098023540037,2.4,-1.774,2.788
2024-05-16 00:30:00,o,0.65,1.15,0.2,2.0412426302353155,0.0091680855007,0.269,-0.0042806676874,2.44,-1.861,2.626
2024-05-16 00:30:00,o,0.65,1.15,0.25,2.008191231541586,0.0031738246654,0.273,-0.0019068013167,2.43,-1.839,2.459
2024-05-16 00:30:00,o,0.65,1.15,0.3,1.9396490223842109,-0.0018475028611,0.301,0.00069547879514,2.28,-1.52,2.311
2024-05-16 00:30:00,o,0.65,1.15,0.35,1.9396490223842109,-0.0018475028611,0.301,0.00069547879514,2.28,-1.52,2.311
2024-05-16 00:30:00,o,0.65,1.15,0.4,1.8282924594596257,-0.0086263462944,0.361,0.0054867554303,1.92,-0.848,2.38
2024-05-16 00:30:00,o,0.65,1.15,0.45,1.724505247609918,-0.010422532037,0.423,0.008686225788,0.98,0.086,2.191
2024-05-16 00:30:00,o,0.65,1.15,0.5,1.724505247609918,-0.010422532037,0.423,0.008686225788,0.98,0.086,2.191
2024-05-16 00:30:00,o,0.65,1.15,0.55,1.6822443839233168,-0.007135519611,0.426,0.0,0.63,0.226,2.199
2024-05-16 00:30:00,o,0.65,1.15,0.6,1.5913317829696554,0.0058033764776,0.422,0.0,0.98,0.086,2.061
2024-05-16 00:30:00,o,0.65,1.15,0.65,1.5753033334223991,0.011584993457,0.42,0.0,1.08,0.032,2.201
2024-05-16 00:30:00,o,0.65,1.15,0.7,1.5667791363411918,0.014683057171,0.419,0.0,1.13,0.002,2.236
2024-05-16 00:30:00,o,0.65,1.15,0.75,1.5667791363411918,0.014683057171,0.419,0.0,1.13,0.002,2.236
2024-05-16 00:30:00,o,0.65,1.15,0.8,1.6040855868818762,0.023970681407,0.419,0.0,1.13,0.002,2.474
2024-05-16 00:30:00,o,0.65,1.15,0.85,1.6040855868818762,0.023970681407,0.419,0.0,1.13,0.002,2.474
2024-05-16 00:30:00,o,0.65,1.15,0.9,1.6670792054642167,0.029309376308,0.419,0.0,1.13,0.002,2.623
2024-05-16 00:30:00,o,0.65,1.15,0.95,1.675200730890694,0.033508536371,0.415,-0.004,1.29,-0.108,2.559
2024-05-16 00:30:00,o,0.7,0.05,0.0,2.076538501736258,0.00051006891206,0.27,4.8155420627e-05,2.44,-1.861,2.967
2024-05-16 00:30:00,o,0.7,0.05,0.05,2.0952983996932475,0.0037193648597,0.26,-0.0021691337841,2.5,-1.992,3.354
2024-05-16 00:30:00,o,0.7,0.05,0.1,2.137274968868117,-0.0052177394299,0.238,0.0018794700003,2.62,-2.26,3.376
2024-05-16 00:30:00,o,0.7,0.05,0.15,2.1275097349740073,-0.007575189112,0.231,0.0029448294659,2.68,-2.396,3.237
2024-05-16 00:30:00,o,0.7,0.05,0.2,2.1275097349740073,-0.007575189112,0.231,0.0029448294659,2.68,-2.396,3.237
2024-05-16 00:30:00,o,0.7,0.05,0.25,2.0882282557079046,-0.012720963022,0.245,0.0057651360993,2.59,-2.193,2.609
2024-05-16 00:30:00,o,0.7,0.05,0.3,1.9854264740830017,-0.014981570979,0.281,0.008108196399,2.39,-1.752,2.31
2024-05-16 00:30:00,o,0.7,0.05,0.35,1.8890494582775337,-0.018001632683,0.326,0.011000045443,2.14,-1.24,2.291
2024-05-16 00:30:00,o,0.7,0.05,0.4,1.8890494582775337,-0.018001632683,0.326,0.011000045443,2.14,-1.24,2.291
2024-05-16 00:30:00,o,0.7,0.05,0.45,1.8379859387152333,-0.018887893648,0.353,0.011940373979,1.97,-0.931,2.334
2024-05-16 00:30:00,o,0.7,0.05,0.5,1.7031623605957331,-0.016905938242,0.425,0.011625267406,0.79,0.17,2.192
2024-05-16 00:30:00,o,0.7,0.05,0.55,1.7031623605957331,-0.016905938242,0.425,0.011625267406,0.79,0.17,2.192
2024-05-16 00:30:00,o,0.7,0.05,0.6,1.6941662959331982,-0.015112147274,0.424,0.010686007073,0.79,0.17,2.19
2024-05-16 00:30:00,o,0.7,0.05,0.65,1.670626158173298,-0.01113049793,0.421,0.0019733548964,1.03,0.06,2.178
2024-05-16 00:30:00,o,0.7,0.05,0.7,1.6616423405725735,-0.0050160142168,0.419,0.0,1.13,0.002,2.113
2024-05-16 00:30:00,o,0.7,0.05,0.75,1.6651399066143349,-0.00036603783666,0.419,0.0,1.13,0.002,2.273
2024-05-16 00:30:00,o,0.7,0.05,0.8,1.6831731635482317,0.0022124986368,0.41,-0.001439416428,1.42,-0.217,2.679
2024-05-16 00:30:00,o,0.7,0.05,0.85,1.6961728452431437,-0.0015271641093,0.401,0.00084481720448,1.56,-0.358,2.494
2024-05-16 00:30:00,o,0.7,0.05,0.9,1.737359646929792,0.0016011094861,0.375,-0.00063771558919,1.82,-0.692,3.028
2024-05-16 00:30:00,o,0.7,0.05,0.95,1.7419626800488104,0.0098022150972,0.372,-0.0058898287616,1.84,-0.722,3.037
2024-05-16 00:30:00,o,0.7,0.1,0.0,2.1481675255185526,0.0071255845795,0.236,-0.0028749934442,2.64,-2.305,2.732
2024-05-16 00:30:00,o,0.7,0.1,0.95,1.7378046778199223,0.0052822572104,0.374,-0.0036626632163,1.83,-0.707,2.409
2024-05-16 00:30:00,o,0.7,0.15,0.0,2.1481675255185526,0.0071255845795,0.236,-0.0028749934442,2.64,-2.305,2.732
2024-05-16 00:30:00,o,0.7,0.15,0.95,1.7360058600420958,0.013832797306,0.375,-0.0092121730508,1.82,-0.692,2.428
2024-05-16 00:30:00,o,0.7,0.2,0.0,2.1924615149333118,3.3459602105e-05,0.217,0.00013544842832,2.77,-2.601,2.416
2024-05-16 00:30:00,o,0.7,0.2,0.95,1.747450651809521,0.0086938692213,0.368,-0.0057713031548,1.87,-0.768,2.047
2024-05-16 00:30:00,o,0.7,0.25,0.0,2.31714156963742,0.0038080581611,0.172,-0.00074663689699,3.1,-3.354,2.131
2024-05-16 00:30:00,o,0.7,0.25,0.95,1.747450651809521,0.0086938692213,0.368,-0.0057713031548,1.87,-0.768,2.047
2024-05-16 00:30:00,o,0.7,0.3,0.0,2.31714156963742,0.0038080581611,0.172,-0.00074663689699,3.1,-3.354,2.131
2024-05-16 00:30:00,o,0.7,0.3,0.95,1.735463161462381,0.005820586651,0.376,-0.0034738576026,1.81,-0.678,2.02
2024-05-16 00:30:00,o,0.7,0.35,0.0,2.31714156963742,0.0038080581611,0.172,-0.00074663689699,3.1,-3.354,2.131
2024-05-16 00:30:00,o,0.7,0.35,0.95,1.735463161462381,0.005820586651,0.376,-0.0034738576026,1.81,-0.678,2.02
2024-05-16 00:30:00,o,0.7,0.4,0.0,2.2977517594848726,0.0046898892439,0.178,-0.0014615438383,3.04,-3.218,2.038
2024-05-16 00:30:00,o,0.7,0.4,0.95,1.735463161462381,0.005820586651,0.376,-0.0034738576026,1.81,-0.678,2.02
2024-05-16 00:30:00,o,0.7,0.45,0.0,2.2977517594848726,0.0046898892439,0.178,-0.0014615438383,3.04,-3.218,2.038
2024-05-16 00:30:00,o,0.7,0.45,0.95,1.6880280683740365,0.0057566045142,0.407,-0.0035444192773,1.45,-0.245,1.942
2024-05-16 00:30:00,o,0.7,0.5,0.0,2.2977517594848726,0.0046898892439,0.178,-0.0014615438383,3.04,-3.218,2.038
2024-05-16 00:30:00,o,0.7,0.5,0.95,1.672919467697059,0.0059337493674,0.417,-0.002,1.23,-0.064,1.939
2024-05-16 00:30:00,o,0.7,0.55,0.0,2.2377246564882958,0.0072195359311,0.199,-0.0028737521316,2.89,-2.875,2.012
2024-05-16 00:30:00,o,0.7,0.55,0.95,1.6781449255673373,0.0047922004048,0.413,-0.003672683225,1.35,-0.156,1.988
2024-05-16 00:30:00,o,0.7,0.6,0.0,2.24749454258715,0.0078722786123,0.196,-0.002440909363,2.9,-2.898,1.994
2024-05-16 00:30:00,o,0.7,0.6,0.95,1.6845042527140321,0.0048129518969,0.409,-0.0033079819128,1.42,-0.217,2.023
2024-05-16 00:30:00,o,0.7,0.65,0.0,2.24749454258715,0.0078722786123,0.196,-0.002440909363,2.9,-2.898,1.994
2024-05-16 00:30:00,o,0.7,0.65,0.95,1.6845042527140321,0.0048129518969,0.409,-0.0033079819128,1.42,-0.217,2.023
2024-05-16 00:30:00,o,0.7,0.7,0.0,2.24749454258715,0.0078722786123,0.196,-0.002440909363,2.9,-2.898,1.994
2024-05-16 00:30:00,o,0.7,0.7,0.95,1.6725227042398814,0.0070449055952,0.417,-0.002,1.23,-0.064,2.009
2024-05-16 00:30:00,o,0.7,0.75,0.0,2.2662293440590253,0.0076231860901,0.189,-0.0024791501313,2.96,-3.035,2.077
2024-05-16 00:30:00,o,0.7,0.75,0.95,1.6725227042398814,0.0070449055952,0.417,-0.002,1.23,-0.064,2.009
2024-05-16 00:30:00,o,0.7,0.8,0.0,2.2662293440590253,0.0076231860901,0.189,-0.0024791501313,2.96,-3.035,2.077
2024-05-16 00:30:00,o,0.7,0.8,0.95,1.6344974225693523,0.013997004732,0.419,0.0,1.13,0.002,1.94
2024-05-16 00:30:00,o,0.7,0.85,0.0,2.2662293440590253,0.0076231860901,0.189,-0.0024791501313,2.96,-3.035,2.077
2024-05-16 00:30:00,o,0.7,0.85,0.95,1.6458151182966418,0.016150726296,0.419,0.0,1.13,0.002,1.973
2024-05-16 00:30:00,o,0.7,0.9,0.0,2.250022123473913,0.006897224576,0.195,-0.0021376515906,2.91,-2.921,2.089
2024-05-16 00:30:00,o,0.7,0.9,0.95,1.655896826765073,0.020513622718,0.419,0.0,1.13,0.002,2.032
2024-05-16 00:30:00,o,0.7,0.95,0.0,2.1786345537935894,0.018292097422,0.223,-0.0073574663532,2.73,-2.51,2.18
2024-05-16 00:30:00,o,0.7,0.95,0.95,1.6538875580709775,0.024070362052,0.419,0.0,1.13,0.002,2.04
2024-05-16 00:30:00,o,0.7,1.0,0.0,2.187218865897024,0.019494017377,0.219,-0.0081804351372,2.75,-2.555,2.314
2024-05-16 00:30:00,o,0.7,1.0,0.95,1.6636349754503,0.027899973504,0.419,0.0,1.13,0.002,2.117
2024-05-16 00:30:00,o,0.7,1.05,0.0,2.187218865897024,0.019494017377,0.219,-0.0081804351372,2.75,-2.555,2.314
2024-05-16 00:30:00,o,0.7,1.05,0.95,1.6571801925067864,0.033393536765,0.419,0.0,1.13,0.002,2.42
2024-05-16 00:30:00,o,0.7,1.1,0.0,2.045592861752904,0.026314520349,0.286,-0.014365987603,2.35,-1.667,2.718
2024-05-16 00:30:00,o,0.7,1.1,0.95,1.6571801925067864,0.033393536765,0.419,0.0,1.13,0.002,2.42
2024-05-16 00:30:00,o,0.7,1.15,0.0,2.0576204663650577,0.027887769765,0.279,-0.015516488151,2.4,-1.774,2.877
2024-05-16 00:30:00,o,0.7,1.15,0.05,2.058638564145473,0.023601269204,0.279,-0.012592125153,2.4,-1.774,3.34
2024-05-16 00:30:00,o,0.7,1.15,0.1,2.113548967529235,0.018173854612,0.25,-0.0084910497845,2.56,-2.126,3.36
2024-05-16 00:30:00,o,0.7,1.15,0.15,2.077142522477886,0.012755673518,0.257,-0.0063497471314,2.52,-2.037,3.289
2024-05-16 00:30:00,o,0.7,1.15,0.2,2.077142522477886,0.012755673518,0.257,-0.0063497471314,2.52,-2.037,3.289
2024-05-16 00:30:00,o,0.7,1.15,0.25,2.008191231541586,0.0031738246654,0.273,-0.0019068013167,2.43,-1.839,2.459
2024-05-16 00:30:00,o,0.7,1.15,0.3,2.008191231541586,0.0031738246654,0.273,-0.0019068013167,2.43,-1.839,2.459
2024-05-16 00:30:00,o,0.7,1.15,0.35,1.9396490223842109,-0.0018475028611,0.301,0.00069547879514,2.28,-1.52,2.311
2024-05-16 00:30:00,o,0.7,1.15,0.4,1.9666344360748778,-0.00034221702822,0.284,4.2982572967e-05,2.36,-1.688,2.223
2024-05-16 00:30:00,o,0.7,1.15,0.45,1.6822443839233168,-0.007135519611,0.426,0.0,0.63,0.226,2.199
2024-05-16 00:30:00,o,0.7,1.15,0.5,1.6822443839233168,-0.007135519611,0.426,0.0,0.63,0.226,2.199
2024-05-16 00:30:00,o,0.7,1.15,0.55,1.6822443839233168,-0.007135519611,0.426,0.0,0.63,0.226,2.199
2024-05-16 00:30:00,o,0.7,1.15,0.6,1.5913317829696554,0.0058033764776,0.422,0.0,0.98,0.086,2.061
2024-05-16 00:30:00,o,0.7,1.15,0.65,1.5753033334223991,0.011584993457,0.42,0.0,1.08,0.032,2.201
2024-05-16 00:30:00,o,0.7,1.15,0.7,1.5753033334223991,0.011584993457,0.42,0.0,1.08,0.032,2.201
2024-05-16 00:30:00,o,0.7,1.15,0.75,1.5667791363411918,0.014683057171,0.419,0.0,1.13,0.002,2.236
2024-05-16 00:30:00,o,0.7,1.15,0.8,1.6040855868818762,0.023970681407,0.419,0.0,1.13,0.002,2.474
2024-05-16 00:30:00,o,0.7,1.15,0.85,1.6175873956417497,0.02833053824,0.419,0.0,1.13,0.002,3.146
2024-05-16 00:30:00,o,0.7,1.15,0.9,1.66146245948316,0.034004427523,0.419,0.0,1.13,0.002,3.133
2024-05-16 00:30:00,o,0.7,1.15,0.95,1.6785821073069869,0.035850563225,0.413,-0.006,1.35,-0.156,3.051
2024-05-16 00:30:00,o,0.75,0.05,0.0,2.1087915824651544,0.010788524022,0.254,-0.005019925331,2.54,-2.081,2.767
2024-05-16 00:30:00,o,0.75,0.05,0.05,2.1087915824651544,0.010788524022,0.254,-0.005019925331,2.54,-2.081,2.767
2024-05-16 00:30:00,o,0.75,0.05,0.1,2.1973108887445685,0.0052119902132,0.212,-0.0015839452788,2.79,-2.646,2.46
2024-05-16 00:30:00,o,0.75,0.05,0.15,2.15066742338852,-0.0039604102832,0.22,0.0013119459677,2.74,-2.532,2.771
2024-05-16 00:30:00,o,0.75,0.05,0.2,2.15066742338852,-0.0039604102832,0.22,0.0013119459677,2.74,-2.532,2.771
2024-05-16 00:30:00,o,0.75,0.05,0.25,2.15066742338852,-0.0039604102832,0.22,0.0013119459677,2.74,-2.532,2.771
2024-05-16 00:30:00,o,0.75,0.05,0.3,2.0699454536949893,-0.0090765218412,0.245,0.0037503934519,2.59,-2.193,2.24
2024-05-16 00:30:00,o,0.75,0.05,0.35,1.8379859387152333,-0.018887893648,0.353,0.011940373979,1.97,-0.931,2.334
2024-05-16 00:30:00,o,0.75,0.05,0.4,1.8379859387152333,-0.018887893648,0.353,0.011940373979,1.97,-0.931,2.334
2024-05-16 00:30:00,o,0.75,0.05,0.45,1.8379859387152333,-0.018887893648,0.353,0.011940373979,1.97,-0.931,2.334
2024-05-16 00:30:00,o,0.75,0.05,0.5,1.7031623605957331,-0.016905938242,0.425,0.011625267406,0.79,0.17,2.192
2024-05-16 00:30:00,o,0.75,0.05,0.55,1.7031623605957331,-0.016905938242,0.425,0.011625267406,0.79,0.17,2.192
2024-05-16 00:30:00,o,0.75,0.05,0.6,1.7031623605957331,-0.016905938242,0.425,0.011625267406,0.79,0.17,2.192
2024-05-16 00:30:00,o,0.75,0.05,0.65,1.6448323288256363,-0.0091804791717,0.421,0.0,1.03,0.06,2.088
2024-05-16 00:30:00,o,0.75,0.05,0.7,1.6649144991231546,0.0025628282359,0.419,0.0,1.13,0.002,2.254
2024-05-16 00:30:00,o,0.75,0.05,0.75,1.6649144991231546,0.0025628282359,0.419,0.0,1.13,0.002,2.254
2024-05-16 00:30:00,o,0.75,0.05,0.8,1.6895219574997815,0.0091773774892,0.406,-0.0058607452709,1.49,-0.285,2.728
2024-05-16 00:30:00,o,0.75,0.05,0.85,1.6895219574997815,0.0091773774892,0.406,-0.0058607452709,1.49,-0.285,2.728
2024-05-16 00:30:00,o,0.75,0.05,0.9,1.7439642034202467,0.020574214156,0.371,-0.012436195772,1.86,-0.753,2.441
2024-05-16 00:30:00,o,0.75,0.05,0.95,1.7440346771700002,0.018874730586,0.371,-0.011310373066,1.86,-0.753,2.43
2024-05-16 00:30:00,o,0.75,0.1,0.0,2.1087915824651544,0.010788524022,0.254,-0.005019925331,2.54,-2.081,2.767
2024-05-16 00:30:00,o,0.75,0.1,0.95,1.7439642034202467,0.020574214156,0.371,-0.012436195772,1.86,-0.753,2.441
2024-05-16 00:30:00,o,0.75,0.15,0.0,2.1481675255185526,0.0071255845795,0.236,-0.0028749934442,2.64,-2.305,2.732
2024-05-16 00:30:00,o,0.75,0.15,0.95,1.743932878082531,0.019976701304,0.371,-0.012075698803,1.86,-0.753,2.191
2024-05-16 00:30:00,o,0.75,0.2,0.0,2.28147653071831,0.012797952694,0.183,-0.0048851214594,3.0,-3.126,2.307
2024-05-16 00:30:00,o,0.75,0.2,0.95,1.739105365346547,0.013071298859,0.374,-0.0077555886566,1.83,-0.707,2.078
2024-05-16 00:30:00,o,0.75,0.25,0.0,2.3267064918905125,0.0053462949259,0.168,-0.0021577959489,3.13,-3.422,2.156
2024-05-16 00:30:00,o,0.75,0.25,0.95,1.747450651809521,0.0086938692213,0.368,-0.0057713031548,1.87,-0.768,2.047
2024-05-16 00:30:00,o,0.75,0.3,0.0,2.31714156963742,0.0038080581611,0.172,-0.00074663689699,3.1,-3.354,2.131
2024-05-16 00:30:00,o,0.75,0.3,0.95,1.735463161462381,0.005820586651,0.376,-0.0034738576026,1.81,-0.678,2.02
2024-05-16 00:30:00,o,0.75,0.35,0.0,2.31714156963742,0.0038080581611,0.172,-0.00074663689699,3.1,-3.354,2.131
2024-05-16 00:30:00,o,0.75,0.35,0.95,1.7149664815812766,0.0051709352926,0.389,-0.0031945077912,1.69,-0.513,1.99
2024-05-16 00:30:00,o,0.75,0.4,0.0,2.2977517594848726,0.0046898892439,0.178,-0.0014615438383,3.04,-3.218,2.038
2024-05-16 00:30:00,o,0.75,0.4,0.95,1.7149664815812766,0.0051709352926,0.389,-0.0031945077912,1.69,-0.513,1.99
2024-05-16 00:30:00,o,0.75,0.45,0.0,2.2977517594848726,0.0046898892439,0.178,-0.0014615438383,3.04,-3.218,2.038
2024-05-16 00:30:00,o,0.75,0.45,0.95,1.7149664815812766,0.0051709352926,0.389,-0.0031945077912,1.69,-0.513,1.99
2024-05-16 00:30:00,o,0.75,0.5,0.0,2.286766248786745,0.005771537742,0.182,-0.0015820392296,3.01,-3.149,2.012
2024-05-16 00:30:00,o,0.75,0.5,0.95,1.6781449255673373,0.0047922004048,0.413,-0.003672683225,1.35,-0.156,1.988
2024-05-16 00:30:00,o,0.75,0.55,0.0,2.2309034153481013,0.0086396785393,0.202,-0.0030279228145,2.86,-2.806,1.951
2024-05-16 00:30:00,o,0.75,0.55,0.95,1.6781449255673373,0.0047922004048,0.413,-0.003672683225,1.35,-0.156,1.988
2024-05-16 00:30:00,o,0.75,0.6,0.0,2.2309034153481013,0.0086396785393,0.202,-0.0030279228145,2.86,-2.806,1.951
2024-05-16 00:30:00,o,0.75,0.6,0.95,1.6781449255673373,0.0047922004048,0.413,-0.003672683225,1.35,-0.156,1.988
2024-05-16 00:30:00,o,0.75,0.65,0.0,2.24749454258715,0.0078722786123,0.196,-0.002440909363,2.9,-2.898,1.994
2024-05-16 00:30:00,o,0.75,0.65,0.95,1.6781449255673373,0.0047922004048,0.413,-0.003672683225,1.35,-0.156,1.988
2024-05-16 00:30:00,o,0.75,0.7,0.0,2.24749454258715,0.0078722786123,0.196,-0.002440909363,2.9,-2.898,1.994
2024-05-16 00:30:00,o,0.75,0.7,0.95,1.6538971939632334,0.0096753133978,0.419,0.0,1.13,0.002,1.996
2024-05-16 00:30:00,o,0.75,0.75,0.0,2.2662293440590253,0.0076231860901,0.189,-0.0024791501313,2.96,-3.035,2.077
2024-05-16 00:30:00,o,0.75,0.75,0.95,1.6538971939632334,0.0096753133978,0.419,0.0,1.13,0.002,1.996
2024-05-16 00:30:00,o,0.75,0.8,0.0,2.2662293440590253,0.0076231860901,0.189,-0.0024791501313,2.96,-3.035,2.077
2024-05-16 00:30:00,o,0.75,0.8,0.95,1.640570870560806,0.015484888082,0.419,0.0,1.13,0.002,1.963
2024-05-16 00:30:00,o,0.75,0.85,0.0,2.2662293440590253,0.0076231860901,0.189,-0.0024791501313,2.96,-3.035,2.077
2024-05-16 00:30:00,o,0.75,0.85,0.95,1.640570870560806,0.015484888082,0.419,0.0,1.13,0.002,1.963
2024-05-16 00:30:00,o,0.75,0.9,0.0,2.22391886706919,0.013763606289,0.204,-0.0057517329196,2.85,-2.783,2.168
2024-05-16 00:30:00,o,0.75,0.9,0.95,1.655896826765073,0.020513622718,0.419,0.0,1.13,0.002,2.032
2024-05-16 00:30:00,o,0.75,0.95,0.0,2.187218865897024,0.019494017377,0.219,-0.0081804351372,2.75,-2.555,2.314
2024-05-16 00:30:00,o,0.75,0.95,0.95,1.6538875580709775,0.024070362052,0.419,0.0,1.13,0.002,2.04
2024-05-16 00:30:00,o,0.75,1.0,0.0,2.187218865897024,0.019494017377,0.219,-0.0081804351372,2.75,-2.555,2.314
2024-05-16 00:30:00,o,0.75,1.0,0.95,1.6780629049743452,0.033801614746,0.413,-0.006,1.35,-0.156,2.186
2024-05-16 00:30:00,o,0.75,1.05,0.0,2.187218865897024,0.019494017377,0.219,-0.0081804351372,2.75,-2.555,2.314
2024-05-16 00:30:00,o,0.75,1.05,0.95,1.68156683615273,0.036704991261,0.411,-0.008,1.38,-0.182,2.404
2024-05-16 00:30:00,o,0.75,1.1,0.0,2.045592861752904,0.026314520349,0.286,-0.014365987603,2.35,-1.667,2.718
2024-05-16 00:30:00,o,0.75,1.1,0.95,1.68156683615273,0.036704991261,0.411,-0.008,1.38,-0.182,2.404
2024-05-16 00:30:00,o,0.75,1.15,0.0,2.045592861752904,0.026314520349,0.286,-0.014365987603,2.35,-1.667,2.718
2024-05-16 00:30:00,o,0.75,1.15,0.05,2.045592861752904,0.026314520349,0.286,-0.014365987603,2.35,-1.667,2.718
2024-05-16 00:30:00,o,0.75,1.15,0.1,2.0105755443904867,0.016676606961,0.303,-0.0098606061839,2.27,-1.5,3.195
2024-05-16 00:30:00,o,0.75,1.15,0.15,2.0268232420882746,0.011027734065,0.283,-0.0055786343295,2.38,-1.731,3.1
2024-05-16 00:30:00,o,0.75,1.15,0.2,2.082731528820185,0.011258245033,0.251,-0.0055872369693,2.55,-2.103,2.89
2024-05-16 00:30:00,o,0.75,1.15,0.25,2.0470177200971524,0.0038284082544,0.256,-0.0021152085716,2.53,-2.059,2.467
2024-05-16 00:30:00,o,0.75,1.15,0.3,2.0470177200971524,0.0038284082544,0.256,-0.0021152085716,2.53,-2.059,2.467
2024-05-16 00:30:00,o,0.75,1.15,0.35,2.0417005302950115,0.0019494183278,0.256,-0.00062692393065,2.53,-2.059,2.216
2024-05-16 00:30:00,o,0.75,1.15,0.4,1.8910521594141378,-0.0013207479843,0.32,0.00047418756546,2.17,-1.299,2.115
2024-05-16 00:30:00,o,0.75,1.15,0.45,1.711866255347714,-0.0052881123817,0.427,0.004120346165,0.63,0.226,2.149
2024-05-16 00:30:00,o,0.75,1.15,0.5,1.711866255347714,-0.0052881123817,0.427,0.004120346165,0.63,0.226,2.149
2024-05-16 00:30:00,o,0.75,1.15,0.55,1.6822443839233168,-0.007135519611,0.426,0.0,0.63,0.226,2.199
2024-05-16 00:30:00,o,0.75,1.15,0.6,1.5913317829696554,0.0058033764776,0.422,0.0,0.98,0.086,2.061
2024-05-16 00:30:00,o,0.75,1.15,0.65,1.5753033334223991,0.011584993457,0.42,0.0,1.08,0.032,2.201
2024-05-16 00:30:00,o,0.75,1.15,0.7,1.5753033334223991,0.011584993457,0.42,0.0,1.08,0.032,2.201
2024-05-16 00:30:00,o,0.75,1.15,0.75,1.5753033334223991,0.011584993457,0.42,0.0,1.08,0.032,2.201
2024-05-16 00:30:00,o,0.75,1.15,0.8,1.6041504230823305,0.023715872836,0.419,0.0,1.13,0.002,2.659
2024-05-16 00:30:00,o,0.75,1.15,0.85,1.6041504230823305,0.023715872836,0.419,0.0,1.13,0.002,2.659
2024-05-16 00:30:00,o,0.75,1.15,0.9,1.6619924216544906,0.032073386151,0.419,0.0,1.13,0.002,2.559
2024-05-16 00:30:00,o,0.75,1.15,0.95,1.6873238044883123,0.037006565705,0.407,-0.012,1.45,-0.245,2.474
2024-05-16 00:30:00,o,0.8,0.05,0.0,2.091241245918968,0.028580306235,0.262,-0.014826367438,2.49,-1.97,2.986
2024-05-16 00:30:00,o,0.8,0.05,0.05,2.0857970192005646,0.018469458238,0.265,-0.0094067908324,2.47,-1.926,3.294
2024-05-16 00:30:00,o,0.8,0.05,0.1,2.1263165195293268,0.015891805139,0.244,-0.0077486079151,2.59,-2.193,3.214
2024-05-16 00:30:00,o,0.8,0.05,0.15,2.104807933674851,0.0042306308853,0.243,-0.001741975133,2.6,-2.215,3.117
2024-05-16 00:30:00,o,0.8,0.05,0.2,2.104807933674851,0.0042306308853,0.243,-0.001741975133,2.6,-2.215,3.117
2024-05-16 00:30:00,o,0.8,0.05,0.25,2.082943266875871,0.0040407825664,0.246,-0.002097861166,2.58,-2.17,2.564
2024-05-16 00:30:00,o,0.8,0.05,0.3,2.011807190069407,-0.0080233323755,0.271,0.0040461440827,2.43,-1.839,2.405
2024-05-16 00:30:00,o,0.8,0.05,0.35,1.8840302868574113,-0.016828217845,0.332,0.01026947458,2.1,-1.164,2.345
2024-05-16 00:30:00,o,0.8,0.05,0.4,1.8379859387152333,-0.018887893648,0.353,0.011940373979,1.97,-0.931,2.334
2024-05-16 00:30:00,o,0.8,0.05,0.45,1.7578513436855798,-0.016563423082,0.399,0.012345004058,1.57,-0.369,2.18
2024-05-16 00:30:00,o,0.8,0.05,0.5,1.7031623605957331,-0.016905938242,0.425,0.011625267406,0.79,0.17,2.192
2024-05-16 00:30:00,o,0.8,0.05,0.55,1.6787186363973514,-0.015807592724,0.425,0.0,0.79,0.17,2.182
2024-05-16 00:30:00,o,0.8,0.05,0.6,1.6787186363973514,-0.015807592724,0.425,0.0,0.79,0.17,2.182
2024-05-16 00:30:00,o,0.8,0.05,0.65,1.6359961531756593,-0.01039776945,0.421,0.0,1.03,0.06,2.166
2024-05-16 00:30:00,o,0.8,0.05,0.7,1.6359961531756593,-0.01039776945,0.421,0.0,1.03,0.06,2.166
2024-05-16 00:30:00,o,0.8,0.05,0.75,1.6566730458848502,0.0051624364253,0.419,0.0,1.13,0.002,2.397
2024-05-16 00:30:00,o,0.8,0.05,0.8,1.6566730458848502,0.0051624364253,0.419,0.0,1.13,0.002,2.397
2024-05-16 00:30:00,o,0.8,0.05,0.85,1.697246783954953,0.015924123997,0.4,-0.011192055901,1.57,-0.369,3.007
2024-05-16 00:30:00,o,0.8,0.05,0.9,1.7219506876156003,0.024111319397,0.384,-0.016062549901,1.75,-0.592,2.936
2024-05-16 00:30:00,o,0.8,0.05,0.95,1.730006634176864,0.023041485367,0.379,-0.015043022292,1.8,-0.663,2.909
2024-05-16 00:30:00,o,0.8,0.1,0.0,2.1087915824651544,0.010788524022,0.254,-0.005019925331,2.54,-2.081,2.767
2024-05-16 00:30:00,o,0.8,0.1,0.95,1.7439642034202467,0.020574214156,0.371,-0.012436195772,1.86,-0.753,2.441
2024-05-16 00:30:00,o,0.8,0.15,0.0,2.28147653071831,0.012797952694,0.183,-0.0048851214594,3.0,-3.126,2.307
2024-05-16 00:30:00,o,0.8,0.15,0.95,1.743932878082531,0.019976701304,0.371,-0.012075698803,1.86,-0.753,2.191
2024-05-16 00:30:00,o,0.8,0.2,0.0,2.28147653071831,0.012797952694,0.183,-0.0048851214594,3.0,-3.126,2.307
2024-05-16 00:30:00,o,0.8,0.2,0.95,1.743932878082531,0.019976701304,0.371,-0.012075698803,1.86,-0.753,2.191
2024-05-16 00:30:00,o,0.8,0.25,0.0,2.3267064918905125,0.0053462949259,0.168,-0.0021577959489,3.13,-3.422,2.156
2024-05-16 00:30:00,o,0.8,0.25,0.95,1.739105365346547,0.013071298859,0.374,-0.0077555886566,1.83,-0.707,2.078
2024-05-16 00:30:00,o,0.8,0.3,0.0,2.3267064918905125,0.0053462949259,0.168,-0.0021577959489,3.13,-3.422,2.156
2024-05-16 00:30:00,o,0.8,0.3,0.95,1.7149664815812766,0.0051709352926,0.389,-0.0031945077912,1.69,-0.513,1.99
2024-05-16 00:30:00,o,0.8,0.35,0.0,2.3267064918905125,0.0053462949259,0.168,-0.0021577959489,3.13,-3.422,2.156
2024-05-16 00:30:00,o,0.8,0.35,0.95,1.7149664815812766,0.0051709352926,0.389,-0.0031945077912,1.69,-0.513,1.99
2024-05-16 00:30:00,o,0.8,0.4,0.0,2.2977517594848726,0.0046898892439,0.178,-0.0014615438383,3.04,-3.218,2.038
2024-05-16 00:30:00,o,0.8,0.4,0.95,1.7080127605649422,0.0031418783201,0.393,-0.0024163803676,1.65,-0.463,2.039
2024-05-16 00:30:00,o,0.8,0.45,0.0,2.286766248786745,0.005771537742,0.182,-0.0015820392296,3.01,-3.149,2.012
2024-05-16 00:30:00,o,0.8,0.45,0.95,1.7080127605649422,0.0031418783201,0.393,-0.0024163803676,1.65,-0.463,2.039
2024-05-16 00:30:00,o,0.8,0.5,0.0,2.286766248786745,0.005771537742,0.182,-0.0015820392296,3.01,-3.149,2.012
2024-05-16 00:30:00,o,0.8,0.5,0.95,1.6890245652050135,0.0030948222684,0.406,-0.0020568774765,1.49,-0.285,2.012
2024-05-16 00:30:00,o,0.8,0.55,0.0,2.2309034153481013,0.0086396785393,0.202,-0.0030279228145,2.86,-2.806,1.951
2024-05-16 00:30:00,o,0.8,0.55,0.95,1.6781449255673373,0.0047922004048,0.413,-0.003672683225,1.35,-0.156,1.988
2024-05-16 00:30:00,o,0.8,0.6,0.0,2.2309034153481013,0.0086396785393,0.202,-0.0030279228145,2.86,-2.806,1.951
2024-05-16 00:30:00,o,0.8,0.6,0.95,1.6781449255673373,0.0047922004048,0.413,-0.003672683225,1.35,-0.156,1.988
2024-05-16 00:30:00,o,0.8,0.65,0.0,2.2309034153481013,0.0086396785393,0.202,-0.0030279228145,2.86,-2.806,1.951
2024-05-16 00:30:00,o,0.8,0.65,0.95,1.6499867846366483,0.0073936768663,0.419,0.0,1.13,0.002,1.946
2024-05-16 00:30:00,o,0.8,0.7,0.0,2.24749454258715,0.0078722786123,0.196,-0.002440909363,2.9,-2.898,1.994
2024-05-16 00:30:00,o,0.8,0.7,0.95,1.6538971939632334,0.0096753133978,0.419,0.0,1.13,0.002,1.996
2024-05-16 00:30:00,o,0.8,0.75,0.0,2.2670754686886623,0.0092145763993,0.188,-0.0037477905516,2.97,-3.058,2.087
2024-05-16 00:30:00,o,0.8,0.75,0.95,1.6480671294489346,0.010857680348,0.419,0.0,1.13,0.002,2.014
2024-05-16 00:30:00,o,0.8,0.8,0.0,2.2670754686886623,0.0092145763993,0.188,-0.0037477905516,2.97,-3.058,2.087
2024-05-16 00:30:00,o,0.8,0.8,0.95,1.640570870560806,0.015484888082,0.419,0.0,1.13,0.002,1.963
2024-05-16 00:30:00,o,0.8,0.85,0.0,2.2670754686886623,0.0092145763993,0.188,-0.0037477905516,2.97,-3.058,2.087
2024-05-16 00:30:00,o,0.8,0.85,0.95,1.640570870560806,0.015484888082,0.419,0.0,1.13,0.002,1.963
2024-05-16 00:30:00,o,0.8,0.9,0.0,2.22391886706919,0.013763606289,0.204,-0.0057517329196,2.85,-2.783,2.168
2024-05-16 00:30:00,o,0.8,0.9,0.95,1.657772707735521,0.020292985124,0.419,0.0,1.13,0.002,2.043
2024-05-16 00:30:00,o,0.8,0.95,0.0,2.22391886706919,0.013763606289,0.204,-0.0057517329196,2.85,-2.783,2.168
2024-05-16 00:30:00,o,0.8,0.95,0.95,1.6743834296210032,0.030269944071,0.416,-0.003,1.26,-0.086,2.153
2024-05-16 00:30:00,o,0.8,1.0,0.0,2.22391886706919,0.013763606289,0.204,-0.0057517329196,2.85,-2.783,2.168
2024-05-16 00:30:00,o,0.8,1.0,0.95,1.6780629049743452,0.033801614746,0.413,-0.006,1.35,-0.156,2.186
2024-05-16 00:30:00,o,0.8,1.05,0.0,2.187218865897024,0.019494017377,0.219,-0.0081804351372,2.75,-2.555,2.314
2024-05-16 00:30:00,o,0.8,1.05,0.95,1.68156683615273,0.036704991261,0.411,-0.008,1.38,-0.182,2.404
2024-05-16 00:30:00,o,0.8,1.1,0.0,2.045592861752904,0.026314520349,0.286,-0.014365987603,2.35,-1.667,2.718
2024-05-16 00:30:00,o,0.8,1.1,0.95,1.68156683615273,0.036704991261,0.411,-0.008,1.38,-0.182,2.404
2024-05-16 00:30:00,o,0.8,1.15,0.0,1.9456113568993707,0.023436250039,0.345,-0.015564911633,2.02,-1.018,2.874
2024-05-16 00:30:00,o,0.8,1.15,0.05,1.965577957910528,0.02385787554,0.332,-0.015548440283,2.1,-1.164,3.301
2024-05-16 00:30:00,o,0.8,1.15,0.1,2.0105755443904867,0.016676606961,0.303,-0.0098606061839,2.27,-1.5,3.195
2024-05-16 00:30:00,o,0.8,1.15,0.15,2.0268232420882746,0.011027734065,0.283,-0.0055786343295,2.38,-1.731,3.1
2024-05-16 00:30:00,o,0.8,1.15,0.2,2.046342959007022,0.0038265114827,0.265,-0.0020802629127,2.47,-1.926,2.529
2024-05-16 00:30:00,o,0.8,1.15,0.25,2.0416492379234956,-5.5237687648e-05,0.256,0.00031667118842,2.53,-2.059,2.433
2024-05-16 00:30:00,o,0.8,1.15,0.3,2.0416492379234956,-5.5237687648e-05,0.256,0.00031667118842,2.53,-2.059,2.433
2024-05-16 00:30:00,o,0.8,1.15,0.35,2.030571388689708,-0.00517844863,0.255,0.0022075645803,2.53,-2.059,2.353
2024-05-16 00:30:00,o,0.8,1.15,0.4,1.9684128954072548,-0.0099958972158,0.279,0.0047593050626,2.4,-1.774,2.352
2024-05-16 00:30:00,o,0.8,1.15,0.45,1.8509646418896417,-0.0085759272757,0.336,0.0055884802256,2.08,-1.127,2.097
2024-05-16 00:30:00,o,0.8,1.15,0.5,1.7699825529295152,-0.0055769271009,0.387,0.004093466873,1.71,-0.539,2.1
2024-05-16 00:30:00,o,0.8,1.15,0.55,1.711866255347714,-0.0052881123817,0.427,0.004120346165,0.63,0.226,2.149
2024-05-16 00:30:00,o,0.8,1.15,0.6,1.5913317829696554,0.0058033764776,0.422,0.0,0.98,0.086,2.061
2024-05-16 00:30:00,o,0.8,1.15,0.65,1.5753033334223991,0.011584993457,0.42,0.0,1.08,0.032,2.201
2024-05-16 00:30:00,o,0.8,1.15,0.7,1.6004719164660735,0.016842463417,0.419,0.0,1.13,0.002,2.252
2024-05-16 00:30:00,o,0.8,1.15,0.75,1.6004719164660735,0.016842463417,0.419,0.0,1.13,0.002,2.252
2024-05-16 00:30:00,o,0.8,1.15,0.8,1.6041504230823305,0.023715872836,0.419,0.0,1.13,0.002,2.659
2024-05-16 00:30:00,o,0.8,1.15,0.85,1.6241995617263543,0.02543093433,0.419,0.0,1.13,0.002,2.978
2024-05-16 00:30:00,o,0.8,1.15,0.9,1.6599066968043457,0.03075204017,0.419,0.0,1.13,0.002,2.974
2024-05-16 00:30:00,o,0.8,1.15,0.95,1.6755767236029404,0.033894439618,0.415,-0.004,1.29,-0.108,2.966
2024-05-16 00:30:00,o,0.85,0.05,0.0,2.091241245918968,0.028580306235,0.262,-0.014826367438,2.49,-1.97,2.986
2024-05-16 00:30:00,o,0.85,0.05,0.05,2.130243683259968,0.033340619019,0.244,-0.015556471703,2.59,-2.193,2.858
2024-05-16 00:30:00,o,0.85,0.05,0.1,2.1739696233523182,0.026868617902,0.225,-0.011167684747,2.71,-2.464,2.644
2024-05-16 00:30:00,o,0.85,0.05,0.15,2.104807933674851,0.0042306308853,0.243,-0.001741975133,2.6,-2.215,3.117
2024-05-16 00:30:00,o,0.85,0.05,0.2,2.082943266875871,0.0040407825664,0.246,-0.002097861166,2.58,-2.17,2.564
2024-05-16 00:30:00,o,0.85,0.05,0.25,2.082943266875871,0.0040407825664,0.246,-0.002097861166,2.58,-2.17,2.564
2024-05-16 00:30:00,o,0.85,0.05,0.3,2.011807190069407,-0.0080233323755,0.271,0.0040461440827,2.43,-1.839,2.405
2024-05-16 00:30:00,o,0.85,0.05,0.35,1.8840302868574113,-0.016828217845,0.332,0.01026947458,2.1,-1.164,2.345
2024-05-16 00:30:00,o,0.85,0.05,0.4,1.8840302868574113,-0.016828217845,0.332,0.01026947458,2.1,-1.164,2.345
2024-05-16 00:30:00,o,0.85,0.05,0.45,1.809391350809975,-0.018307395727,0.372,0.012961064335,1.84,-0.722,2.294
2024-05-16 00:30:00,o,0.85,0.05,0.5,1.6787186363973514,-0.015807592724,0.425,0.0,0.79,0.17,2.182
2024-05-16 00:30:00,o,0.85,0.05,0.55,1.6653558124014827,-0.018995752167,0.424,0.0,0.79,0.17,2.227
2024-05-16 00:30:00,o,0.85,0.05,0.6,1.6653558124014827,-0.018995752167,0.424,0.0,0.79,0.17,2.227
2024-05-16 00:30:00,o,0.85,0.05,0.65,1.6359961531756593,-0.01039776945,0.421,0.0,1.03,0.06,2.166
2024-05-16 00:30:00,o,0.85,0.05,0.7,1.6367686426690315,-0.0020998323596,0.419,0.0,1.13,0.002,2.287
2024-05-16 00:30:00,o,0.85,0.05,0.75,1.6367686426690315,-0.0020998323596,0.419,0.0,1.13,0.002,2.287
2024-05-16 00:30:00,o,0.85,0.05,0.8,1.6778805815115905,0.014141974938,0.414,-0.005,1.32,-0.132,2.501
2024-05-16 00:30:00,o,0.85,0.05,0.85,1.6829389016697796,0.019209715086,0.41,-0.009,1.42,-0.217,2.705
2024-05-16 00:30:00,o,0.85,0.05,0.9,1.7087012737596787,0.027034997762,0.393,-0.017957391804,1.65,-0.463,2.652
2024-05-16 00:30:00,o,0.85,0.05,0.95,1.717670503002262,0.030507323581,0.387,-0.020221572509,1.71,-0.539,2.721
2024-05-16 00:30:00,o,0.85,0.1,0.0,2.130243683259968,0.033340619019,0.244,-0.015556471703,2.59,-2.193,2.858
2024-05-16 00:30:00,o,0.85,0.1,0.95,1.7087012737596787,0.027034997762,0.393,-0.017957391804,1.65,-0.463,2.652
2024-05-16 00:30:00,o,0.85,0.15,0.0,2.2658150823911,0.024111746223,0.189,-0.0086655504351,2.96,-3.035,2.37
2024-05-16 00:30:00,o,0.85,0.15,0.95,1.7289864979027374,0.023738757724,0.38,-0.015168895395,1.78,-0.634,2.188
2024-05-16 00:30:00,o,0.85,0.2,0.0,2.28147653071831,0.012797952694,0.183,-0.0048851214594,3.0,-3.126,2.307
2024-05-16 00:30:00,o,0.85,0.2,0.95,1.7289864979027374,0.023738757724,0.38,-0.015168895395,1.78,-0.634,2.188
2024-05-16 00:30:00,o,0.85,0.25,0.0,2.3267064918905125,0.0053462949259,0.168,-0.0021577959489,3.13,-3.422,2.156
2024-05-16 00:30:00,o,0.85,0.25,0.95,1.7106926569084382,0.017836928502,0.392,-0.011388579379,1.67,-0.487,2.075
2024-05-16 00:30:00,o,0.85,0.3,0.0,2.3267064918905125,0.0053462949259,0.168,-0.0021577959489,3.13,-3.422,2.156
2024-05-16 00:30:00,o,0.85,0.3,0.95,1.6899389725101044,0.007144294829,0.405,-0.0051877192987,1.49,-0.285,2.007
2024-05-16 00:30:00,o,0.85,0.35,0.0,2.313941001998885,0.0068216585818,0.173,-0.0017779076088,3.09,-3.331,2.098
2024-05-16 00:30:00,o,0.85,0.35,0.95,1.6965660577824173,0.0033933196627,0.401,-0.0021761892786,1.56,-0.358,2.049
2024-05-16 00:30:00,o,0.85,0.4,0.0,2.2838369803634055,0.0063973917491,0.183,-0.0018139296763,3.0,-3.126,1.982
2024-05-16 00:30:00,o,0.85,0.4,0.95,1.7080127605649422,0.0031418783201,0.393,-0.0024163803676,1.65,-0.463,2.039
2024-05-16 00:30:00,o,0.85,0.45,0.0,2.286766248786745,0.005771537742,0.182,-0.0015820392296,3.01,-3.149,2.012
2024-05-16 00:30:00,o,0.85,0.45,0.95,1.7080127605649422,0.0031418783201,0.393,-0.0024163803676,1.65,-0.463,2.039
2024-05-16 00:30:00,o,0.85,0.5,0.0,2.286766248786745,0.005771537742,0.182,-0.0015820392296,3.01,-3.149,2.012
2024-05-16 00:30:00,o,0.85,0.5,0.95,1.6890245652050135,0.0030948222684,0.406,-0.0020568774765,1.49,-0.285,2.012
2024-05-16 00:30:00,o,0.85,0.55,0.0,2.286766248786745,0.005771537742,0.182,-0.0015820392296,3.01,-3.149,2.012
2024-05-16 00:30:00,o,0.85,0.55,0.95,1.6637574459391806,0.0029204161038,0.419,0.0,1.13,0.002,2.003
2024-05-16 00:30:00,o,0.85,0.6,0.0,2.2309034153481013,0.0086396785393,0.202,-0.0030279228145,2.86,-2.806,1.951
2024-05-16 00:30:00,o,0.85,0.6,0.95,1.6637574459391806,0.0029204161038,0.419,0.0,1.13,0.002,2.003
2024-05-16 00:30:00,o,0.85,0.65,0.0,2.2309034153481013,0.0086396785393,0.202,-0.0030279228145,2.86,-2.806,1.951
2024-05-16 00:30:00,o,0.85,0.65,0.95,1.630956436459433,0.0054176350484,0.419,0.0,1.13,0.002,1.962
2024-05-16 00:30:00,o,0.85,0.7,0.0,2.2294463330263286,0.010483045814,0.202,-0.0043048593347,2.86,-2.806,1.945
2024-05-16 00:30:00,o,0.85,0.7,0.95,1.6349103410017112,0.0079954013687,0.419,0.0,1.13,0.002,2.008
2024-05-16 00:30:00,o,0.85,0.75,0.0,2.2767236806043583,0.0085413402052,0.185,-0.0030605980055,2.98,-3.081,2.041
2024-05-16 00:30:00,o,0.85,0.75,0.95,1.6480671294489346,0.010857680348,0.419,0.0,1.13,0.002,2.014
2024-05-16 00:30:00,o,0.85,0.8,0.0,2.2670754686886623,0.0092145763993,0.188,-0.0037477905516,2.97,-3.058,2.087
2024-05-16 00:30:00,o,0.85,0.8,0.95,1.640570870560806,0.015484888082,0.419,0.0,1.13,0.002,1.963
2024-05-16 00:30:00,o,0.85,0.85,0.0,2.2670754686886623,0.0092145763993,0.188,-0.0037477905516,2.97,-3.058,2.087
2024-05-16 00:30:00,o,0.85,0.85,0.95,1.640570870560806,0.015484888082,0.419,0.0,1.13,0.002,1.963
2024-05-16 00:30:00,o,0.85,0.9,0.0,2.22391886706919,0.013763606289,0.204,-0.0057517329196,2.85,-2.783,2.168
2024-05-16 00:30:00,o,0.85,0.9,0.95,1.6648769198312108,0.02404778897,0.419,0.0,1.13,0.002,2.058
2024-05-16 00:30:00,o,0.85,0.95,0.0,2.22391886706919,0.013763606289,0.204,-0.0057517329196,2.85,-2.783,2.168
2024-05-16 00:30:00,o,0.85,0.95,0.95,1.6648769198312108,0.02404778897,0.419,0.0,1.13,0.002,2.058
2024-05-16 00:30:00,o,0.85,1.0,0.0,2.22391886706919,0.013763606289,0.204,-0.0057517329196,2.85,-2.783,2.168
2024-05-16 00:30:00,o,0.85,1.0,0.95,1.6743834296210032,0.030269944071,0.416,-0.003,1.26,-0.086,2.153
2024-05-16 00:30:00,o,0.85,1.05,0.0,2.1921826061165026,0.008852962065,0.217,-0.0036083320592,2.77,-2.601,2.213
2024-05-16 00:30:00,o,0.85,1.05,0.95,1.6743834296210032,0.030269944071,0.416,-0.003,1.26,-0.086,2.153
2024-05-16 00:30:00,o,0.85,1.1,0.0,1.9456113568993707,0.023436250039,0.345,-0.015564911633,2.02,-1.018,2.874
2024-05-16 00:30:00,o,0.85,1.1,0.95,1.6599066968043457,0.03075204017,0.419,0.0,1.13,0.002,2.974
2024-05-16 00:30:00,o,0.85,1.15,0.0,1.9456113568993707,0.023436250039,0.345,-0.015564911633,2.02,-1.018,2.874
2024-05-16 00:30:00,o,0.85,1.15,0.05,2.0133007868568877,0.014235525197,0.304,-0.008007265434,2.25,-1.459,2.757
2024-05-16 00:30:00,o,0.85,1.15,0.1,2.0133007868568877,0.014235525197,0.304,-0.008007265434,2.25,-1.459,2.757
2024-05-16 00:30:00,o,0.85,1.15,0.15,2.067033639842262,0.0017751903034,0.259,-0.00073727907301,2.5,-1.992,2.385
2024-05-16 00:30:00,o,0.85,1.15,0.2,2.067033639842262,0.0017751903034,0.259,-0.00073727907301,2.5,-1.992,2.385
2024-05-16 00:30:00,o,0.85,1.15,0.25,2.067033639842262,0.0017751903034,0.259,-0.00073727907301,2.5,-1.992,2.385
2024-05-16 00:30:00,o,0.85,1.15,0.3,2.030571388689708,-0.00517844863,0.255,0.0022075645803,2.53,-2.059,2.353
2024-05-16 00:30:00,o,0.85,1.15,0.35,1.9684128954072548,-0.0099958972158,0.279,0.0047593050626,2.4,-1.774,2.352
2024-05-16 00:30:00,o,0.85,1.15,0.4,1.9684128954072548,-0.0099958972158,0.279,0.0047593050626,2.4,-1.774,2.352
2024-05-16 00:30:00,o,0.85,1.15,0.45,1.8509646418896417,-0.0085759272757,0.336,0.0055884802256,2.08,-1.127,2.097
2024-05-16 00:30:00,o,0.85,1.15,0.5,1.8509646418896417,-0.0085759272757,0.336,0.0055884802256,2.08,-1.127,2.097
2024-05-16 00:30:00,o,0.85,1.15,0.55,1.742505179675837,-0.002952184891,0.398,0.001933813278,1.6,-0.403,2.087
2024-05-16 00:30:00,o,0.85,1.15,0.6,1.678226930672895,0.0027510512163,0.422,0.0,0.98,0.086,2.063
2024-05-16 00:30:00,o,0.85,1.15,0.65,1.6211555016376162,0.014473244609,0.419,0.0,1.13,0.002,2.053
2024-05-16 00:30:00,o,0.85,1.15,0.7,1.6004719164660735,0.016842463417,0.419,0.0,1.13,0.002,2.252
2024-05-16 00:30:00,o,0.85,1.15,0.75,1.6206044653897242,0.017308495223,0.419,0.0,1.13,0.002,2.349
2024-05-16 00:30:00,o,0.85,1.15,0.8,1.629766267319319,0.023374152478,0.419,0.0,1.13,0.002,2.48
2024-05-16 00:30:00,o,0.85,1.15,0.85,1.6241995617263543,0.02543093433,0.419,0.0,1.13,0.002,2.978
2024-05-16 00:30:00,o,0.85,1.15,0.9,1.6599066968043457,0.03075204017,0.419,0.0,1.13,0.002,2.974
2024-05-16 00:30:00,o,0.85,1.15,0.95,1.6730209071288962,0.034491716885,0.417,-0.002,1.23,-0.064,2.833
2024-05-16 00:30:00,o,0.9,0.05,0.0,2.130243683259968,0.033340619019,0.244,-0.015556471703,2.59,-2.193,2.858
2024-05-16 00:30:00,o,0.9,0.05,0.05,2.130243683259968,0.033340619019,0.244,-0.015556471703,2.59,-2.193,2.858
2024-05-16 00:30:00,o,0.9,0.05,0.1,2.1543691882951093,0.028003968122,0.231,-0.012852265773,2.68,-2.396,2.963
2024-05-16 00:30:00,o,0.9,0.05,0.15,2.115284252303132,0.01714259108,0.238,-0.0078668577745,2.62,-2.26,2.84
2024-05-16 00:30:00,o,0.9,0.05,0.2,2.115284252303132,0.01714259108,0.238,-0.0078668577745,2.62,-2.26,2.84
2024-05-16 00:30:00,o,0.9,0.05,0.25,2.082943266875871,0.0040407825664,0.246,-0.002097861166,2.58,-2.17,2.564
2024-05-16 00:30:00,o,0.9,0.05,0.3,1.9998827246570023,-0.0054136414738,0.276,0.0026609488329,2.41,-1.796,2.35
2024-05-16 00:30:00,o,0.9,0.05,0.35,1.809391350809975,-0.018307395727,0.372,0.012961064335,1.84,-0.722,2.294
2024-05-16 00:30:00,o,0.9,0.05,0.4,1.7807852049682986,-0.023497377777,0.389,0.016579305726,1.69,-0.513,2.368
2024-05-16 00:30:00,o,0.9,0.05,0.45,1.7807852049682986,-0.023497377777,0.389,0.016579305726,1.69,-0.513,2.368
2024-05-16 00:30:00,o,0.9,0.05,0.5,1.7106757474341858,-0.025250346512,0.426,0.019436868363,0.63,0.226,2.225
2024-05-16 00:30:00,o,0.9,0.05,0.55,1.6653558124014827,-0.018995752167,0.424,0.0,0.79,0.17,2.227
2024-05-16 00:30:00,o,0.9,0.05,0.6,1.6653558124014827,-0.018995752167,0.424,0.0,0.79,0.17,2.227
2024-05-16 00:30:00,o,0.9,0.05,0.65,1.6359961531756593,-0.01039776945,0.421,0.0,1.03,0.06,2.166
2024-05-16 00:30:00,o,0.9,0.05,0.7,1.6367686426690315,-0.0020998323596,0.419,0.0,1.13,0.002,2.287
2024-05-16 00:30:00,o,0.9,0.05,0.75,1.632892380992985,-0.0011715585789,0.419,0.0,1.13,0.002,2.282
2024-05-16 00:30:00,o,0.9,0.05,0.8,1.6415930789973523,0.0095510452721,0.419,0.0,1.13,0.002,2.626
2024-05-16 00:30:00,o,0.9,0.05,0.85,1.6829389016697796,0.019209715086,0.41,-0.009,1.42,-0.217,2.705
2024-05-16 00:30:00,o,0.9,0.05,0.9,1.7087012737596787,0.027034997762,0.393,-0.017957391804,1.65,-0.463,2.652
2024-05-16 00:30:00,o,0.9,0.05,0.95,1.717670503002262,0.030507323581,0.387,-0.020221572509,1.71,-0.539,2.721
2024-05-16 00:30:00,o,0.9,0.1,0.0,2.130243683259968,0.033340619019,0.244,-0.015556471703,2.59,-2.193,2.858
2024-05-16 00:30:00,o,0.9,0.1,0.95,1.7165375312567648,0.029008570042,0.388,-0.018974187504,1.71,-0.539,2.375
2024-05-16 00:30:00,o,0.9,0.15,0.0,2.2658150823911,0.024111746223,0.189,-0.0086655504351,2.96,-3.035,2.37
2024-05-16 00:30:00,o,0.9,0.15,0.95,1.7289864979027374,0.023738757724,0.38,-0.015168895395,1.78,-0.634,2.188
2024-05-16 00:30:00,o,0.9,0.2,0.0,2.2658150823911,0.024111746223,0.189,-0.0086655504351,2.96,-3.035,2.37
2024-05-16 00:30:00,o,0.9,0.2,0.95,1.7106926569084382,0.017836928502,0.392,-0.011388579379,1.67,-0.487,2.075
2024-05-16 00:30:00,o,0.9,0.25,0.0,2.303800623765175,0.019837148766,0.176,-0.0065596224627,3.06,-3.263,2.162
2024-05-16 00:30:00,o,0.9,0.25,0.95,1.706982203374653,0.013871087913,0.394,-0.0092174664557,1.65,-0.463,2.111
2024-05-16 00:30:00,o,0.9,0.3,0.0,2.313941001998885,0.0068216585818,0.173,-0.0017779076088,3.09,-3.331,2.098
2024-05-16 00:30:00,o,0.9,0.3,0.95,1.6899389725101044,0.007144294829,0.405,-0.0051877192987,1.49,-0.285,2.007
2024-05-16 00:30:00,o,0.9,0.35,0.0,2.313941001998885,0.0068216585818,0.173,-0.0017779076088,3.09,-3.331,2.098
2024-05-16 00:30:00,o,0.9,0.35,0.95,1.6965660577824173,0.0033933196627,0.401,-0.0021761892786,1.56,-0.358,2.049
2024-05-16 00:30:00,o,0.9,0.4,0.0,2.2838369803634055,0.0063973917491,0.183,-0.0018139296763,3.0,-3.126,1.982
2024-05-16 00:30:00,o,0.9,0.4,0.95,1.6965660577824173,0.0033933196627,0.401,-0.0021761892786,1.56,-0.358,2.049
2024-05-16 00:30:00,o,0.9,0.45,0.0,2.2838369803634055,0.0063973917491,0.183,-0.0018139296763,3.0,-3.126,1.982
2024-05-16 00:30:00,o,0.9,0.45,0.95,1.6965660577824173,0.0033933196627,0.401,-0.0021761892786,1.56,-0.358,2.049
2024-05-16 00:30:00,o,0.9,0.5,0.0,2.2838369803634055,0.0063973917491,0.183,-0.0018139296763,3.0,-3.126,1.982
2024-05-16 00:30:00,o,0.9,0.5,0.95,1.6637574459391806,0.0029204161038,0.419,0.0,1.13,0.002,2.003
2024-05-16 00:30:00,o,0.9,0.55,0.0,2.286766248786745,0.005771537742,0.182,-0.0015820392296,3.01,-3.149,2.012
2024-05-16 00:30:00,o,0.9,0.55,0.95,1.6637574459391806,0.0029204161038,0.419,0.0,1.13,0.002,2.003
2024-05-16 00:30:00,o,0.9,0.6,0.0,2.2294463330263286,0.010483045814,0.202,-0.0043048593347,2.86,-2.806,1.945
2024-05-16 00:30:00,o,0.9,0.6,0.95,1.6506668575628127,0.0024044518148,0.419,0.0,1.13,0.002,2.022
2024-05-16 00:30:00,o,0.9,0.65,0.0,2.2294463330263286,0.010483045814,0.202,-0.0043048593347,2.86,-2.806,1.945
2024-05-16 00:30:00,o,0.9,0.65,0.95,1.630956436459433,0.0054176350484,0.419,0.0,1.13,0.002,1.962
2024-05-16 00:30:00,o,0.9,0.7,0.0,2.2294463330263286,0.010483045814,0.202,-0.0043048593347,2.86,-2.806,1.945
2024-05-16 00:30:00,o,0.9,0.7,0.95,1.6349103410017112,0.0079954013687,0.419,0.0,1.13,0.002,2.008
2024-05-16 00:30:00,o,0.9,0.75,0.0,2.2767236806043583,0.0085413402052,0.185,-0.0030605980055,2.98,-3.081,2.041
2024-05-16 00:30:00,o,0.9,0.75,0.95,1.6349103410017112,0.0079954013687,0.419,0.0,1.13,0.002,2.008
2024-05-16 00:30:00,o,0.9,0.8,0.0,2.2767236806043583,0.0085413402052,0.185,-0.0030605980055,2.98,-3.081,2.041
2024-05-16 00:30:00,o,0.9,0.8,0.95,1.6196462863316512,0.016025642361,0.419,0.0,1.13,0.002,1.953
2024-05-16 00:30:00,o,0.9,0.85,0.0,2.2767236806043583,0.0085413402052,0.185,-0.0030605980055,2.98,-3.081,2.041
2024-05-16 00:30:00,o,0.9,0.85,0.95,1.6196462863316512,0.016025642361,0.419,0.0,1.13,0.002,1.953
2024-05-16 00:30:00,o,0.9,0.9,0.0,2.22391886706919,0.013763606289,0.204,-0.0057517329196,2.85,-2.783,2.168
2024-05-16 00:30:00,o,0.9,0.9,0.95,1.6648769198312108,0.02404778897,0.419,0.0,1.13,0.002,2.058
2024-05-16 00:30:00,o,0.9,0.95,0.0,2.1921826061165026,0.008852962065,0.217,-0.0036083320592,2.77,-2.601,2.213
2024-05-16 00:30:00,o,0.9,0.95,0.95,1.6724488477740933,0.024547772243,0.417,-0.002,1.23,-0.064,2.113
2024-05-16 00:30:00,o,0.9,1.0,0.0,2.1921826061165026,0.008852962065,0.217,-0.0036083320592,2.77,-2.601,2.213
2024-05-16 00:30:00,o,0.9,1.0,0.95,1.6817747298677934,0.028591170023,0.411,-0.008,1.38,-0.182,2.168
2024-05-16 00:30:00,o,0.9,1.05,0.0,2.1921826061165026,0.008852962065,0.217,-0.0036083320592,2.77,-2.601,2.213
2024-05-16 00:30:00,o,0.9,1.05,0.95,1.6817747298677934,0.028591170023,0.411,-0.008,1.38,-0.182,2.168
2024-05-16 00:30:00,o,0.9,1.1,0.0,2.0979164092373255,0.010990940332,0.259,-0.0054743095983,2.5,-1.992,2.487
2024-05-16 00:30:00,o,0.9,1.1,0.95,1.677095717250153,0.030770426007,0.414,-0.005,1.32,-0.132,2.515
2024-05-16 00:30:00,o,0.9,1.15,0.0,2.0979164092373255,0.010990940332,0.259,-0.0054743095983,2.5,-1.992,2.487
2024-05-16 00:30:00,o,0.9,1.15,0.05,2.0133007868568877,0.014235525197,0.304,-0.008007265434,2.25,-1.459,2.757
2024-05-16 00:30:00,o,0.9,1.15,0.1,2.000958731796153,0.0059908451748,0.31,-0.0032407454723,2.22,-1.398,2.995
2024-05-16 00:30:00,o,0.9,1.15,0.15,2.049167610563487,-0.0014286588691,0.27,0.00023147959636,2.44,-1.861,2.748
2024-05-16 00:30:00,o,0.9,1.15,0.2,2.049167610563487,-0.0014286588691,0.27,0.00023147959636,2.44,-1.861,2.748
2024-05-16 00:30:00,o,0.9,1.15,0.25,2.0985295138450812,-0.010082860287,0.231,0.0047738576915,2.68,-2.396,2.298
2024-05-16 00:30:00,o,0.9,1.15,0.3,2.0985295138450812,-0.010082860287,0.231,0.0047738576915,2.68,-2.396,2.298
2024-05-16 00:30:00,o,0.9,1.15,0.35,2.0230342284379588,-0.011349542804,0.256,0.0055183653866,2.53,-2.059,2.297
2024-05-16 00:30:00,o,0.9,1.15,0.4,1.9684128954072548,-0.0099958972158,0.279,0.0047593050626,2.4,-1.774,2.352
2024-05-16 00:30:00,o,0.9,1.15,0.45,1.8509646418896417,-0.0085759272757,0.336,0.0055884802256,2.08,-1.127,2.097
2024-05-16 00:30:00,o,0.9,1.15,0.5,1.8242300000097276,-0.0070765533358,0.346,0.0047797708796,2.02,-1.018,2.109
2024-05-16 00:30:00,o,0.9,1.15,0.55,1.742505179675837,-0.002952184891,0.398,0.001933813278,1.6,-0.403,2.087
2024-05-16 00:30:00,o,0.9,1.15,0.6,1.678226930672895,0.0027510512163,0.422,0.0,0.98,0.086,2.063
2024-05-16 00:30:00,o,0.9,1.15,0.65,1.6637951222194076,0.0063376848631,0.42,0.0,1.08,0.032,2.151
2024-05-16 00:30:00,o,0.9,1.15,0.7,1.643502025328,0.012291701594,0.419,0.0,1.13,0.002,2.255
2024-05-16 00:30:00,o,0.9,1.15,0.75,1.643502025328,0.012291701594,0.419,0.0,1.13,0.002,2.255
2024-05-16 00:30:00,o,0.9,1.15,0.8,1.629766267319319,0.023374152478,0.419,0.0,1.13,0.002,2.48
2024-05-16 00:30:00,o,0.9,1.15,0.85,1.6512974017118993,0.02651012642,0.419,0.0,1.13,0.002,2.793
2024-05-16 00:30:00,o,0.9,1.15,0.9,1.6649802550606256,0.031784581666,0.419,0.0,1.13,0.002,2.791
2024-05-16 00:30:00,o,0.9,1.15,0.95,1.6730209071288962,0.034491716885,0.417,-0.002,1.23,-0.064,2.833
2024-05-16 00:30:00,o,0.95,0.05,0.0,2.191445425053356,0.051956749702,0.217,-0.022574006582,2.77,-2.601,2.852
2024-05-16 00:30:00,o,0.95,0.05,0.05,2.1433052742201615,0.035356275933,0.238,-0.016218648759,2.62,-2.26,3.115
2024-05-16 00:30:00,o,0.95,0.05,0.1,2.1543691882951093,0.028003968122,0.231,-0.012852265773,2.68,-2.396,2.963
2024-05-16 00:30:00,o,0.95,0.05,0.15,2.115284252303132,0.01714259108,0.238,-0.0078668577745,2.62,-2.26,2.84
2024-05-16 00:30:00,o,0.95,0.05,0.2,2.119090852421722,0.019734845184,0.232,-0.0088601236497,2.66,-2.351,2.8
2024-05-16 00:30:00,o,0.95,0.05,0.25,2.0497644245335254,0.0042302187256,0.256,-0.0025390097034,2.53,-2.059,2.447
2024-05-16 00:30:00,o,0.95,0.05,0.3,1.9684502584916772,-0.0082252047246,0.288,0.0048573032022,2.34,-1.646,2.388
2024-05-16 00:30:00,o,0.95,0.05,0.35,1.84617004366,-0.017456121737,0.35,0.011351170925,1.99,-0.966,2.234
2024-05-16 00:30:00,o,0.95,0.05,0.4,1.7807852049682986,-0.023497377777,0.389,0.016579305726,1.69,-0.513,2.368
2024-05-16 00:30:00,o,0.95,0.05,0.45,1.7807852049682986,-0.023497377777,0.389,0.016579305726,1.69,-0.513,2.368
2024-05-16 00:30:00,o,0.95,0.05,0.5,1.7106757474341858,-0.025250346512,0.426,0.019436868363,0.63,0.226,2.225
2024-05-16 00:30:00,o,0.95,0.05,0.55,1.7106757474341858,-0.025250346512,0.426,0.019436868363,0.63,0.226,2.225
2024-05-16 00:30:00,o,0.95,0.05,0.6,1.7106757474341858,-0.025250346512,0.426,0.019436868363,0.63,0.226,2.225
2024-05-16 00:30:00,o,0.95,0.05,0.65,1.6331047079116674,-0.007932905749,0.419,0.0,1.13,0.002,2.085
2024-05-16 00:30:00,o,0.95,0.05,0.7,1.626607227604399,-0.0040951730718,0.419,0.0,1.13,0.002,2.323
2024-05-16 00:30:00,o,0.95,0.05,0.75,1.626607227604399,-0.0040951730718,0.419,0.0,1.13,0.002,2.323
2024-05-16 00:30:00,o,0.95,0.05,0.8,1.630102286418712,0.0042550153009,0.419,0.0,1.13,0.002,2.722
2024-05-16 00:30:00,o,0.95,0.05,0.85,1.6415930789973523,0.0095510452721,0.419,0.0,1.13,0.002,2.626
2024-05-16 00:30:00,o,0.95,0.05,0.9,1.7165375312567648,0.029008570042,0.388,-0.018974187504,1.71,-0.539,2.375
2024-05-16 00:30:00,o,0.95,0.05,0.95,1.7223212495828417,0.03246210002,0.384,-0.021401762271,1.75,-0.592,2.467
2024-05-16 00:30:00,o,0.95,0.1,0.0,2.130243683259968,0.033340619019,0.244,-0.015556471703,2.59,-2.193,2.858
2024-05-16 00:30:00,o,0.95,0.1,0.95,1.7165375312567648,0.029008570042,0.388,-0.018974187504,1.71,-0.539,2.375
2024-05-16 00:30:00,o,0.95,0.15,0.0,2.2658150823911,0.024111746223,0.189,-0.0086655504351,2.96,-3.035,2.37
2024-05-16 00:30:00,o,0.95,0.15,0.95,1.7106926569084382,0.017836928502,0.392,-0.011388579379,1.67,-0.487,2.075
2024-05-16 00:30:00,o,0.95,0.2,0.0,2.3023179386252677,0.027569111918,0.176,-0.0097518023327,3.06,-3.263,2.299
2024-05-16 00:30:00,o,0.95,0.2,0.95,1.706982203374653,0.013871087913,0.394,-0.0092174664557,1.65,-0.463,2.111
2024-05-16 00:30:00,o,0.95,0.25,0.0,2.303800623765175,0.019837148766,0.176,-0.0065596224627,3.06,-3.263,2.162
2024-05-16 00:30:00,o,0.95,0.25,0.95,1.706982203374653,0.013871087913,0.394,-0.0092174664557,1.65,-0.463,2.111
2024-05-16 00:30:00,o,0.95,0.3,0.0,2.303800623765175,0.019837148766,0.176,-0.0065596224627,3.06,-3.263,2.162
2024-05-16 00:30:00,o,0.95,0.3,0.95,1.6899389725101044,0.007144294829,0.405,-0.0051877192987,1.49,-0.285,2.007
2024-05-16 00:30:00,o,0.95,0.35,0.0,2.313941001998885,0.0068216585818,0.173,-0.0017779076088,3.09,-3.331,2.098
2024-05-16 00:30:00,o,0.95,0.35,0.95,1.6965660577824173,0.0033933196627,0.401,-0.0021761892786,1.56,-0.358,2.049
2024-05-16 00:30:00,o,0.95,0.4,0.0,2.2838369803634055,0.0063973917491,0.183,-0.0018139296763,3.0,-3.126,1.982
2024-05-16 00:30:00,o,0.95,0.4,0.95,1.6698745024898025,0.0015724705172,0.419,0.0,1.13,0.002,2.013
2024-05-16 00:30:00,o,0.95,0.45,0.0,2.2838369803634055,0.0063973917491,0.183,-0.0018139296763,3.0,-3.126,1.982
2024-05-16 00:30:00,o,0.95,0.45,0.95,1.6698745024898025,0.0015724705172,0.419,0.0,1.13,0.002,2.013
2024-05-16 00:30:00,o,0.95,0.5,0.0,2.198555373172088,0.0082685077139,0.214,-0.0037398436194,2.78,-2.623,1.984
2024-05-16 00:30:00,o,0.95,0.5,0.95,1.6698745024898025,0.0015724705172,0.419,0.0,1.13,0.002,2.013
2024-05-16 00:30:00,o,0.95,0.55,0.0,2.198555373172088,0.0082685077139,0.214,-0.0037398436194,2.78,-2.623,1.984
2024-05-16 00:30:00,o,0.95,0.55,0.95,1.6506668575628127,0.0024044518148,0.419,0.0,1.13,0.002,2.022
2024-05-16 00:30:00,o,0.95,0.6,0.0,2.1778134366654913,0.0088977704408,0.223,-0.0036720836171,2.73,-2.51,1.892
2024-05-16 00:30:00,o,0.95,0.6,0.95,1.6506668575628127,0.0024044518148,0.419,0.0,1.13,0.002,2.022
2024-05-16 00:30:00,o,0.95,0.65,0.0,2.2294463330263286,0.010483045814,0.202,-0.0043048593347,2.86,-2.806,1.945
2024-05-16 00:30:00,o,0.95,0.65,0.95,1.630956436459433,0.0054176350484,0.419,0.0,1.13,0.002,1.962
2024-05-16 00:30:00,o,0.95,0.7,0.0,2.2294463330263286,0.010483045814,0.202,-0.0043048593347,2.86,-2.806,1.945
2024-05-16 00:30:00,o,0.95,0.7,0.95,1.6349103410017112,0.0079954013687,0.419,0.0,1.13,0.002,2.008
2024-05-16 00:30:00,o,0.95,0.75,0.0,2.2767236806043583,0.0085413402052,0.185,-0.0030605980055,2.98,-3.081,2.041
2024-05-16 00:30:00,o,0.95,0.75,0.95,1.6136092905701205,0.0081533990967,0.419,0.0,1.13,0.002,1.996
2024-05-16 00:30:00,o,0.95,0.8,0.0,2.2767236806043583,0.0085413402052,0.185,-0.0030605980055,2.98,-3.081,2.041
2024-05-16 00:30:00,o,0.95,0.8,0.95,1.6000576277359668,0.012458898015,0.419,0.0,1.13,0.002,1.958
2024-05-16 00:30:00,o,0.95,0.85,0.0,2.271994859898756,0.0058525721425,0.187,-0.0017837125208,2.97,-3.058,1.997
2024-05-16 00:30:00,o,0.95,0.85,0.95,1.6413650274154457,0.01505546216,0.419,0.0,1.13,0.002,2.086
2024-05-16 00:30:00,o,0.95,0.9,0.0,2.271994859898756,0.0058525721425,0.187,-0.0017837125208,2.97,-3.058,1.997
2024-05-16 00:30:00,o,0.95,0.9,0.95,1.6586409058224258,0.01940351004,0.419,0.0,1.13,0.002,2.121
2024-05-16 00:30:00,o,0.95,0.95,0.0,2.2383096123066393,0.0048286834671,0.199,-0.0017468037264,2.89,-2.875,2.173
2024-05-16 00:30:00,o,0.95,0.95,0.95,1.6586409058224258,0.01940351004,0.419,0.0,1.13,0.002,2.121
2024-05-16 00:30:00,o,0.95,1.0,0.0,2.1921826061165026,0.008852962065,0.217,-0.0036083320592,2.77,-2.601,2.213
2024-05-16 00:30:00,o,0.95,1.0,0.95,1.6724488477740933,0.024547772243,0.417,-0.002,1.23,-0.064,2.113
2024-05-16 00:30:00,o,0.95,1.05,0.0,2.1921826061165026,0.008852962065,0.217,-0.0036083320592,2.77,-2.601,2.213
2024-05-16 00:30:00,o,0.95,1.05,0.95,1.6843066460716316,0.028170097453,0.409,-0.01,1.42,-0.217,2.323
2024-05-16 00:30:00,o,0.95,1.1,0.0,2.0979164092373255,0.010990940332,0.259,-0.0054743095983,2.5,-1.992,2.487
2024-05-16 00:30:00,o,0.95,1.1,0.95,1.677095717250153,0.030770426007,0.414,-0.005,1.32,-0.132,2.515
2024-05-16 00:30:00,o,0.95,1.15,0.0,2.073414054381944,0.0091245741497,0.271,-0.0049795784193,2.43,-1.839,2.76
2024-05-16 00:30:00,o,0.95,1.15,0.05,2.085800583592972,0.0065252506,0.265,-0.0033079883453,2.47,-1.926,3.141
2024-05-16 00:30:00,o,0.95,1.15,0.1,2.000958731796153,0.0059908451748,0.31,-0.0032407454723,2.22,-1.398,2.995
2024-05-16 00:30:00,o,0.95,1.15,0.15,2.049167610563487,-0.0014286588691,0.27,0.00023147959636,2.44,-1.861,2.748
2024-05-16 00:30:00,o,0.95,1.15,0.2,2.125103737163303,-0.0097265527511,0.229,0.0041375785243,2.69,-2.419,2.573
2024-05-16 00:30:00,o,0.95,1.15,0.25,2.0985295138450812,-0.010082860287,0.231,0.0047738576915,2.68,-2.396,2.298
2024-05-16 00:30:00,o,0.95,1.15,0.3,2.0985295138450812,-0.010082860287,0.231,0.0047738576915,2.68,-2.396,2.298
2024-05-16 00:30:00,o,0.95,1.15,0.35,2.0230342284379588,-0.011349542804,0.256,0.0055183653866,2.53,-2.059,2.297
2024-05-16 00:30:00,o,0.95,1.15,0.4,1.9885232844089331,-0.0093347130824,0.269,0.0051503593006,2.44,-1.861,2.245
2024-05-16 00:30:00,o,0.95,1.15,0.45,1.886276345122243,-0.0069470685317,0.313,0.0042413405336,2.21,-1.378,2.069
2024-05-16 00:30:00,o,0.95,1.15,0.5,1.8242300000097276,-0.0070765533358,0.346,0.0047797708796,2.02,-1.018,2.109
2024-05-16 00:30:00,o,0.95,1.15,0.55,1.8242300000097276,-0.0070765533358,0.346,0.0047797708796,2.02,-1.018,2.109
2024-05-16 00:30:00,o,0.95,1.15,0.6,1.678226930672895,0.0027510512163,0.422,0.0,0.98,0.086,2.063
2024-05-16 00:30:00,o,0.95,1.15,0.65,1.6637951222194076,0.0063376848631,0.42,0.0,1.08,0.032,2.151
2024-05-16 00:30:00,o,0.95,1.15,0.7,1.6637951222194076,0.0063376848631,0.42,0.0,1.08,0.032,2.151
2024-05-16 00:30:00,o,0.95,1.15,0.75,1.6802811098633006,0.0064587427103,0.412,-0.0043477119343,1.35,-0.156,2.236
2024-05-16 00:30:00,o,0.95,1.15,0.8,1.6775430811883678,0.014577593103,0.414,-0.005,1.32,-0.132,2.694
2024-05-16 00:30:00,o,0.95,1.15,0.85,1.666274557681552,0.022220208091,0.419,0.0,1.13,0.002,3.509
2024-05-16 00:30:00,o,0.95,1.15,0.9,1.677095717250153,0.030770426007,0.414,-0.005,1.32,-0.132,2.515
2024-05-16 00:30:00,o,0.95,1.15,0.95,1.677095717250153,0.030770426007,0.414,-0.005,1.32,-0.132,2.515
2024-05-16 00:30:00,o,1.0,0.05,0.0,2.191445425053356,0.051956749702,0.217,-0.022574006582,2.77,-2.601,2.852
2024-05-16 00:30:00,o,1.0,0.05,0.05,2.191445425053356,0.051956749702,0.217,-0.022574006582,2.77,-2.601,2.852
2024-05-16 00:30:00,o,1.0,0.05,0.1,2.1946613943480933,0.034520133008,0.215,-0.01457927564,2.78,-2.623,3.587
2024-05-16 00:30:00,o,1.0,0.05,0.15,2.170200088156976,0.031818434535,0.217,-0.012967003619,2.77,-2.601,3.396
2024-05-16 00:30:00,o,1.0,0.05,0.2,2.170200088156976,0.031818434535,0.217,-0.012967003619,2.77,-2.601,3.396
2024-05-16 00:30:00,o,1.0,0.05,0.25,2.0497644245335254,0.0042302187256,0.256,-0.0025390097034,2.53,-2.059,2.447
2024-05-16 00:30:00,o,1.0,0.05,0.3,1.9684502584916772,-0.0082252047246,0.288,0.0048573032022,2.34,-1.646,2.388
2024-05-16 00:30:00,o,1.0,0.05,0.35,1.9684502584916772,-0.0082252047246,0.288,0.0048573032022,2.34,-1.646,2.388
2024-05-16 00:30:00,o,1.0,0.05,0.4,1.84617004366,-0.017456121737,0.35,0.011351170925,1.99,-0.966,2.234
2024-05-16 00:30:00,o,1.0,0.05,0.45,1.7807852049682986,-0.023497377777,0.389,0.016579305726,1.69,-0.513,2.368
2024-05-16 00:30:00,o,1.0,0.05,0.5,1.7106757474341858,-0.025250346512,0.426,0.019436868363,0.63,0.226,2.225
2024-05-16 00:30:00,o,1.0,0.05,0.55,1.7097616567466056,-0.025246072548,0.424,0.01948792916,0.79,0.17,2.173
2024-05-16 00:30:00,o,1.0,0.05,0.6,1.7097616567466056,-0.025246072548,0.424,0.01948792916,0.79,0.17,2.173
2024-05-16 00:30:00,o,1.0,0.05,0.65,1.6636726623562268,-0.020337405064,0.421,0.0014537889577,1.03,0.06,2.105
2024-05-16 00:30:00,o,1.0,0.05,0.7,1.6464135295995985,-0.012932106147,0.419,0.0,1.13,0.002,2.261
2024-05-16 00:30:00,o,1.0,0.05,0.75,1.626607227604399,-0.0040951730718,0.419,0.0,1.13,0.002,2.323
2024-05-16 00:30:00,o,1.0,0.05,0.8,1.630102286418712,0.0042550153009,0.419,0.0,1.13,0.002,2.722
2024-05-16 00:30:00,o,1.0,0.05,0.85,1.630102286418712,0.0042550153009,0.419,0.0,1.13,0.002,2.722
2024-05-16 00:30:00,o,1.0,0.05,0.9,1.6938587997009293,0.021096148653,0.403,-0.014081347749,1.54,-0.336,2.438
2024-05-16 00:30:00,o,1.0,0.05,0.95,1.7363008672745524,0.02828810671,0.375,-0.01835782034,1.82,-0.692,3.136
2024-05-16 00:30:00,o,1.0,0.1,0.0,2.2076289824270967,0.054903505219,0.211,-0.022682029284,2.81,-2.692,2.742
2024-05-16 00:30:00,o,1.0,0.1,0.95,1.7053076647105698,0.018823335731,0.395,-0.012681090224,1.63,-0.438,2.42
2024-05-16 00:30:00,o,1.0,0.15,0.0,2.3023179386252677,0.027569111918,0.176,-0.0097518023327,3.06,-3.263,2.299
2024-05-16 00:30:00,o,1.0,0.15,0.95,1.6991350048910216,0.013787444236,0.399,-0.0094517366056,1.57,-0.369,2.149
2024-05-16 00:30:00,o,1.0,0.2,0.0,2.3023179386252677,0.027569111918,0.176,-0.0097518023327,3.06,-3.263,2.299
2024-05-16 00:30:00,o,1.0,0.2,0.95,1.6991350048910216,0.013787444236,0.399,-0.0094517366056,1.57,-0.369,2.149
2024-05-16 00:30:00,o,1.0,0.25,0.0,2.3023179386252677,0.027569111918,0.176,-0.0097518023327,3.06,-3.263,2.299
2024-05-16 00:30:00,o,1.0,0.25,0.95,1.706982203374653,0.013871087913,0.394,-0.0092174664557,1.65,-0.463,2.111
2024-05-16 00:30:00,o,1.0,0.3,0.0,2.303800623765175,0.019837148766,0.176,-0.0065596224627,3.06,-3.263,2.162
2024-05-16 00:30:00,o,1.0,0.3,0.95,1.6899389725101044,0.007144294829,0.405,-0.0051877192987,1.49,-0.285,2.007
2024-05-16 00:30:00,o,1.0,0.35,0.0,2.303800623765175,0.019837148766,0.176,-0.0065596224627,3.06,-3.263,2.162
2024-05-16 00:30:00,o,1.0,0.35,0.95,1.6505794792506165,0.0022389875614,0.419,0.0,1.13,0.002,1.971
2024-05-16 00:30:00,o,1.0,0.4,0.0,2.2838369803634055,0.0063973917491,0.183,-0.0018139296763,3.0,-3.126,1.982
2024-05-16 00:30:00,o,1.0,0.4,0.95,1.6698745024898025,0.0015724705172,0.419,0.0,1.13,0.002,2.013
2024-05-16 00:30:00,o,1.0,0.45,0.0,2.198555373172088,0.0082685077139,0.214,-0.0037398436194,2.78,-2.623,1.984
2024-05-16 00:30:00,o,1.0,0.45,0.95,1.6557721190881491,-0.00060401913506,0.419,0.0,1.13,0.002,2.05
2024-05-16 00:30:00,o,1.0,0.5,0.0,2.198555373172088,0.0082685077139,0.214,-0.0037398436194,2.78,-2.623,1.984
2024-05-16 00:30:00,o,1.0,0.5,0.95,1.6557721190881491,-0.00060401913506,0.419,0.0,1.13,0.002,2.05
2024-05-16 00:30:00,o,1.0,0.55,0.0,2.198555373172088,0.0082685077139,0.214,-0.0037398436194,2.78,-2.623,1.984
2024-05-16 00:30:00,o,1.0,0.55,0.95,1.6455990953524453,-0.00018657159647,0.419,0.0,1.13,0.002,2.012
2024-05-16 00:30:00,o,1.0,0.6,0.0,2.1778134366654913,0.0088977704408,0.223,-0.0036720836171,2.73,-2.51,1.892
2024-05-16 00:30:00,o,1.0,0.6,0.95,1.6506668575628127,0.0024044518148,0.419,0.0,1.13,0.002,2.022
2024-05-16 00:30:00,o,1.0,0.65,0.0,2.1778134366654913,0.0088977704408,0.223,-0.0036720836171,2.73,-2.51,1.892
2024-05-16 00:30:00,o,1.0,0.65,0.95,1.6043448736272001,0.0058169920375,0.419,0.0,1.13,0.002,1.951
2024-05-16 00:30:00,o,1.0,0.7,0.0,2.1778134366654913,0.0088977704408,0.223,-0.0036720836171,2.73,-2.51,1.892
2024-05-16 00:30:00,o,1.0,0.7,0.95,1.6136092905701205,0.0081533990967,0.419,0.0,1.13,0.002,1.996
2024-05-16 00:30:00,o,1.0,0.75,0.0,2.271994859898756,0.0058525721425,0.187,-0.0017837125208,2.97,-3.058,1.997
2024-05-16 00:30:00,o,1.0,0.75,0.95,1.6081943027540082,0.006742749707,0.419,0.0,1.13,0.002,2.015
2024-05-16 00:30:00,o,1.0,0.8,0.0,2.271994859898756,0.0058525721425,0.187,-0.0017837125208,2.97,-3.058,1.997
2024-05-16 00:30:00,o,1.0,0.8,0.95,1.6078516049476308,0.011067637982,0.419,0.0,1.13,0.002,1.985
2024-05-16 00:30:00,o,1.0,0.85,0.0,2.271994859898756,0.0058525721425,0.187,-0.0017837125208,2.97,-3.058,1.997
2024-05-16 00:30:00,o,1.0,0.85,0.95,1.6413650274154457,0.01505546216,0.419,0.0,1.13,0.002,2.086
2024-05-16 00:30:00,o,1.0,0.9,0.0,2.271994859898756,0.0058525721425,0.187,-0.0017837125208,2.97,-3.058,1.997
2024-05-16 00:30:00,o,1.0,0.9,0.95,1.6413650274154457,0.01505546216,0.419,0.0,1.13,0.002,2.086
2024-05-16 00:30:00,o,1.0,0.95,0.0,2.2383096123066393,0.0048286834671,0.199,-0.0017468037264,2.89,-2.875,2.173
2024-05-16 00:30:00,o,1.0,0.95,0.95,1.6413650274154457,0.01505546216,0.419,0.0,1.13,0.002,2.086
2024-05-16 00:30:00,o,1.0,1.0,0.0,2.2383096123066393,0.0048286834671,0.199,-0.0017468037264,2.89,-2.875,2.173
2024-05-16 00:30:00,o,1.0,1.0,0.95,1.6692796803021035,0.017672192821,0.419,0.0,1.13,0.002,2.184
2024-05-16 00:30:00,o,1.0,1.05,0.0,2.219663100737022,0.0027058933759,0.206,-0.0010848900047,2.83,-2.738,2.223
2024-05-16 00:30:00,o,1.0,1.05,0.95,1.685096533739927,0.022877183262,0.409,-0.01,1.42,-0.217,2.301
2024-05-16 00:30:00,o,1.0,1.1,0.0,2.073414054381944,0.0091245741497,0.271,-0.0049795784193,2.43,-1.839,2.76
2024-05-16 00:30:00,o,1.0,1.1,0.95,1.6889001280713436,0.023197214034,0.406,-0.013,1.49,-0.285,2.477
2024-05-16 00:30:00,o,1.0,1.15,0.0,2.073414054381944,0.0091245741497,0.271,-0.0049795784193,2.43,-1.839,2.76
2024-05-16 00:30:00,o,1.0,1.15,0.05,2.073414054381944,0.0091245741497,0.271,-0.0049795784193,2.43,-1.839,2.76
2024-05-16 00:30:00,o,1.0,1.15,0.1,2.085800583592972,0.0065252506,0.265,-0.0033079883453,2.47,-1.926,3.141
2024-05-16 00:30:00,o,1.0,1.15,0.15,2.139624099582317,-0.0075326152007,0.229,0.00322656762,2.69,-2.419,3.248
2024-05-16 00:30:00,o,1.0,1.15,0.2,2.139624099582317,-0.0075326152007,0.229,0.00322656762,2.69,-2.419,3.248
2024-05-16 00:30:00,o,1.0,1.15,0.25,2.0985295138450812,-0.010082860287,0.231,0.0047738576915,2.68,-2.396,2.298
2024-05-16 00:30:00,o,1.0,1.15,0.3,2.1191502729150855,-0.0080290621358,0.224,0.003694318775,2.71,-2.464,2.245
2024-05-16 00:30:00,o,1.0,1.15,0.35,1.9885232844089331,-0.0093347130824,0.269,0.0051503593006,2.44,-1.861,2.245
2024-05-16 00:30:00,o,1.0,1.15,0.4,1.9885232844089331,-0.0093347130824,0.269,0.0051503593006,2.44,-1.861,2.245
2024-05-16 00:30:00,o,1.0,1.15,0.45,1.886276345122243,-0.0069470685317,0.313,0.0042413405336,2.21,-1.378,2.069
2024-05-16 00:30:00,o,1.0,1.15,0.5,1.886276345122243,-0.0069470685317,0.313,0.0042413405336,2.21,-1.378,2.069
2024-05-16 00:30:00,o,1.0,1.15,0.55,1.8490998717577085,-0.0016994727102,0.332,0.0011941729233,2.1,-1.164,2.045
2024-05-16 00:30:00,o,1.0,1.15,0.6,1.744691881289,0.0012134746949,0.39,-0.00061811719554,1.69,-0.513,1.994
2024-05-16 00:30:00,o,1.0,1.15,0.65,1.6637951222194076,0.0063376848631,0.42,0.0,1.08,0.032,2.151
2024-05-16 00:30:00,o,1.0,1.15,0.7,1.6802811098633006,0.0064587427103,0.412,-0.0043477119343,1.35,-0.156,2.236
2024-05-16 00:30:00,o,1.0,1.15,0.75,1.6802811098633006,0.0064587427103,0.412,-0.0043477119343,1.35,-0.156,2.236
2024-05-16 00:30:00,o,1.0,1.15,0.8,1.6775430811883678,0.014577593103,0.414,-0.005,1.32,-0.132,2.694
2024-05-16 00:30:00,o,1.0,1.15,0.85,1.6775430811883678,0.014577593103,0.414,-0.005,1.32,-0.132,2.694
2024-05-16 00:30:00,o,1.0,1.15,0.9,1.6743282752788522,0.027434651111,0.416,-0.003,1.26,-0.086,3.426
2024-05-16 00:30:00,o,1.0,1.15,0.95,1.6912583581331113,0.028727174007,0.404,-0.015,1.52,-0.315,3.257
2024-05-16 00:30:00,o,1.05,0.05,0.0,2.2076289824270967,0.054903505219,0.211,-0.022682029284,2.81,-2.692,2.742
2024-05-16 00:30:00,o,1.05,0.05,0.05,2.2076289824270967,0.054903505219,0.211,-0.022682029284,2.81,-2.692,2.742
2024-05-16 00:30:00,o,1.05,0.05,0.1,2.1862130505591297,0.042917143435,0.218,-0.018207963145,2.75,-2.555,3.285
2024-05-16 00:30:00,o,1.05,0.05,0.15,2.1613140864699667,0.035257395979,0.219,-0.015040054082,2.75,-2.555,3.259
2024-05-16 00:30:00,o,1.05,0.05,0.2,2.18990560042853,0.033901931038,0.206,-0.013661088934,2.83,-2.738,2.975
2024-05-16 00:30:00,o,1.05,0.05,0.25,2.0996426645736785,0.011003440357,0.236,-0.0053034298647,2.64,-2.305,2.273
2024-05-16 00:30:00,o,1.05,0.05,0.3,2.0057251846357054,-0.0057945107797,0.271,0.0032625999227,2.43,-1.839,2.353
2024-05-16 00:30:00,o,1.05,0.05,0.35,2.0057251846357054,-0.0057945107797,0.271,0.0032625999227,2.43,-1.839,2.353
2024-05-16 00:30:00,o,1.05,0.05,0.4,1.9027913068525686,-0.016626762554,0.318,0.01027320912,2.18,-1.318,2.173
2024-05-16 00:30:00,o,1.05,0.05,0.45,1.7963592139841953,-0.019311492628,0.373,0.013313267608,1.84,-0.722,2.125
2024-05-16 00:30:00,o,1.05,0.05,0.5,1.7097616567466056,-0.025246072548,0.424,0.01948792916,0.79,0.17,2.173
2024-05-16 00:30:00,o,1.05,0.05,0.55,1.716328942411942,-0.028417661022,0.413,0.020480511618,1.35,-0.156,2.182
2024-05-16 00:30:00,o,1.05,0.05,0.6,1.716328942411942,-0.028417661022,0.413,0.020480511618,1.35,-0.156,2.182
2024-05-16 00:30:00,o,1.05,0.05,0.65,1.6636726623562268,-0.020337405064,0.421,0.0014537889577,1.03,0.06,2.105
2024-05-16 00:30:00,o,1.05,0.05,0.7,1.6464135295995985,-0.012932106147,0.419,0.0,1.13,0.002,2.261
2024-05-16 00:30:00,o,1.05,0.05,0.75,1.669707291076767,-0.0077992878753,0.419,0.0051928209866,1.13,0.002,2.266
2024-05-16 00:30:00,o,1.05,0.05,0.8,1.671533833044678,0.0058590520508,0.418,-0.001,1.23,-0.064,2.708
2024-05-16 00:30:00,o,1.05,0.05,0.85,1.671533833044678,0.0058590520508,0.418,-0.001,1.23,-0.064,2.708
2024-05-16 00:30:00,o,1.05,0.05,0.9,1.7400862323055037,0.019918656702,0.373,-0.012494406612,1.84,-0.722,2.942
2024-05-16 00:30:00,o,1.05,0.05,0.95,1.745059169197412,0.027846497403,0.37,-0.017391463288,1.86,-0.753,2.413
2024-05-16 00:30:00,o,1.05,0.1,0.0,2.2076289824270967,0.054903505219,0.211,-0.022682029284,2.81,-2.692,2.742
2024-05-16 00:30:00,o,1.05,0.1,0.95,1.728045201571973,0.023174319327,0.38,-0.015416380368,1.78,-0.634,2.442
2024-05-16 00:30:00,o,1.05,0.15,0.0,2.2738874861133183,0.040386262546,0.186,-0.014739139685,2.98,-3.081,2.356
2024-05-16 00:30:00,o,1.05,0.15,0.95,1.713423335653093,0.017154338908,0.39,-0.011107629547,1.69,-0.513,2.187
2024-05-16 00:30:00,o,1.05,0.2,0.0,2.2738874861133183,0.040386262546,0.186,-0.014739139685,2.98,-3.081,2.356
2024-05-16 00:30:00,o,1.05,0.2,0.95,1.713423335653093,0.017154338908,0.39,-0.011107629547,1.69,-0.513,2.187
2024-05-16 00:30:00,o,1.05,0.25,0.0,2.3023179386252677,0.027569111918,0.176,-0.0097518023327,3.06,-3.263,2.299
2024-05-16 00:30:00,o,1.05,0.25,0.95,1.6991350048910216,0.013787444236,0.399,-0.0094517366056,1.57,-0.369,2.149
2024-05-16 00:30:00,o,1.05,0.3,0.0,2.303800623765175,0.019837148766,0.176,-0.0065596224627,3.06,-3.263,2.162
2024-05-16 00:30:00,o,1.05,0.3,0.95,1.6661340593199039,0.0026498642055,0.419,0.0,1.13,0.002,2.019
2024-05-16 00:30:00,o,1.05,0.35,0.0,2.2607199589487057,0.009610025522,0.191,-0.0031984940126,2.94,-2.989,2.067
2024-05-16 00:30:00,o,1.05,0.35,0.95,1.6396458341545794,3.983074079e-05,0.419,0.0,1.13,0.002,2.002
2024-05-16 00:30:00,o,1.05,0.4,0.0,2.2283669896417373,0.0066268272198,0.203,-0.0022299638434,2.86,-2.806,1.947
2024-05-16 00:30:00,o,1.05,0.4,0.95,1.6407695459602785,-0.0019422242071,0.419,0.0,1.13,0.002,2.031
2024-05-16 00:30:00,o,1.05,0.45,0.0,2.2283669896417373,0.0066268272198,0.203,-0.0022299638434,2.86,-2.806,1.947
2024-05-16 00:30:00,o,1.05,0.45,0.95,1.6407695459602785,-0.0019422242071,0.419,0.0,1.13,0.002,2.031
2024-05-16 00:30:00,o,1.05,0.5,0.0,2.198555373172088,0.0082685077139,0.214,-0.0037398436194,2.78,-2.623,1.984
2024-05-16 00:30:00,o,1.05,0.5,0.95,1.6557721190881491,-0.00060401913506,0.419,0.0,1.13,0.002,2.05
2024-05-16 00:30:00,o,1.05,0.55,0.0,2.198555373172088,0.0082685077139,0.214,-0.0037398436194,2.78,-2.623,1.984
2024-05-16 00:30:00,o,1.05,0.55,0.95,1.6221103603612195,-0.0012113064191,0.419,0.0,1.13,0.002,2.012
2024-05-16 00:30:00,o,1.05,0.6,0.0,2.1778134366654913,0.0088977704408,0.223,-0.0036720836171,2.73,-2.51,1.892
2024-05-16 00:30:00,o,1.05,0.6,0.95,1.6221103603612195,-0.0012113064191,0.419,0.0,1.13,0.002,2.012
2024-05-16 00:30:00,o,1.05,0.65,0.0,2.1778134366654913,0.0088977704408,0.223,-0.0036720836171,2.73,-2.51,1.892
2024-05-16 00:30:00,o,1.05,0.65,0.95,1.6018645148255934,0.001185602102,0.419,0.0,1.13,0.002,1.96
2024-05-16 00:30:00,o,1.05,0.7,0.0,2.1950773108972697,0.00092942947105,0.216,-0.0001640566039,2.77,-2.601,1.861
2024-05-16 00:30:00,o,1.05,0.7,0.95,1.6081943027540082,0.006742749707,0.419,0.0,1.13,0.002,2.015
2024-05-16 00:30:00,o,1.05,0.75,0.0,2.224784191921212,-0.0018646814165,0.204,0.00065645813005,2.85,-2.783,1.91
2024-05-16 00:30:00,o,1.05,0.75,0.95,1.6081943027540082,0.006742749707,0.419,0.0,1.13,0.002,2.015
2024-05-16 00:30:00,o,1.05,0.8,0.0,2.271994859898756,0.0058525721425,0.187,-0.0017837125208,2.97,-3.058,1.997
2024-05-16 00:30:00,o,1.05,0.8,0.95,1.6078516049476308,0.011067637982,0.419,0.0,1.13,0.002,1.985
2024-05-16 00:30:00,o,1.05,0.85,0.0,2.271994859898756,0.0058525721425,0.187,-0.0017837125208,2.97,-3.058,1.997
2024-05-16 00:30:00,o,1.05,0.85,0.95,1.6413650274154457,0.01505546216,0.419,0.0,1.13,0.002,2.086
2024-05-16 00:30:00,o,1.05,0.9,0.0,2.271994859898756,0.0058525721425,0.187,-0.0017837125208,2.97,-3.058,1.997
2024-05-16 00:30:00,o,1.05,0.9,0.95,1.6413650274154457,0.01505546216,0.419,0.0,1.13,0.002,2.086
2024-05-16 00:30:00,o,1.05,0.95,0.0,2.2383096123066393,0.0048286834671,0.199,-0.0017468037264,2.89,-2.875,2.173
2024-05-16 00:30:00,o,1.05,0.95,0.95,1.6492179924562713,0.014116432052,0.419,0.0,1.13,0.002,2.12
2024-05-16 00:30:00,o,1.05,1.0,0.0,2.219663100737022,0.0027058933759,0.206,-0.0010848900047,2.83,-2.738,2.223
2024-05-16 00:30:00,o,1.05,1.0,0.95,1.6692796803021035,0.017672192821,0.419,0.0,1.13,0.002,2.184
2024-05-16 00:30:00,o,1.05,1.05,0.0,2.219663100737022,0.0027058933759,0.206,-0.0010848900047,2.83,-2.738,2.223
2024-05-16 00:30:00,o,1.05,1.05,0.95,1.687582464425827,0.021008328732,0.407,-0.012,1.45,-0.245,2.307
2024-05-16 00:30:00,o,1.05,1.1,0.0,2.119120563684648,0.0079521797729,0.249,-0.0036836775543,2.56,-2.126,2.634
2024-05-16 00:30:00,o,1.05,1.1,0.95,1.699161051880678,0.022824167348,0.399,-0.015612084584,1.57,-0.369,2.535
2024-05-16 00:30:00,o,1.05,1.15,0.0,2.119120563684648,0.0079521797729,0.249,-0.0036836775543,2.56,-2.126,2.634
2024-05-16 00:30:00,o,1.05,1.15,0.05,2.119120563684648,0.0079521797729,0.249,-0.0036836775543,2.56,-2.126,2.634
2024-05-16 00:30:00,o,1.05,1.15,0.1,2.2020494416083327,0.00046389075325,0.213,0.00024001007231,2.79,-2.646,2.643
2024-05-16 00:30:00,o,1.05,1.15,0.15,2.2069688190117236,-0.0054665023804,0.199,0.0018514976987,2.89,-2.875,3.117
2024-05-16 00:30:00,o,1.05,1.15,0.2,2.2069688190117236,-0.0054665023804,0.199,0.0018514976987,2.89,-2.875,3.117
2024-05-16 00:30:00,o,1.05,1.15,0.25,2.2069688190117236,-0.0054665023804,0.199,0.0018514976987,2.89,-2.875,3.117
2024-05-16 00:30:00,o,1.05,1.15,0.3,2.0442652999153195,-0.0057198155012,0.248,0.0028361295953,2.57,-2.148,2.18
2024-05-16 00:30:00,o,1.05,1.15,0.35,2.0442652999153195,-0.0057198155012,0.248,0.0028361295953,2.57,-2.148,2.18
2024-05-16 00:30:00,o,1.05,1.15,0.4,2.0442652999153195,-0.0057198155012,0.248,0.0028361295953,2.57,-2.148,2.18
2024-05-16 00:30:00,o,1.05,1.15,0.45,1.8490998717577085,-0.0016994727102,0.332,0.0011941729233,2.1,-1.164,2.045
2024-05-16 00:30:00,o,1.05,1.15,0.5,1.8490998717577085,-0.0016994727102,0.332,0.0011941729233,2.1,-1.164,2.045
2024-05-16 00:30:00,o,1.05,1.15,0.55,1.8490998717577085,-0.0016994727102,0.332,0.0011941729233,2.1,-1.164,2.045
2024-05-16 00:30:00,o,1.05,1.15,0.6,1.710489699751429,0.0051563556297,0.397,-0.0032855305918,1.61,-0.415,2.089
2024-05-16 00:30:00,o,1.05,1.15,0.65,1.710489699751429,0.0051563556297,0.397,-0.0032855305918,1.61,-0.415,2.089
2024-05-16 00:30:00,o,1.05,1.15,0.7,1.710489699751429,0.0051563556297,0.397,-0.0032855305918,1.61,-0.415,2.089
2024-05-16 00:30:00,o,1.05,1.15,0.75,1.6802811098633006,0.0064587427103,0.412,-0.0043477119343,1.35,-0.156,2.236
2024-05-16 00:30:00,o,1.05,1.15,0.8,1.6894598146071598,0.014763975952,0.406,-0.0097439825498,1.49,-0.285,2.636
2024-05-16 00:30:00,o,1.05,1.15,0.85,1.6894598146071598,0.014763975952,0.406,-0.0097439825498,1.49,-0.285,2.636
2024-05-16 00:30:00,o,1.05,1.15,0.9,1.7112587441706255,0.019214204556,0.391,-0.012932569068,1.67,-0.487,3.102
2024-05-16 00:30:00,o,1.05,1.15,0.95,1.7040990164169585,0.025653481134,0.396,-0.017162182765,1.61,-0.415,2.496
2024-05-16 00:30:00,o,1.1,0.05,0.0,2.1672109638903385,0.04666335436,0.227,-0.021264385602,2.7,-2.441,2.912
2024-05-16 00:30:00,o,1.1,0.05,0.05,2.1704553440877516,0.049490066202,0.226,-0.022069396805,2.7,-2.441,3.343
2024-05-16 00:30:00,o,1.1,0.05,0.1,2.1862130505591297,0.042917143435,0.218,-0.018207963145,2.75,-2.555,3.285
2024-05-16 00:30:00,o,1.1,0.05,0.15,2.1613140864699667,0.035257395979,0.219,-0.015040054082,2.75,-2.555,3.259
2024-05-16 00:30:00,o,1.1,0.05,0.2,2.114086979806074,0.013916394047,0.233,-0.006586117167,2.66,-2.351,2.54
2024-05-16 00:30:00,o,1.1,0.05,0.25,2.0211727542031044,-0.00450578883,0.264,0.0019581473116,2.48,-1.948,2.381
2024-05-16 00:30:00,o,1.1,0.05,0.3,2.0211727542031044,-0.00450578883,0.264,0.0019581473116,2.48,-1.948,2.381
2024-05-16 00:30:00,o,1.1,0.05,0.35,1.9451040581358279,-0.018131108428,0.294,0.0096449926895,2.31,-1.583,2.23
2024-05-16 00:30:00,o,1.1,0.05,0.4,1.9451040581358279,-0.018131108428,0.294,0.0096449926895,2.31,-1.583,2.23
2024-05-16 00:30:00,o,1.1,0.05,0.45,1.8885108470975809,-0.026952307117,0.318,0.016228971607,2.18,-1.318,2.274
2024-05-16 00:30:00,o,1.1,0.05,0.5,1.7947180293802423,-0.029739746892,0.364,0.01951723008,1.9,-0.816,2.148
2024-05-16 00:30:00,o,1.1,0.05,0.55,1.716328942411942,-0.028417661022,0.413,0.020480511618,1.35,-0.156,2.182
2024-05-16 00:30:00,o,1.1,0.05,0.6,1.716328942411942,-0.028417661022,0.413,0.020480511618,1.35,-0.156,2.182
2024-05-16 00:30:00,o,1.1,0.05,0.65,1.6636726623562268,-0.020337405064,0.421,0.0014537889577,1.03,0.06,2.105
2024-05-16 00:30:00,o,1.1,0.05,0.7,1.669707291076767,-0.0077992878753,0.419,0.0051928209866,1.13,0.002,2.266
2024-05-16 00:30:00,o,1.1,0.05,0.75,1.669707291076767,-0.0077992878753,0.419,0.0051928209866,1.13,0.002,2.266
2024-05-16 00:30:00,o,1.1,0.05,0.8,1.7181527845420004,0.0049059179203,0.387,-0.0029522023752,1.71,-0.539,2.445
2024-05-16 00:30:00,o,1.1,0.05,0.85,1.7089644902636059,0.011186086047,0.393,-0.007103070496,1.65,-0.463,2.978
2024-05-16 00:30:00,o,1.1,0.05,0.9,1.7400862323055037,0.019918656702,0.373,-0.012494406612,1.84,-0.722,2.942
2024-05-16 00:30:00,o,1.1,0.05,0.95,1.7524326092614742,0.024875086827,0.365,-0.015790608703,1.9,-0.816,2.946
2024-05-16 00:30:00,o,1.1,0.1,0.0,2.2076289824270967,0.054903505219,0.211,-0.022682029284,2.81,-2.692,2.742
2024-05-16 00:30:00,o,1.1,0.1,0.95,1.7400862323055037,0.019918656702,0.373,-0.012494406612,1.84,-0.722,2.942
2024-05-16 00:30:00,o,1.1,0.15,0.0,2.2738874861133183,0.040386262546,0.186,-0.014739139685,2.98,-3.081,2.356
2024-05-16 00:30:00,o,1.1,0.15,0.95,1.728045201571973,0.023174319327,0.38,-0.015416380368,1.78,-0.634,2.442
2024-05-16 00:30:00,o,1.1,0.2,0.0,2.2738874861133183,0.040386262546,0.186,-0.014739139685,2.98,-3.081,2.356
2024-05-16 00:30:00,o,1.1,0.2,0.95,1.7058380642146636,0.010514023198,0.395,-0.0067378112384,1.63,-0.438,2.09
2024-05-16 00:30:00,o,1.1,0.25,0.0,2.2525083701386266,0.019220288525,0.194,-0.0068196445898,2.93,-2.966,2.23
2024-05-16 00:30:00,o,1.1,0.25,0.95,1.6728917982848763,0.0020709785901,0.417,-0.0014290235811,1.23,-0.064,2.037
2024-05-16 00:30:00,o,1.1,0.3,0.0,2.2607199589487057,0.009610025522,0.191,-0.0031984940126,2.94,-2.989,2.067
2024-05-16 00:30:00,o,1.1,0.3,0.95,1.6728917982848763,0.0020709785901,0.417,-0.0014290235811,1.23,-0.064,2.037
2024-05-16 00:30:00,o,1.1,0.35,0.0,2.2607199589487057,0.009610025522,0.191,-0.0031984940126,2.94,-2.989,2.067
2024-05-16 00:30:00,o,1.1,0.35,0.95,1.6487014566517257,-0.0025571687671,0.419,0.0,1.13,0.002,2.044
2024-05-16 00:30:00,o,1.1,0.4,0.0,2.2607199589487057,0.009610025522,0.191,-0.0031984940126,2.94,-2.989,2.067
2024-05-16 00:30:00,o,1.1,0.4,0.95,1.6487014566517257,-0.0025571687671,0.419,0.0,1.13,0.002,2.044
2024-05-16 00:30:00,o,1.1,0.45,0.0,2.2283669896417373,0.0066268272198,0.203,-0.0022299638434,2.86,-2.806,1.947
2024-05-16 00:30:00,o,1.1,0.45,0.95,1.6407695459602785,-0.0019422242071,0.419,0.0,1.13,0.002,2.031
2024-05-16 00:30:00,o,1.1,0.5,0.0,2.2283669896417373,0.0066268272198,0.203,-0.0022299638434,2.86,-2.806,1.947
2024-05-16 00:30:00,o,1.1,0.5,0.95,1.6150236911537401,-0.0031290422248,0.419,0.0,1.13,0.002,1.993
2024-05-16 00:30:00,o,1.1,0.55,0.0,2.198555373172088,0.0082685077139,0.214,-0.0037398436194,2.78,-2.623,1.984
2024-05-16 00:30:00,o,1.1,0.55,0.95,1.6150236911537401,-0.0031290422248,0.419,0.0,1.13,0.002,1.993
2024-05-16 00:30:00,o,1.1,0.6,0.0,2.1950773108972697,0.00092942947105,0.216,-0.0001640566039,2.77,-2.601,1.861
2024-05-16 00:30:00,o,1.1,0.6,0.95,1.6221103603612195,-0.0012113064191,0.419,0.0,1.13,0.002,2.012
2024-05-16 00:30:00,o,1.1,0.65,0.0,2.1950773108972697,0.00092942947105,0.216,-0.0001640566039,2.77,-2.601,1.861
2024-05-16 00:30:00,o,1.1,0.65,0.95,1.6018645148255934,0.001185602102,0.419,0.0,1.13,0.002,1.96
2024-05-16 00:30:00,o,1.1,0.7,0.0,2.1950773108972697,0.00092942947105,0.216,-0.0001640566039,2.77,-2.601,1.861
2024-05-16 00:30:00,o,1.1,0.7,0.95,1.5961020477181131,0.0015327213224,0.419,0.0,1.13,0.002,1.996
2024-05-16 00:30:00,o,1.1,0.75,0.0,2.224784191921212,-0.0018646814165,0.204,0.00065645813005,2.85,-2.783,1.91
2024-05-16 00:30:00,o,1.1,0.75,0.95,1.5961020477181131,0.0015327213224,0.419,0.0,1.13,0.002,1.996
2024-05-16 00:30:00,o,1.1,0.8,0.0,2.224784191921212,-0.0018646814165,0.204,0.00065645813005,2.85,-2.783,1.91
2024-05-16 00:30:00,o,1.1,0.8,0.95,1.6078516049476308,0.011067637982,0.419,0.0,1.13,0.002,1.985
2024-05-16 00:30:00,o,1.1,0.85,0.0,2.224784191921212,-0.0018646814165,0.204,0.00065645813005,2.85,-2.783,1.91
2024-05-16 00:30:00,o,1.1,0.85,0.95,1.6319102834584123,0.010609341735,0.419,0.0,1.13,0.002,2.044
2024-05-16 00:30:00,o,1.1,0.9,0.0,2.271994859898756,0.0058525721425,0.187,-0.0017837125208,2.97,-3.058,1.997
2024-05-16 00:30:00,o,1.1,0.9,0.95,1.6492179924562713,0.014116432052,0.419,0.0,1.13,0.002,2.12
2024-05-16 00:30:00,o,1.1,0.95,0.0,2.219663100737022,0.0027058933759,0.206,-0.0010848900047,2.83,-2.738,2.223
2024-05-16 00:30:00,o,1.1,0.95,0.95,1.6521302556954007,0.01294269576,0.419,0.0,1.13,0.002,2.124
2024-05-16 00:30:00,o,1.1,1.0,0.0,2.219663100737022,0.0027058933759,0.206,-0.0010848900047,2.83,-2.738,2.223
2024-05-16 00:30:00,o,1.1,1.0,0.95,1.6707466732125418,0.016367957023,0.418,-0.001,1.23,-0.064,2.192
2024-05-16 00:30:00,o,1.1,1.05,0.0,2.219663100737022,0.0027058933759,0.206,-0.0010848900047,2.83,-2.738,2.223
2024-05-16 00:30:00,o,1.1,1.05,0.95,1.687582464425827,0.021008328732,0.407,-0.012,1.45,-0.245,2.307
2024-05-16 00:30:00,o,1.1,1.1,0.0,2.119120563684648,0.0079521797729,0.249,-0.0036836775543,2.56,-2.126,2.634
2024-05-16 00:30:00,o,1.1,1.1,0.95,1.7112587441706255,0.019214204556,0.391,-0.012932569068,1.67,-0.487,3.102
2024-05-16 00:30:00,o,1.1,1.15,0.0,2.098681789800739,0.0089391278145,0.259,-0.0040763839597,2.5,-1.992,2.798
2024-05-16 00:30:00,o,1.1,1.15,0.05,2.1216550305807202,0.0071708174628,0.248,-0.0031124111997,2.57,-2.148,3.24
2024-05-16 00:30:00,o,1.1,1.15,0.1,2.1600962049042502,0.0032715426699,0.23,-0.0018869498128,2.68,-2.396,3.178
2024-05-16 00:30:00,o,1.1,1.15,0.15,2.2069688190117236,-0.0054665023804,0.199,0.0018514976987,2.89,-2.875,3.117
2024-05-16 00:30:00,o,1.1,1.15,0.2,2.143636115331714,0.00049323271648,0.219,1.3937387748e-05,2.75,-2.555,2.271
2024-05-16 00:30:00,o,1.1,1.15,0.25,2.143636115331714,0.00049323271648,0.219,1.3937387748e-05,2.75,-2.555,2.271
2024-05-16 00:30:00,o,1.1,1.15,0.3,2.067327560962287,-0.00021566362838,0.241,0.00055999702835,2.61,-2.238,2.149
2024-05-16 00:30:00,o,1.1,1.15,0.35,2.067327560962287,-0.00021566362838,0.241,0.00055999702835,2.61,-2.238,2.149
2024-05-16 00:30:00,o,1.1,1.15,0.4,1.962908908425293,-0.00042077991599,0.28,5.664248731e-05,2.39,-1.752,2.058
2024-05-16 00:30:00,o,1.1,1.15,0.45,1.8490998717577085,-0.0016994727102,0.332,0.0011941729233,2.1,-1.164,2.045
2024-05-16 00:30:00,o,1.1,1.15,0.5,1.8490998717577085,-0.0016994727102,0.332,0.0011941729233,2.1,-1.164,2.045
2024-05-16 00:30:00,o,1.1,1.15,0.55,1.809943340274762,0.0039058925522,0.35,-0.0020571572723,1.99,-0.966,2.055
2024-05-16 00:30:00,o,1.1,1.15,0.6,1.7416085105003511,0.0058180525478,0.382,-0.0038089134173,1.77,-0.62,2.111
2024-05-16 00:30:00,o,1.1,1.15,0.65,1.7416085105003511,0.0058180525478,0.382,-0.0038089134173,1.77,-0.62,2.111
2024-05-16 00:30:00,o,1.1,1.15,0.7,1.710489699751429,0.0051563556297,0.397,-0.0032855305918,1.61,-0.415,2.089
2024-05-16 00:30:00,o,1.1,1.15,0.75,1.686654141095464,0.010134284016,0.408,-0.0064860718771,1.45,-0.245,2.068
2024-05-16 00:30:00,o,1.1,1.15,0.8,1.7067177823367587,0.015795531231,0.394,-0.010686394482,1.65,-0.463,3.103
2024-05-16 00:30:00,o,1.1,1.15,0.85,1.7067177823367587,0.015795531231,0.394,-0.010686394482,1.65,-0.463,3.103
2024-05-16 00:30:00,o,1.1,1.15,0.9,1.7112587441706255,0.019214204556,0.391,-0.012932569068,1.67,-0.487,3.102
2024-05-16 00:30:00,o,1.1,1.15,0.95,1.7144303568537946,0.022818482639,0.389,-0.01522301787,1.69,-0.513,3.094
2024-05-16 00:30:00,o,1.15,0.05,0.0,2.1672109638903385,0.04666335436,0.227,-0.021264385602,2.7,-2.441,2.912
2024-05-16 00:30:00,o,1.15,0.05,0.05,2.1672109638903385,0.04666335436,0.227,-0.021264385602,2.7,-2.441,2.912
2024-05-16 00:30:00,o,1.15,0.05,0.1,2.1977352951431244,0.028090246008,0.212,-0.011940926629,2.79,-2.646,2.43
2024-05-16 00:30:00,o,1.15,0.05,0.15,2.1524381807128754,0.010468192765,0.221,-0.0045422626943,2.74,-2.532,2.43
2024-05-16 00:30:00,o,1.15,0.05,0.2,2.1524381807128754,0.010468192765,0.221,-0.0045422626943,2.74,-2.532,2.43
2024-05-16 00:30:00,o,1.15,0.05,0.25,2.114086979806074,0.013916394047,0.233,-0.006586117167,2.66,-2.351,2.54
2024-05-16 00:30:00,o,1.15,0.05,0.3,1.9451040581358279,-0.018131108428,0.294,0.0096449926895,2.31,-1.583,2.23
2024-05-16 00:30:00,o,1.15,0.05,0.35,1.9451040581358279,-0.018131108428,0.294,0.0096449926895,2.31,-1.583,2.23
2024-05-16 00:30:00,o,1.15,0.05,0.4,1.8885108470975809,-0.026952307117,0.318,0.016228971607,2.18,-1.318,2.274
2024-05-16 00:30:00,o,1.15,0.05,0.45,1.8885108470975809,-0.026952307117,0.318,0.016228971607,2.18,-1.318,2.274
2024-05-16 00:30:00,o,1.15,0.05,0.5,1.7947180293802423,-0.029739746892,0.364,0.01951723008,1.9,-0.816,2.148
2024-05-16 00:30:00,o,1.15,0.05,0.55,1.7947180293802423,-0.029739746892,0.364,0.01951723008,1.9,-0.816,2.148
2024-05-16 00:30:00,o,1.15,0.05,0.6,1.7947180293802423,-0.029739746892,0.364,0.01951723008,1.9,-0.816,2.148
2024-05-16 00:30:00,o,1.15,0.05,0.65,1.697325260666783,-0.015265521046,0.401,0.010051644391,1.56,-0.358,2.018
2024-05-16 00:30:00,o,1.15,0.05,0.7,1.7218435774896603,-0.0097048987707,0.384,0.00572577259,1.75,-0.592,2.143
2024-05-16 00:30:00,o,1.15,0.05,0.75,1.702525312597332,-0.0052832342576,0.397,0.0035087050022,1.61,-0.415,2.304
2024-05-16 00:30:00,o,1.15,0.05,0.8,1.7181527845420004,0.0049059179203,0.387,-0.0029522023752,1.71,-0.539,2.445
2024-05-16 00:30:00,o,1.15,0.05,0.85,1.7181527845420004,0.0049059179203,0.387,-0.0029522023752,1.71,-0.539,2.445
2024-05-16 00:30:00,o,1.15,0.05,0.9,1.7418918692415277,0.016347746755,0.372,-0.010066445953,1.84,-0.722,2.298
2024-05-16 00:30:00,o,1.15,0.05,0.95,1.7558977126753073,0.021994590543,0.363,-0.013797379919,1.91,-0.832,2.482
2024-05-16 00:30:00,o,1.15,0.1,0.0,2.1672109638903385,0.04666335436,0.227,-0.021264385602,2.7,-2.441,2.912
2024-05-16 00:30:00,o,1.15,0.1,0.95,1.7418918692415277,0.016347746755,0.372,-0.010066445953,1.84,-0.722,2.298
2024-05-16 00:30:00,o,1.15,0.15,0.0,2.2525083701386266,0.019220288525,0.194,-0.0068196445898,2.93,-2.966,2.23
2024-05-16 00:30:00,o,1.15,0.15,0.95,1.7418918692415277,0.016347746755,0.372,-0.010066445953,1.84,-0.722,2.298
2024-05-16 00:30:00,o,1.15,0.2,0.0,2.2525083701386266,0.019220288525,0.194,-0.0068196445898,2.93,-2.966,2.23
2024-05-16 00:30:00,o,1.15,0.2,0.95,1.7283456642914943,0.011624657687,0.38,-0.0077080184105,1.78,-0.634,2.095
2024-05-16 00:30:00,o,1.15,0.25,0.0,2.2525083701386266,0.019220288525,0.194,-0.0068196445898,2.93,-2.966,2.23
2024-05-16 00:30:00,o,1.15,0.25,0.95,1.6728917982848763,0.0020709785901,0.417,-0.0014290235811,1.23,-0.064,2.037
2024-05-16 00:30:00,o,1.15,0.3,0.0,2.2645392187254343,0.0073359884702,0.189,-0.0029851661601,2.96,-3.035,2.058
2024-05-16 00:30:00,o,1.15,0.3,0.95,1.6728917982848763,0.0020709785901,0.417,-0.0014290235811,1.23,-0.064,2.037
2024-05-16 00:30:00,o,1.15,0.35,0.0,2.2607199589487057,0.009610025522,0.191,-0.0031984940126,2.94,-2.989,2.067
2024-05-16 00:30:00,o,1.15,0.35,0.95,1.6487014566517257,-0.0025571687671,0.419,0.0,1.13,0.002,2.044
2024-05-16 00:30:00,o,1.15,0.4,0.0,2.2607199589487057,0.009610025522,0.191,-0.0031984940126,2.94,-2.989,2.067
2024-05-16 00:30:00,o,1.15,0.4,0.95,1.6487014566517257,-0.0025571687671,0.419,0.0,1.13,0.002,2.044
2024-05-16 00:30:00,o,1.15,0.45,0.0,2.2283669896417373,0.0066268272198,0.203,-0.0022299638434,2.86,-2.806,1.947
2024-05-16 00:30:00,o,1.15,0.45,0.95,1.629307640073749,-0.0058744085825,0.419,0.0,1.13,0.002,2.041
2024-05-16 00:30:00,o,1.15,0.5,0.0,2.1948694024122184,0.0023883705681,0.216,-0.00084294008879,2.77,-2.601,1.923
2024-05-16 00:30:00,o,1.15,0.5,0.95,1.6095303807490144,-0.0066404424864,0.419,0.0,1.13,0.002,2.005
2024-05-16 00:30:00,o,1.15,0.55,0.0,2.1948694024122184,0.0023883705681,0.216,-0.00084294008879,2.77,-2.601,1.923
2024-05-16 00:30:00,o,1.15,0.55,0.95,1.6150236911537401,-0.0031290422248,0.419,0.0,1.13,0.002,1.993
2024-05-16 00:30:00,o,1.15,0.6,0.0,2.169818391452934,-0.0028516634208,0.226,0.0009232032244,2.7,-2.441,1.849
2024-05-16 00:30:00,o,1.15,0.6,0.95,1.6150236911537401,-0.0031290422248,0.419,0.0,1.13,0.002,1.993
2024-05-16 00:30:00,o,1.15,0.65,0.0,2.1950773108972697,0.00092942947105,0.216,-0.0001640566039,2.77,-2.601,1.861
2024-05-16 00:30:00,o,1.15,0.65,0.95,1.6018645148255934,0.001185602102,0.419,0.0,1.13,0.002,1.96
2024-05-16 00:30:00,o,1.15,0.7,0.0,2.1950773108972697,0.00092942947105,0.216,-0.0001640566039,2.77,-2.601,1.861
2024-05-16 00:30:00,o,1.15,0.7,0.95,1.5961020477181131,0.0015327213224,0.419,0.0,1.13,0.002,1.996
2024-05-16 00:30:00,o,1.15,0.75,0.0,2.224784191921212,-0.0018646814165,0.204,0.00065645813005,2.85,-2.783,1.91
2024-05-16 00:30:00,o,1.15,0.75,0.95,1.5792575532587236,-0.0009144488969,0.419,0.0,1.13,0.002,1.991
2024-05-16 00:30:00,o,1.15,0.8,0.0,2.224784191921212,-0.0018646814165,0.204,0.00065645813005,2.85,-2.783,1.91
2024-05-16 00:30:00,o,1.15,0.8,0.95,1.5777215245090208,0.0039451176439,0.419,0.0,1.13,0.002,1.971
2024-05-16 00:30:00,o,1.15,0.85,0.0,2.224784191921212,-0.0018646814165,0.204,0.00065645813005,2.85,-2.783,1.91
2024-05-16 00:30:00,o,1.15,0.85,0.95,1.6319102834584123,0.010609341735,0.419,0.0,1.13,0.002,2.044
2024-05-16 00:30:00,o,1.15,0.9,0.0,2.2013725409181655,-0.0086274330107,0.213,0.0031869843722,2.79,-2.646,1.855
2024-05-16 00:30:00,o,1.15,0.9,0.95,1.6344974225693523,0.0089997670117,0.419,0.0,1.13,0.002,2.086
2024-05-16 00:30:00,o,1.15,0.95,0.0,2.1540494723691666,-0.0017752509683,0.233,0.00067644129432,2.66,-2.351,2.249
2024-05-16 00:30:00,o,1.15,0.95,0.95,1.6344974225693523,0.0089997670117,0.419,0.0,1.13,0.002,2.086
2024-05-16 00:30:00,o,1.15,1.0,0.0,2.1540494723691666,-0.0017752509683,0.233,0.00067644129432,2.66,-2.351,2.249
2024-05-16 00:30:00,o,1.15,1.0,0.95,1.6707466732125418,0.016367957023,0.418,-0.001,1.23,-0.064,2.192
2024-05-16 00:30:00,o,1.15,1.05,0.0,2.1540494723691666,-0.0017752509683,0.233,0.00067644129432,2.66,-2.351,2.249
2024-05-16 00:30:00,o,1.15,1.05,0.95,1.6703479188425256,0.015276747235,0.419,0.0,1.13,0.002,2.247
2024-05-16 00:30:00,o,1.15,1.1,0.0,2.096916961664178,0.0020093122481,0.26,-0.00053261753104,2.5,-1.992,2.465
2024-05-16 00:30:00,o,1.15,1.1,0.95,1.6920533650340808,0.018451942614,0.404,-0.012500564243,1.52,-0.315,2.421
2024-05-16 00:30:00,o,1.15,1.15,0.0,2.098681789800739,0.0089391278145,0.259,-0.0040763839597,2.5,-1.992,2.798
2024-05-16 00:30:00,o,1.15,1.15,0.05,2.0968022946189118,0.0071338145467,0.26,-0.0031130990392,2.5,-1.992,2.633
2024-05-16 00:30:00,o,1.15,1.15,0.1,2.0968022946189118,0.0071338145467,0.26,-0.0031130990392,2.5,-1.992,2.633
2024-05-16 00:30:00,o,1.15,1.15,0.15,2.126293790693266,0.0075827612166,0.231,-0.0037526830792,2.68,-2.396,2.278
2024-05-16 00:30:00,o,1.15,1.15,0.2,2.126293790693266,0.0075827612166,0.231,-0.0037526830792,2.68,-2.396,2.278
2024-05-16 00:30:00,o,1.15,1.15,0.25,2.143636115331714,0.00049323271648,0.219,1.3937387748e-05,2.75,-2.555,2.271
2024-05-16 00:30:00,o,1.15,1.15,0.3,2.067327560962287,-0.00021566362838,0.241,0.00055999702835,2.61,-2.238,2.149
2024-05-16 00:30:00,o,1.15,1.15,0.35,1.9926683719876928,0.0055072904446,0.268,-0.0032770424205,2.46,-1.904,2.031
2024-05-16 00:30:00,o,1.15,1.15,0.4,1.9926683719876928,0.0055072904446,0.268,-0.0032770424205,2.46,-1.904,2.031
2024-05-16 00:30:00,o,1.15,1.15,0.45,1.9282216898352071,0.011530917968,0.296,-0.0062981236138,2.3,-1.562,2.065
2024-05-16 00:30:00,o,1.15,1.15,0.5,1.809943340274762,0.0039058925522,0.35,-0.0020571572723,1.99,-0.966,2.055
2024-05-16 00:30:00,o,1.15,1.15,0.55,1.809943340274762,0.0039058925522,0.35,-0.0020571572723,1.99,-0.966,2.055
2024-05-16 00:30:00,o,1.15,1.15,0.6,1.809943340274762,0.0039058925522,0.35,-0.0020571572723,1.99,-0.966,2.055
2024-05-16 00:30:00,o,1.15,1.15,0.65,1.7416085105003511,0.0058180525478,0.382,-0.0038089134173,1.77,-0.62,2.111
2024-05-16 00:30:00,o,1.15,1.15,0.7,1.704648039656864,0.011158523054,0.396,-0.0075904267259,1.61,-0.415,2.213
2024-05-16 00:30:00,o,1.15,1.15,0.75,1.6980047988112106,0.015390468494,0.4,-0.010310635739,1.57,-0.369,2.325
2024-05-16 00:30:00,o,1.15,1.15,0.8,1.700911298355967,0.01686527122,0.398,-0.011335870776,1.6,-0.403,2.555
2024-05-16 00:30:00,o,1.15,1.15,0.85,1.700911298355967,0.01686527122,0.398,-0.011335870776,1.6,-0.403,2.555
2024-05-16 00:30:00,o,1.15,1.15,0.9,1.6920533650340808,0.018451942614,0.404,-0.012500564243,1.52,-0.315,2.421
2024-05-16 00:30:00,o,1.15,1.15,0.95,1.7057183531931013,0.022221035513,0.395,-0.014709183394,1.63,-0.438,2.567
2024-05-16 00:30:00,o,1.2,0.05,0.0,2.211310136449166,0.024074338553,0.209,-0.0099931895333,2.82,-2.715,2.639
2024-05-16 00:30:00,o,1.2,0.05,0.05,2.1868942082741425,0.031941004563,0.219,-0.013704765608,2.75,-2.555,2.787
2024-05-16 00:30:00,o,1.2,0.05,0.1,2.185938589826588,0.02026404146,0.22,-0.0080583662744,2.74,-2.532,2.948
2024-05-16 00:30:00,o,1.2,0.05,0.15,2.189465046963501,0.0054440254687,0.208,-0.002634890668,2.82,-2.715,2.775
2024-05-16 00:30:00,o,1.2,0.05,0.2,2.189465046963501,0.0054440254687,0.208,-0.002634890668,2.82,-2.715,2.775
2024-05-16 00:30:00,o,1.2,0.05,0.25,2.09234161176972,-0.0048740369824,0.239,0.0023437007487,2.62,-2.26,2.163
2024-05-16 00:30:00,o,1.2,0.05,0.3,1.9319203971133188,-0.020426387111,0.295,0.010799867874,2.31,-1.583,2.168
2024-05-16 00:30:00,o,1.2,0.05,0.35,1.9319203971133188,-0.020426387111,0.295,0.010799867874,2.31,-1.583,2.168
2024-05-16 00:30:00,o,1.2,0.05,0.4,1.8885108470975809,-0.026952307117,0.318,0.016228971607,2.18,-1.318,2.274
2024-05-16 00:30:00,o,1.2,0.05,0.45,1.8885108470975809,-0.026952307117,0.318,0.016228971607,2.18,-1.318,2.274
2024-05-16 00:30:00,o,1.2,0.05,0.5,1.7947180293802423,-0.029739746892,0.364,0.01951723008,1.9,-0.816,2.148
2024-05-16 00:30:00,o,1.2,0.05,0.55,1.786964259435733,-0.023254812702,0.362,0.014691315812,1.92,-0.848,2.116
2024-05-16 00:30:00,o,1.2,0.05,0.6,1.786964259435733,-0.023254812702,0.362,0.014691315812,1.92,-0.848,2.116
2024-05-16 00:30:00,o,1.2,0.05,0.65,1.749210516538033,-0.01699405726,0.376,0.011204221199,1.81,-0.678,2.036
2024-05-16 00:30:00,o,1.2,0.05,0.7,1.7218435774896603,-0.0097048987707,0.384,0.00572577259,1.75,-0.592,2.143
2024-05-16 00:30:00,o,1.2,0.05,0.75,1.7218435774896603,-0.0097048987707,0.384,0.00572577259,1.75,-0.592,2.143
2024-05-16 00:30:00,o,1.2,0.05,0.8,1.7399756001358557,0.0093467269335,0.373,-0.005852578299,1.84,-0.722,2.366
2024-05-16 00:30:00,o,1.2,0.05,0.85,1.7399756001358557,0.0093467269335,0.373,-0.005852578299,1.84,-0.722,2.366
2024-05-16 00:30:00,o,1.2,0.05,0.9,1.7610327810233917,0.021112507543,0.36,-0.013049528315,1.93,-0.864,2.748
2024-05-16 00:30:00,o,1.2,0.05,0.95,1.7558977126753073,0.021994590543,0.363,-0.013797379919,1.91,-0.832,2.482
2024-05-16 00:30:00,o,1.2,0.1,0.0,2.211310136449166,0.024074338553,0.209,-0.0099931895333,2.82,-2.715,2.639
2024-05-16 00:30:00,o,1.2,0.1,0.95,1.7558977126753073,0.021994590543,0.363,-0.013797379919,1.91,-0.832,2.482
2024-05-16 00:30:00,o,1.2,0.15,0.0,2.2429040171373757,0.017380226241,0.197,-0.0067743745865,2.9,-2.898,2.398
2024-05-16 00:30:00,o,1.2,0.15,0.95,1.7601962294551339,0.021082945024,0.361,-0.012549997969,1.92,-0.848,2.258
2024-05-16 00:30:00,o,1.2,0.2,0.0,2.2525083701386266,0.019220288525,0.194,-0.0068196445898,2.93,-2.966,2.23
2024-05-16 00:30:00,o,1.2,0.2,0.95,1.7283456642914943,0.011624657687,0.38,-0.0077080184105,1.78,-0.634,2.095
2024-05-16 00:30:00,o,1.2,0.25,0.0,2.2645392187254343,0.0073359884702,0.189,-0.0029851661601,2.96,-3.035,2.058
2024-05-16 00:30:00,o,1.2,0.25,0.95,1.717786964832727,0.0044476531089,0.387,-0.0028923178799,1.71,-0.539,2.023
2024-05-16 00:30:00,o,1.2,0.3,0.0,2.2645392187254343,0.0073359884702,0.189,-0.0029851661601,2.96,-3.035,2.058
2024-05-16 00:30:00,o,1.2,0.3,0.95,1.6739419986340878,-0.00068953888299,0.416,0.00021160340907,1.26,-0.086,1.987
2024-05-16 00:30:00,o,1.2,0.35,0.0,2.2645392187254343,0.0073359884702,0.189,-0.0029851661601,2.96,-3.035,2.058
2024-05-16 00:30:00,o,1.2,0.35,0.95,1.629307640073749,-0.0058744085825,0.419,0.0,1.13,0.002,2.041
2024-05-16 00:30:00,o,1.2,0.4,0.0,2.2607199589487057,0.009610025522,0.191,-0.0031984940126,2.94,-2.989,2.067
2024-05-16 00:30:00,o,1.2,0.4,0.95,1.629307640073749,-0.0058744085825,0.419,0.0,1.13,0.002,2.041
2024-05-16 00:30:00,o,1.2,0.45,0.0,2.1948694024122184,0.0023883705681,0.216,-0.00084294008879,2.77,-2.601,1.923
2024-05-16 00:30:00,o,1.2,0.45,0.95,1.629307640073749,-0.0058744085825,0.419,0.0,1.13,0.002,2.041
2024-05-16 00:30:00,o,1.2,0.5,0.0,2.1948694024122184,0.0023883705681,0.216,-0.00084294008879,2.77,-2.601,1.923
2024-05-16 00:30:00,o,1.2,0.5,0.95,1.6095303807490144,-0.0066404424864,0.419,0.0,1.13,0.002,2.005
2024-05-16 00:30:00,o,1.2,0.55,0.0,2.1948694024122184,0.0023883705681,0.216,-0.00084294008879,2.77,-2.601,1.923
2024-05-16 00:30:00,o,1.2,0.55,0.95,1.6095303807490144,-0.0066404424864,0.419,0.0,1.13,0.002,2.005
2024-05-16 00:30:00,o,1.2,0.6,0.0,2.169818391452934,-0.0028516634208,0.226,0.0009232032244,2.7,-2.441,1.849
2024-05-16 00:30:00,o,1.2,0.6,0.95,1.588820532293213,-0.00059284777054,0.419,0.0,1.13,0.002,1.943
2024-05-16 00:30:00,o,1.2,0.65,0.0,2.169818391452934,-0.0028516634208,0.226,0.0009232032244,2.7,-2.441,1.849
2024-05-16 00:30:00,o,1.2,0.65,0.95,1.5752571417097516,-0.0013260558424,0.419,0.0,1.13,0.002,1.956
2024-05-16 00:30:00,o,1.2,0.7,0.0,2.169818391452934,-0.0028516634208,0.226,0.0009232032244,2.7,-2.441,1.849
2024-05-16 00:30:00,o,1.2,0.7,0.95,1.5792575532587236,-0.0009144488969,0.419,0.0,1.13,0.002,1.991
2024-05-16 00:30:00,o,1.2,0.75,0.0,2.224784191921212,-0.0018646814165,0.204,0.00065645813005,2.85,-2.783,1.91
2024-05-16 00:30:00,o,1.2,0.75,0.95,1.5792575532587236,-0.0009144488969,0.419,0.0,1.13,0.002,1.991
2024-05-16 00:30:00,o,1.2,0.8,0.0,2.2013725409181655,-0.0086274330107,0.213,0.0031869843722,2.79,-2.646,1.855
2024-05-16 00:30:00,o,1.2,0.8,0.95,1.5875762791806778,0.00010104179701,0.419,0.0,1.13,0.002,2.001
2024-05-16 00:30:00,o,1.2,0.85,0.0,2.2013725409181655,-0.0086274330107,0.213,0.0031869843722,2.79,-2.646,1.855
2024-05-16 00:30:00,o,1.2,0.85,0.95,1.6127626711063308,0.0037448582833,0.419,0.0,1.13,0.002,2.052
2024-05-16 00:30:00,o,1.2,0.9,0.0,2.2013725409181655,-0.0086274330107,0.213,0.0031869843722,2.79,-2.646,1.855
2024-05-16 00:30:00,o,1.2,0.9,0.95,1.6127626711063308,0.0037448582833,0.419,0.0,1.13,0.002,2.052
2024-05-16 00:30:00,o,1.2,0.95,0.0,2.150341897520264,-0.0070816248091,0.235,0.0033741408521,2.65,-2.328,1.971
2024-05-16 00:30:00,o,1.2,0.95,0.95,1.6344974225693523,0.0089997670117,0.419,0.0,1.13,0.002,2.086
2024-05-16 00:30:00,o,1.2,1.0,0.0,2.1540494723691666,-0.0017752509683,0.233,0.00067644129432,2.66,-2.351,2.249
2024-05-16 00:30:00,o,1.2,1.0,0.95,1.6703479188425256,0.015276747235,0.419,0.0,1.13,0.002,2.247
2024-05-16 00:30:00,o,1.2,1.05,0.0,2.1540494723691666,-0.0017752509683,0.233,0.00067644129432,2.66,-2.351,2.249
2024-05-16 00:30:00,o,1.2,1.05,0.95,1.6705705245660778,0.015057528208,0.419,0.0,1.13,0.002,2.292
2024-05-16 00:30:00,o,1.2,1.1,0.0,2.096916961664178,0.0020093122481,0.26,-0.00053261753104,2.5,-1.992,2.465
2024-05-16 00:30:00,o,1.2,1.1,0.95,1.6922739422554933,0.019409815146,0.404,-0.01301104048,1.52,-0.315,2.497
2024-05-16 00:30:00,o,1.2,1.15,0.0,2.096916961664178,0.0020093122481,0.26,-0.00053261753104,2.5,-1.992,2.465
2024-05-16 00:30:00,o,1.2,1.15,0.05,2.0968022946189118,0.0071338145467,0.26,-0.0031130990392,2.5,-1.992,2.633
2024-05-16 00:30:00,o,1.2,1.15,0.1,2.0606751809199566,0.011127684767,0.278,-0.0057403182609,2.4,-1.774,2.579
2024-05-16 00:30:00,o,1.2,1.15,0.15,2.0766368032989915,0.017584843857,0.258,-0.0090117433647,2.52,-2.037,2.4
2024-05-16 00:30:00,o,1.2,1.15,0.2,2.0766368032989915,0.017584843857,0.258,-0.0090117433647,2.52,-2.037,2.4
2024-05-16 00:30:00,o,1.2,1.15,0.25,2.0753315855223997,0.01138306785,0.25,-0.0051880356329,2.56,-2.126,1.958
2024-05-16 00:30:00,o,1.2,1.15,0.3,2.001235978838992,0.010999270757,0.27,-0.005467214556,2.44,-1.861,1.929
2024-05-16 00:30:00,o,1.2,1.15,0.35,1.9282216898352071,0.011530917968,0.296,-0.0062981236138,2.3,-1.562,2.065
2024-05-16 00:30:00,o,1.2,1.15,0.4,1.9282216898352071,0.011530917968,0.296,-0.0062981236138,2.3,-1.562,2.065
2024-05-16 00:30:00,o,1.2,1.15,0.45,1.9282216898352071,0.011530917968,0.296,-0.0062981236138,2.3,-1.562,2.065
2024-05-16 00:30:00,o,1.2,1.15,0.5,1.841515888422295,0.010241358206,0.335,-0.0067585171306,2.09,-1.146,2.019
2024-05-16 00:30:00,o,1.2,1.15,0.55,1.841515888422295,0.010241358206,0.335,-0.0067585171306,2.09,-1.146,2.019
2024-05-16 00:30:00,o,1.2,1.15,0.6,1.809943340274762,0.0039058925522,0.35,-0.0020571572723,1.99,-0.966,2.055
2024-05-16 00:30:00,o,1.2,1.15,0.65,1.704648039656864,0.011158523054,0.396,-0.0075904267259,1.61,-0.415,2.213
2024-05-16 00:30:00,o,1.2,1.15,0.7,1.683587317572767,0.018372301119,0.41,-0.009,1.42,-0.217,2.188
2024-05-16 00:30:00,o,1.2,1.15,0.75,1.683587317572767,0.018372301119,0.41,-0.009,1.42,-0.217,2.188
2024-05-16 00:30:00,o,1.2,1.15,0.8,1.6725688581536418,0.019009047693,0.417,-0.002,1.23,-0.064,2.229
2024-05-16 00:30:00,o,1.2,1.15,0.85,1.6897349513647195,0.019470539094,0.405,-0.013815985221,1.49,-0.285,2.446
2024-05-16 00:30:00,o,1.2,1.15,0.9,1.6944911268170848,0.022143852196,0.402,-0.015369263171,1.54,-0.336,2.794
2024-05-16 00:30:00,o,1.2,1.15,0.95,1.7057183531931013,0.022221035513,0.395,-0.014709183394,1.63,-0.438,2.567
2024-05-16 00:30:00,o,1.25,0.05,0.0,2.197374300467348,0.01762149357,0.215,-0.0070977524514,2.78,-2.623,2.837
2024-05-16 00:30:00,o,1.25,0.05,0.05,2.204315371213652,0.018141922835,0.212,-0.0074312825629,2.79,-2.646,2.913
2024-05-16 00:30:00,o,1.25,0.05,0.1,2.185938589826588,0.02026404146,0.22,-0.0080583662744,2.74,-2.532,2.948
2024-05-16 00:30:00,o,1.25,0.05,0.15,2.189465046963501,0.0054440254687,0.208,-0.002634890668,2.82,-2.715,2.775
2024-05-16 00:30:00,o,1.25,0.05,0.2,2.2205996613137122,-0.010854636789,0.192,0.0042132997767,2.94,-2.989,2.558
2024-05-16 00:30:00,o,1.25,0.05,0.25,2.1740278089621565,-0.014982185207,0.206,0.0059007998616,2.83,-2.738,2.393
2024-05-16 00:30:00,o,1.25,0.05,0.3,2.0860998881663306,-0.015770859635,0.231,0.0065985686616,2.68,-2.396,2.21
2024-05-16 00:30:00,o,1.25,0.05,0.35,2.0201664694883474,-0.017431321848,0.26,0.0085627110355,2.5,-1.992,2.194
2024-05-16 00:30:00,o,1.25,0.05,0.4,2.0201664694883474,-0.017431321848,0.26,0.0085627110355,2.5,-1.992,2.194
2024-05-16 00:30:00,o,1.25,0.05,0.45,1.9319203971133188,-0.020426387111,0.295,0.010799867874,2.31,-1.583,2.168
2024-05-16 00:30:00,o,1.25,0.05,0.5,1.8199977335107764,-0.013111112885,0.344,0.0082116918569,2.03,-1.036,2.07
2024-05-16 00:30:00,o,1.25,0.05,0.55,1.786964259435733,-0.023254812702,0.362,0.014691315812,1.92,-0.848,2.116
2024-05-16 00:30:00,o,1.25,0.05,0.6,1.786964259435733,-0.023254812702,0.362,0.014691315812,1.92,-0.848,2.116
2024-05-16 00:30:00,o,1.25,0.05,0.65,1.749210516538033,-0.01699405726,0.376,0.011204221199,1.81,-0.678,2.036
2024-05-16 00:30:00,o,1.25,0.05,0.7,1.7519177554808023,-0.012243426756,0.366,0.0077158386147,1.88,-0.784,2.124
2024-05-16 00:30:00,o,1.25,0.05,0.75,1.7519177554808023,-0.012243426756,0.366,0.0077158386147,1.88,-0.784,2.124
2024-05-16 00:30:00,o,1.25,0.05,0.8,1.777991979872234,0.0046371192055,0.35,-0.0028933028129,1.99,-0.966,2.249
2024-05-16 00:30:00,o,1.25,0.05,0.85,1.7599925000548677,0.014839604978,0.361,-0.0088206477548,1.92,-0.848,2.726
2024-05-16 00:30:00,o,1.25,0.05,0.9,1.7610327810233917,0.021112507543,0.36,-0.013049528315,1.93,-0.864,2.748
2024-05-16 00:30:00,o,1.25,0.05,0.95,1.7751442322743494,0.024165542184,0.352,-0.014258607277,1.98,-0.948,2.648
2024-05-16 00:30:00,o,1.25,0.1,0.0,2.211310136449166,0.024074338553,0.209,-0.0099931895333,2.82,-2.715,2.639
2024-05-16 00:30:00,o,1.25,0.1,0.95,1.7751442322743494,0.024165542184,0.352,-0.014258607277,1.98,-0.948,2.648
2024-05-16 00:30:00,o,1.25,0.15,0.0,2.2429040171373757,0.017380226241,0.197,-0.0067743745865,2.9,-2.898,2.398
2024-05-16 00:30:00,o,1.25,0.15,0.95,1.7601962294551339,0.021082945024,0.361,-0.012549997969,1.92,-0.848,2.258
2024-05-16 00:30:00,o,1.25,0.2,0.0,2.2429040171373757,0.017380226241,0.197,-0.0067743745865,2.9,-2.898,2.398
2024-05-16 00:30:00,o,1.25,0.2,0.95,1.748691826488454,0.015566816012,0.368,-0.0092847770724,1.87,-0.768,2.131
2024-05-16 00:30:00,o,1.25,0.25,0.0,2.2645392187254343,0.0073359884702,0.189,-0.0029851661601,2.96,-3.035,2.058
2024-05-16 00:30:00,o,1.25,0.25,0.95,1.7338710625983047,0.0080818990211,0.377,-0.0049109418407,1.81,-0.678,2.071
2024-05-16 00:30:00,o,1.25,0.3,0.0,2.2645392187254343,0.0073359884702,0.189,-0.0029851661601,2.96,-3.035,2.058
2024-05-16 00:30:00,o,1.25,0.3,0.95,1.6995081958837368,0.0040265193935,0.399,-0.0026326169266,1.57,-0.369,2.009
2024-05-16 00:30:00,o,1.25,0.35,0.0,2.2519082019892105,-0.0029732620855,0.194,0.0011744664241,2.93,-2.966,2.06
2024-05-16 00:30:00,o,1.25,0.35,0.95,1.6332360963830095,-0.0050734153189,0.419,0.0,1.13,0.002,2.03
2024-05-16 00:30:00,o,1.25,0.4,0.0,2.2519082019892105,-0.0029732620855,0.194,0.0011744664241,2.93,-2.966,2.06
2024-05-16 00:30:00,o,1.25,0.4,0.95,1.6332360963830095,-0.0050734153189,0.419,0.0,1.13,0.002,2.03
2024-05-16 00:30:00,o,1.25,0.45,0.0,2.2023248128295485,-0.0020448173867,0.213,0.00095287921202,2.79,-2.646,1.944
2024-05-16 00:30:00,o,1.25,0.45,0.95,1.629307640073749,-0.0058744085825,0.419,0.0,1.13,0.002,2.041
2024-05-16 00:30:00,o,1.25,0.5,0.0,2.1948694024122184,0.0023883705681,0.216,-0.00084294008879,2.77,-2.601,1.923
2024-05-16 00:30:00,o,1.25,0.5,0.95,1.6095303807490144,-0.0066404424864,0.419,0.0,1.13,0.002,2.005
2024-05-16 00:30:00,o,1.25,0.55,0.0,2.1948694024122184,0.0023883705681,0.216,-0.00084294008879,2.77,-2.601,1.923
2024-05-16 00:30:00,o,1.25,0.55,0.95,1.587273083237934,-0.0074950302096,0.419,0.0,1.13,0.002,1.982
2024-05-16 00:30:00,o,1.25,0.6,0.0,2.169818391452934,-0.0028516634208,0.226,0.0009232032244,2.7,-2.441,1.849
2024-05-16 00:30:00,o,1.25,0.6,0.95,1.587273083237934,-0.0074950302096,0.419,0.0,1.13,0.002,1.982
2024-05-16 00:30:00,o,1.25,0.65,0.0,2.169818391452934,-0.0028516634208,0.226,0.0009232032244,2.7,-2.441,1.849
2024-05-16 00:30:00,o,1.25,0.65,0.95,1.587273083237934,-0.0074950302096,0.419,0.0,1.13,0.002,1.982
2024-05-16 00:30:00,o,1.25,0.7,0.0,2.1604235086248904,-0.0086128256142,0.23,0.003379365175,2.68,-2.396,1.856
2024-05-16 00:30:00,o,1.25,0.7,0.95,1.579520654584645,-0.0045277339006,0.419,0.0,1.13,0.002,2.016
2024-05-16 00:30:00,o,1.25,0.75,0.0,2.166575150492316,-0.012223440594,0.228,0.0055032089601,2.69,-2.419,1.851
2024-05-16 00:30:00,o,1.25,0.75,0.95,1.579520654584645,-0.0045277339006,0.419,0.0,1.13,0.002,2.016
2024-05-16 00:30:00,o,1.25,0.8,0.0,2.2013725409181655,-0.0086274330107,0.213,0.0031869843722,2.79,-2.646,1.855
2024-05-16 00:30:00,o,1.25,0.8,0.95,1.5875762791806778,0.00010104179701,0.419,0.0,1.13,0.002,2.001
2024-05-16 00:30:00,o,1.25,0.85,0.0,2.2013725409181655,-0.0086274330107,0.213,0.0031869843722,2.79,-2.646,1.855
2024-05-16 00:30:00,o,1.25,0.85,0.95,1.6127626711063308,0.0037448582833,0.419,0.0,1.13,0.002,2.052
2024-05-16 00:30:00,o,1.25,0.9,0.0,2.2013725409181655,-0.0086274330107,0.213,0.0031869843722,2.79,-2.646,1.855
2024-05-16 00:30:00,o,1.25,0.9,0.95,1.6127626711063308,0.0037448582833,0.419,0.0,1.13,0.002,2.052
2024-05-16 00:30:00,o,1.25,0.95,0.0,2.150341897520264,-0.0070816248091,0.235,0.0033741408521,2.65,-2.328,1.971
2024-05-16 00:30:00,o,1.25,0.95,0.95,1.6259808733116698,0.0072426400374,0.419,0.0,1.13,0.002,2.074
2024-05-16 00:30:00,o,1.25,1.0,0.0,2.150341897520264,-0.0070816248091,0.235,0.0033741408521,2.65,-2.328,1.971
2024-05-16 00:30:00,o,1.25,1.0,0.95,1.650987094383445,0.011689903134,0.419,0.0,1.13,0.002,2.177
2024-05-16 00:30:00,o,1.25,1.05,0.0,2.1540494723691666,-0.0017752509683,0.233,0.00067644129432,2.66,-2.351,2.249
2024-05-16 00:30:00,o,1.25,1.05,0.95,1.6705705245660778,0.015057528208,0.419,0.0,1.13,0.002,2.292
2024-05-16 00:30:00,o,1.25,1.1,0.0,2.096916961664178,0.0020093122481,0.26,-0.00053261753104,2.5,-1.992,2.465
2024-05-16 00:30:00,o,1.25,1.1,0.95,1.6944911268170848,0.022143852196,0.402,-0.015369263171,1.54,-0.336,2.794
2024-05-16 00:30:00,o,1.25,1.15,0.0,2.0588585849384953,-0.0050412019368,0.279,0.0028180295451,2.4,-1.774,2.479
2024-05-16 00:30:00,o,1.25,1.15,0.05,2.0604560787542137,-0.0010830997781,0.278,0.00058884188963,2.4,-1.774,2.502
2024-05-16 00:30:00,o,1.25,1.15,0.1,2.0599040558844055,0.0080379468551,0.278,-0.0045054041185,2.4,-1.774,2.495
2024-05-16 00:30:00,o,1.25,1.15,0.15,2.06659052206578,0.024649393052,0.258,-0.011865257633,2.52,-2.037,2.102
2024-05-16 00:30:00,o,1.25,1.15,0.2,2.06659052206578,0.024649393052,0.258,-0.011865257633,2.52,-2.037,2.102
2024-05-16 00:30:00,o,1.25,1.15,0.25,2.0505382854164718,0.020173380694,0.259,-0.01030917788,2.5,-1.992,1.974
2024-05-16 00:30:00,o,1.25,1.15,0.3,1.9414319206455497,0.016827035807,0.295,-0.0091515174433,2.31,-1.583,2.004
2024-05-16 00:30:00,o,1.25,1.15,0.35,1.9414319206455497,0.016827035807,0.295,-0.0091515174433,2.31,-1.583,2.004
2024-05-16 00:30:00,o,1.25,1.15,0.4,1.9414319206455497,0.016827035807,0.295,-0.0091515174433,2.31,-1.583,2.004
2024-05-16 00:30:00,o,1.25,1.15,0.45,1.9282216898352071,0.011530917968,0.296,-0.0062981236138,2.3,-1.562,2.065
2024-05-16 00:30:00,o,1.25,1.15,0.5,1.841515888422295,0.010241358206,0.335,-0.0067585171306,2.09,-1.146,2.019
2024-05-16 00:30:00,o,1.25,1.15,0.55,1.7828164836315208,0.015883389794,0.367,-0.011066076929,1.88,-0.784,2.049
2024-05-16 00:30:00,o,1.25,1.15,0.6,1.7828164836315208,0.015883389794,0.367,-0.011066076929,1.88,-0.784,2.049
2024-05-16 00:30:00,o,1.25,1.15,0.65,1.7170294040848775,0.019555948308,0.399,-0.013971221701,1.57,-0.369,2.0
2024-05-16 00:30:00,o,1.25,1.15,0.7,1.6812502850830469,0.024376223466,0.411,-0.008,1.38,-0.182,2.172
2024-05-16 00:30:00,o,1.25,1.15,0.75,1.6812502850830469,0.024376223466,0.411,-0.008,1.38,-0.182,2.172
2024-05-16 00:30:00,o,1.25,1.15,0.8,1.671561589107058,0.025658128749,0.418,-0.001,1.23,-0.064,2.237
2024-05-16 00:30:00,o,1.25,1.15,0.85,1.6907983566019609,0.023915497369,0.405,-0.014,1.49,-0.285,2.795
2024-05-16 00:30:00,o,1.25,1.15,0.9,1.6944911268170848,0.022143852196,0.402,-0.015369263171,1.54,-0.336,2.794
2024-05-16 00:30:00,o,1.25,1.15,0.95,1.7036953850089491,0.023223892525,0.396,-0.015773916953,1.61,-0.415,2.818
2024-05-16 00:30:00,o,1.3,0.05,0.0,2.197374300467348,0.01762149357,0.215,-0.0070977524514,2.78,-2.623,2.837
2024-05-16 00:30:00,o,1.3,0.05,0.05,2.1999772028959104,0.012154836778,0.214,-0.004751674693,2.78,-2.623,3.34
2024-05-16 00:30:00,o,1.3,0.05,0.1,2.221789681550098,0.0059037187989,0.205,-0.0025026328358,2.85,-2.783,3.536
2024-05-16 00:30:00,o,1.3,0.05,0.15,2.24748471708686,-0.0095190976842,0.187,0.0034074338206,2.97,-3.058,3.268
2024-05-16 00:30:00,o,1.3,0.05,0.2,2.24748471708686,-0.0095190976842,0.187,0.0034074338206,2.97,-3.058,3.268
2024-05-16 00:30:00,o,1.3,0.05,0.25,2.1740278089621565,-0.014982185207,0.206,0.0059007998616,2.83,-2.738,2.393
2024-05-16 00:30:00,o,1.3,0.05,0.3,2.0860998881663306,-0.015770859635,0.231,0.0065985686616,2.68,-2.396,2.21
2024-05-16 00:30:00,o,1.3,0.05,0.35,2.0860998881663306,-0.015770859635,0.231,0.0065985686616,2.68,-2.396,2.21
2024-05-16 00:30:00,o,1.3,0.05,0.4,2.0506387861247677,-0.0063765295828,0.242,0.0024534722017,2.61,-2.238,2.175
2024-05-16 00:30:00,o,1.3,0.05,0.45,1.9566101868358445,-0.0021877414469,0.281,0.00077508142726,2.39,-1.752,2.125
2024-05-16 00:30:00,o,1.3,0.05,0.5,1.8199977335107764,-0.013111112885,0.344,0.0082116918569,2.03,-1.036,2.07
2024-05-16 00:30:00,o,1.3,0.05,0.55,1.8199977335107764,-0.013111112885,0.344,0.0082116918569,2.03,-1.036,2.07
2024-05-16 00:30:00,o,1.3,0.05,0.6,1.786964259435733,-0.023254812702,0.362,0.014691315812,1.92,-0.848,2.116
2024-05-16 00:30:00,o,1.3,0.05,0.65,1.749210516538033,-0.01699405726,0.376,0.011204221199,1.81,-0.678,2.036
2024-05-16 00:30:00,o,1.3,0.05,0.7,1.7519177554808023,-0.012243426756,0.366,0.0077158386147,1.88,-0.784,2.124
2024-05-16 00:30:00,o,1.3,0.05,0.75,1.7791562023130083,-0.00077201514808,0.35,0.00093947724268,1.99,-0.966,2.193
2024-05-16 00:30:00,o,1.3,0.05,0.8,1.777991979872234,0.0046371192055,0.35,-0.0028933028129,1.99,-0.966,2.249
2024-05-16 00:30:00,o,1.3,0.05,0.85,1.8003045775561985,0.012468774118,0.337,-0.0075049018837,2.07,-1.109,2.674
2024-05-16 00:30:00,o,1.3,0.05,0.9,1.7900457785824924,0.02387096627,0.343,-0.014127938212,2.04,-1.054,3.321
2024-05-16 00:30:00,o,1.3,0.05,0.95,1.8174463684679543,0.033257163087,0.328,-0.018598300516,2.12,-1.202,3.129
2024-05-16 00:30:00,o,1.3,0.1,0.0,2.198629599092019,0.012657045957,0.214,-0.0055142264788,2.78,-2.623,2.72
2024-05-16 00:30:00,o,1.3,0.1,0.95,1.8125992147370982,0.02490500675,0.331,-0.013585950993,2.11,-1.183,2.432
2024-05-16 00:30:00,o,1.3,0.15,0.0,2.250537099639915,0.0080776683146,0.194,-0.0033845979438,2.93,-2.966,2.405
2024-05-16 00:30:00,o,1.3,0.15,0.95,1.8125992147370982,0.02490500675,0.331,-0.013585950993,2.11,-1.183,2.432
2024-05-16 00:30:00,o,1.3,0.2,0.0,2.250537099639915,0.0080776683146,0.194,-0.0033845979438,2.93,-2.966,2.405
2024-05-16 00:30:00,o,1.3,0.2,0.95,1.758253141826201,0.014500428297,0.362,-0.0086819055727,1.92,-0.848,2.113
2024-05-16 00:30:00,o,1.3,0.25,0.0,2.2519082019892105,-0.0029732620855,0.194,0.0011744664241,2.93,-2.966,2.06
2024-05-16 00:30:00,o,1.3,0.25,0.95,1.7338710625983047,0.0080818990211,0.377,-0.0049109418407,1.81,-0.678,2.071
2024-05-16 00:30:00,o,1.3,0.3,0.0,2.2519082019892105,-0.0029732620855,0.194,0.0011744664241,2.93,-2.966,2.06
2024-05-16 00:30:00,o,1.3,0.3,0.95,1.6995081958837368,0.0040265193935,0.399,-0.0026326169266,1.57,-0.369,2.009
2024-05-16 00:30:00,o,1.3,0.35,0.0,2.2519082019892105,-0.0029732620855,0.194,0.0011744664241,2.93,-2.966,2.06
2024-05-16 00:30:00,o,1.3,0.35,0.95,1.6651023468225747,-0.0019768586416,0.419,0.0,1.13,0.002,2.035
2024-05-16 00:30:00,o,1.3,0.4,0.0,2.2519082019892105,-0.0029732620855,0.194,0.0011744664241,2.93,-2.966,2.06
2024-05-16 00:30:00,o,1.3,0.4,0.95,1.6332360963830095,-0.0050734153189,0.419,0.0,1.13,0.002,2.03
2024-05-16 00:30:00,o,1.3,0.45,0.0,2.2023248128295485,-0.0020448173867,0.213,0.00095287921202,2.79,-2.646,1.944
2024-05-16 00:30:00,o,1.3,0.45,0.95,1.6332360963830095,-0.0050734153189,0.419,0.0,1.13,0.002,2.03
2024-05-16 00:30:00,o,1.3,0.5,0.0,2.2023248128295485,-0.0020448173867,0.213,0.00095287921202,2.79,-2.646,1.944
2024-05-16 00:30:00,o,1.3,0.5,0.95,1.594049841937299,-0.0066181787058,0.419,0.0,1.13,0.002,1.957
2024-05-16 00:30:00,o,1.3,0.55,0.0,2.1948694024122184,0.0023883705681,0.216,-0.00084294008879,2.77,-2.601,1.923
2024-05-16 00:30:00,o,1.3,0.55,0.95,1.587273083237934,-0.0074950302096,0.419,0.0,1.13,0.002,1.982
2024-05-16 00:30:00,o,1.3,0.6,0.0,2.1604235086248904,-0.0086128256142,0.23,0.003379365175,2.68,-2.396,1.856
2024-05-16 00:30:00,o,1.3,0.6,0.95,1.5836860895664266,-0.0099322185631,0.419,0.0,1.13,0.002,2.023
2024-05-16 00:30:00,o,1.3,0.65,0.0,2.1604235086248904,-0.0086128256142,0.23,0.003379365175,2.68,-2.396,1.856
2024-05-16 00:30:00,o,1.3,0.65,0.95,1.5836860895664266,-0.0099322185631,0.419,0.0,1.13,0.002,2.023
2024-05-16 00:30:00,o,1.3,0.7,0.0,2.1604235086248904,-0.0086128256142,0.23,0.003379365175,2.68,-2.396,1.856
2024-05-16 00:30:00,o,1.3,0.7,0.95,1.577146984827525,-0.0091139137962,0.419,0.0,1.13,0.002,2.015
2024-05-16 00:30:00,o,1.3,0.75,0.0,2.166575150492316,-0.012223440594,0.228,0.0055032089601,2.69,-2.419,1.851
2024-05-16 00:30:00,o,1.3,0.75,0.95,1.577146984827525,-0.0091139137962,0.419,0.0,1.13,0.002,2.015
2024-05-16 00:30:00,o,1.3,0.8,0.0,2.166575150492316,-0.012223440594,0.228,0.0055032089601,2.69,-2.419,1.851
2024-05-16 00:30:00,o,1.3,0.8,0.95,1.5875762791806778,0.00010104179701,0.419,0.0,1.13,0.002,2.001
2024-05-16 00:30:00,o,1.3,0.85,0.0,2.166575150492316,-0.012223440594,0.228,0.0055032089601,2.69,-2.419,1.851
2024-05-16 00:30:00,o,1.3,0.85,0.95,1.6181527333785195,0.0069819359183,0.419,0.0,1.13,0.002,2.111
2024-05-16 00:30:00,o,1.3,0.9,0.0,2.2013725409181655,-0.0086274330107,0.213,0.0031869843722,2.79,-2.646,1.855
2024-05-16 00:30:00,o,1.3,0.9,0.95,1.6181527333785195,0.0069819359183,0.419,0.0,1.13,0.002,2.111
2024-05-16 00:30:00,o,1.3,0.95,0.0,2.150341897520264,-0.0070816248091,0.235,0.0033741408521,2.65,-2.328,1.971
2024-05-16 00:30:00,o,1.3,0.95,0.95,1.6294809561832442,0.0072876637586,0.419,0.0,1.13,0.002,2.107
2024-05-16 00:30:00,o,1.3,1.0,0.0,2.150341897520264,-0.0070816248091,0.235,0.0033741408521,2.65,-2.328,1.971
2024-05-16 00:30:00,o,1.3,1.0,0.95,1.650987094383445,0.011689903134,0.419,0.0,1.13,0.002,2.177
2024-05-16 00:30:00,o,1.3,1.05,0.0,2.1047533423472924,-0.0097575625016,0.256,0.0049001974415,2.53,-2.059,2.131
2024-05-16 00:30:00,o,1.3,1.05,0.95,1.6603246438894605,0.016753539602,0.419,0.0,1.13,0.002,2.278
2024-05-16 00:30:00,o,1.3,1.1,0.0,2.0801031426530696,-0.0081641009013,0.268,0.0041924194083,2.46,-1.904,2.372
2024-05-16 00:30:00,o,1.3,1.1,0.95,1.6784182157231253,0.019872631444,0.413,-0.006,1.35,-0.156,2.431
2024-05-16 00:30:00,o,1.3,1.15,0.0,2.0588585849384953,-0.0050412019368,0.279,0.0028180295451,2.4,-1.774,2.479
2024-05-16 00:30:00,o,1.3,1.15,0.05,2.0588585849384953,-0.0050412019368,0.279,0.0028180295451,2.4,-1.774,2.479
2024-05-16 00:30:00,o,1.3,1.15,0.1,2.0899157038585616,-0.0050268482725,0.262,0.0024628086039,2.49,-1.97,2.202
2024-05-16 00:30:00,o,1.3,1.15,0.15,2.066892189177931,0.018804025079,0.264,-0.0094688052356,2.48,-1.948,2.549
2024-05-16 00:30:00,o,1.3,1.15,0.2,2.06659052206578,0.024649393052,0.258,-0.011865257633,2.52,-2.037,2.102
2024-05-16 00:30:00,o,1.3,1.15,0.25,2.0505382854164718,0.020173380694,0.259,-0.01030917788,2.5,-1.992,1.974
2024-05-16 00:30:00,o,1.3,1.15,0.3,1.9794208901090748,0.020288830383,0.283,-0.011426269736,2.38,-1.731,1.992
2024-05-16 00:30:00,o,1.3,1.15,0.35,1.9794208901090748,0.020288830383,0.283,-0.011426269736,2.38,-1.731,1.992
2024-05-16 00:30:00,o,1.3,1.15,0.4,1.9414319206455497,0.016827035807,0.295,-0.0091515174433,2.31,-1.583,2.004
2024-05-16 00:30:00,o,1.3,1.15,0.45,1.841359470454855,0.018746859261,0.346,-0.012367625968,2.02,-1.018,1.976
2024-05-16 00:30:00,o,1.3,1.15,0.5,1.7828164836315208,0.015883389794,0.367,-0.011066076929,1.88,-0.784,2.049
2024-05-16 00:30:00,o,1.3,1.15,0.55,1.7828164836315208,0.015883389794,0.367,-0.011066076929,1.88,-0.784,2.049
2024-05-16 00:30:00,o,1.3,1.15,0.6,1.7170294040848775,0.019555948308,0.399,-0.013971221701,1.57,-0.369,2.0
2024-05-16 00:30:00,o,1.3,1.15,0.65,1.690213805972146,0.024951852464,0.407,-0.013,1.45,-0.245,2.094
2024-05-16 00:30:00,o,1.3,1.15,0.7,1.690213805972146,0.024951852464,0.407,-0.013,1.45,-0.245,2.094
2024-05-16 00:30:00,o,1.3,1.15,0.75,1.6812502850830469,0.024376223466,0.411,-0.008,1.38,-0.182,2.172
2024-05-16 00:30:00,o,1.3,1.15,0.8,1.6764375289727667,0.031241308784,0.415,-0.004,1.29,-0.108,2.622
2024-05-16 00:30:00,o,1.3,1.15,0.85,1.6764375289727667,0.031241308784,0.415,-0.004,1.29,-0.108,2.622
2024-05-16 00:30:00,o,1.3,1.15,0.9,1.6867077521826923,0.022686640895,0.408,-0.011,1.45,-0.245,3.385
2024-05-16 00:30:00,o,1.3,1.15,0.95,1.6981788682265164,0.02478007727,0.4,-0.016640796536,1.57,-0.369,3.121
2024-05-16 00:30:00,o,1.35,0.05,0.0,2.198629599092019,0.012657045957,0.214,-0.0055142264788,2.78,-2.623,2.72
2024-05-16 00:30:00,o,1.35,0.05,0.05,2.198629599092019,0.012657045957,0.214,-0.0055142264788,2.78,-2.623,2.72
2024-05-16 00:30:00,o,1.35,0.05,0.1,2.215433981489695,0.0025355687444,0.208,-0.00067211618188,2.82,-2.715,3.155
2024-05-16 00:30:00,o,1.35,0.05,0.15,2.249821825671109,-0.013257705531,0.184,0.0047811599169,3.0,-3.126,2.937
2024-05-16 00:30:00,o,1.35,0.05,0.2,2.249821825671109,-0.013257705531,0.184,0.0047811599169,3.0,-3.126,2.937
2024-05-16 00:30:00,o,1.35,0.05,0.25,2.249821825671109,-0.013257705531,0.184,0.0047811599169,3.0,-3.126,2.937
2024-05-16 00:30:00,o,1.35,0.05,0.3,2.0506387861247677,-0.0063765295828,0.242,0.0024534722017,2.61,-2.238,2.175
2024-05-16 00:30:00,o,1.35,0.05,0.35,2.0506387861247677,-0.0063765295828,0.242,0.0024534722017,2.61,-2.238,2.175
2024-05-16 00:30:00,o,1.35,0.05,0.4,1.9566101868358445,-0.0021877414469,0.281,0.00077508142726,2.39,-1.752,2.125
2024-05-16 00:30:00,o,1.35,0.05,0.45,1.9566101868358445,-0.0021877414469,0.281,0.00077508142726,2.39,-1.752,2.125
2024-05-16 00:30:00,o,1.35,0.05,0.5,1.8791245637893672,-0.0010943237833,0.31,0.00016342738843,2.22,-1.398,2.069
2024-05-16 00:30:00,o,1.35,0.05,0.55,1.8791245637893672,-0.0010943237833,0.31,0.00016342738843,2.22,-1.398,2.069
2024-05-16 00:30:00,o,1.35,0.05,0.6,1.8199977335107764,-0.013111112885,0.344,0.0082116918569,2.03,-1.036,2.07
2024-05-16 00:30:00,o,1.35,0.05,0.65,1.7874463048098737,0.012644768724,0.346,-0.0069117644936,2.02,-1.018,1.992
2024-05-16 00:30:00,o,1.35,0.05,0.7,1.798919838387624,0.011962671848,0.338,-0.0070081409046,2.07,-1.109,2.151
2024-05-16 00:30:00,o,1.35,0.05,0.75,1.798919838387624,0.011962671848,0.338,-0.0070081409046,2.07,-1.109,2.151
2024-05-16 00:30:00,o,1.35,0.05,0.8,1.7914309769645094,0.011848914334,0.342,-0.0072613157126,2.04,-1.054,2.113
2024-05-16 00:30:00,o,1.35,0.05,0.85,1.8620776857421144,0.033694949775,0.305,-0.017062948571,2.25,-1.459,2.969
2024-05-16 00:30:00,o,1.35,0.05,0.9,1.8839054798105213,0.043950033843,0.294,-0.021930129917,2.31,-1.583,2.959
2024-05-16 00:30:00,o,1.35,0.05,0.95,1.8503398545834793,0.040161122517,0.311,-0.020951753147,2.22,-1.398,2.392
2024-05-16 00:30:00,o,1.35,0.1,0.0,2.198629599092019,0.012657045957,0.214,-0.0055142264788,2.78,-2.623,2.72
2024-05-16 00:30:00,o,1.35,0.1,0.95,1.8488354573622803,0.036470325788,0.311,-0.019748191222,2.22,-1.398,2.464
2024-05-16 00:30:00,o,1.35,0.15,0.0,2.250537099639915,0.0080776683146,0.194,-0.0033845979438,2.93,-2.966,2.405
2024-05-16 00:30:00,o,1.35,0.15,0.95,1.8414658408018478,0.034756892696,0.315,-0.018870785017,2.2,-1.358,2.161
2024-05-16 00:30:00,o,1.35,0.2,0.0,2.272713963632576,-0.0018041082146,0.186,0.00016754617078,2.98,-3.081,2.205
2024-05-16 00:30:00,o,1.35,0.2,0.95,1.7951706697644143,0.02179385378,0.34,-0.012880431357,2.06,-1.09,2.165
2024-05-16 00:30:00,o,1.35,0.25,0.0,2.2540088015879443,-0.005525351728,0.193,0.0018548314624,2.93,-2.966,2.109
2024-05-16 00:30:00,o,1.35,0.25,0.95,1.7338710625983047,0.0080818990211,0.377,-0.0049109418407,1.81,-0.678,2.071
2024-05-16 00:30:00,o,1.35,0.3,0.0,2.2540088015879443,-0.005525351728,0.193,0.0018548314624,2.93,-2.966,2.109
2024-05-16 00:30:00,o,1.35,0.3,0.95,1.6995081958837368,0.0040265193935,0.399,-0.0026326169266,1.57,-0.369,2.009
2024-05-16 00:30:00,o,1.35,0.35,0.0,2.2519082019892105,-0.0029732620855,0.194,0.0011744664241,2.93,-2.966,2.06
2024-05-16 00:30:00,o,1.35,0.35,0.95,1.6651023468225747,-0.0019768586416,0.419,0.0,1.13,0.002,2.035
2024-05-16 00:30:00,o,1.35,0.4,0.0,2.2519082019892105,-0.0029732620855,0.194,0.0011744664241,2.93,-2.966,2.06
2024-05-16 00:30:00,o,1.35,0.4,0.95,1.6651023468225747,-0.0019768586416,0.419,0.0,1.13,0.002,2.035
2024-05-16 00:30:00,o,1.35,0.45,0.0,2.2023248128295485,-0.0020448173867,0.213,0.00095287921202,2.79,-2.646,1.944
2024-05-16 00:30:00,o,1.35,0.45,0.95,1.6651023468225747,-0.0019768586416,0.419,0.0,1.13,0.002,2.035
2024-05-16 00:30:00,o,1.35,0.5,0.0,2.2023248128295485,-0.0020448173867,0.213,0.00095287921202,2.79,-2.646,1.944
2024-05-16 00:30:00,o,1.35,0.5,0.95,1.594381499484654,-0.0080257885287,0.419,0.0,1.13,0.002,2.004
2024-05-16 00:30:00,o,1.35,0.55,0.0,2.157248184167808,-0.0093683964722,0.232,0.0043454290642,2.66,-2.351,1.974
2024-05-16 00:30:00,o,1.35,0.55,0.95,1.594381499484654,-0.0080257885287,0.419,0.0,1.13,0.002,2.004
2024-05-16 00:30:00,o,1.35,0.6,0.0,2.110367456261928,-0.010005731864,0.253,0.0046541402687,2.54,-2.081,1.934
2024-05-16 00:30:00,o,1.35,0.6,0.95,1.594381499484654,-0.0080257885287,0.419,0.0,1.13,0.002,2.004
2024-05-16 00:30:00,o,1.35,0.65,0.0,2.1604235086248904,-0.0086128256142,0.23,0.003379365175,2.68,-2.396,1.856
2024-05-16 00:30:00,o,1.35,0.65,0.95,1.5836860895664266,-0.0099322185631,0.419,0.0,1.13,0.002,2.023
2024-05-16 00:30:00,o,1.35,0.7,0.0,2.1604235086248904,-0.0086128256142,0.23,0.003379365175,2.68,-2.396,1.856
2024-05-16 00:30:00,o,1.35,0.7,0.95,1.577146984827525,-0.0091139137962,0.419,0.0,1.13,0.002,2.015
2024-05-16 00:30:00,o,1.35,0.75,0.0,2.166575150492316,-0.012223440594,0.228,0.0055032089601,2.69,-2.419,1.851
2024-05-16 00:30:00,o,1.35,0.75,0.95,1.5769054513232401,-0.0075501625024,0.419,0.0,1.13,0.002,2.038
2024-05-16 00:30:00,o,1.35,0.8,0.0,2.166575150492316,-0.012223440594,0.228,0.0055032089601,2.69,-2.419,1.851
2024-05-16 00:30:00,o,1.35,0.8,0.95,1.5817221599490987,-0.0032984119148,0.419,0.0,1.13,0.002,2.006
2024-05-16 00:30:00,o,1.35,0.85,0.0,2.166575150492316,-0.012223440594,0.228,0.0055032089601,2.69,-2.419,1.851
2024-05-16 00:30:00,o,1.35,0.85,0.95,1.5881259836031352,0.00049358024695,0.419,0.0,1.13,0.002,2.039
2024-05-16 00:30:00,o,1.35,0.9,0.0,2.1077626646905125,-0.011519624665,0.254,0.0051439627092,2.54,-2.081,1.933
2024-05-16 00:30:00,o,1.35,0.9,0.95,1.59440360098501,0.0023268205777,0.419,0.0,1.13,0.002,2.038
2024-05-16 00:30:00,o,1.35,0.95,0.0,2.1047533423472924,-0.0097575625016,0.256,0.0049001974415,2.53,-2.059,2.131
2024-05-16 00:30:00,o,1.35,0.95,0.95,1.6181527333785195,0.0069819359183,0.419,0.0,1.13,0.002,2.111
2024-05-16 00:30:00,o,1.35,1.0,0.0,2.1047533423472924,-0.0097575625016,0.256,0.0049001974415,2.53,-2.059,2.131
2024-05-16 00:30:00,o,1.35,1.0,0.95,1.6548500905613943,0.020846671402,0.419,0.0,1.13,0.002,2.24
2024-05-16 00:30:00,o,1.35,1.05,0.0,2.1047533423472924,-0.0097575625016,0.256,0.0049001974415,2.53,-2.059,2.131
2024-05-16 00:30:00,o,1.35,1.05,0.95,1.6603246438894605,0.016753539602,0.419,0.0,1.13,0.002,2.278
2024-05-16 00:30:00,o,1.35,1.1,0.0,2.0801031426530696,-0.0081641009013,0.268,0.0041924194083,2.46,-1.904,2.372
2024-05-16 00:30:00,o,1.35,1.1,0.95,1.6784182157231253,0.019872631444,0.413,-0.006,1.35,-0.156,2.431
2024-05-16 00:30:00,o,1.35,1.15,0.0,2.0801031426530696,-0.0081641009013,0.268,0.0041924194083,2.46,-1.904,2.372
2024-05-16 00:30:00,o,1.35,1.15,0.05,2.0801031426530696,-0.0081641009013,0.268,0.0041924194083,2.46,-1.904,2.372
2024-05-16 00:30:00,o,1.35,1.15,0.1,2.114036882584655,-0.0016501646678,0.251,0.00045515553343,2.55,-2.103,2.484
2024-05-16 00:30:00,o,1.35,1.15,0.15,2.083448867186854,0.013780770275,0.255,-0.0062355601787,2.53,-2.059,2.179
2024-05-16 00:30:00,o,1.35,1.15,0.2,2.083448867186854,0.013780770275,0.255,-0.0062355601787,2.53,-2.059,2.179
2024-05-16 00:30:00,o,1.35,1.15,0.25,2.0505382854164718,0.020173380694,0.259,-0.01030917788,2.5,-1.992,1.974
2024-05-16 00:30:00,o,1.35,1.15,0.3,1.9794208901090748,0.020288830383,0.283,-0.011426269736,2.38,-1.731,1.992
2024-05-16 00:30:00,o,1.35,1.15,0.35,1.932062613891308,0.015640251543,0.303,-0.0094097235142,2.27,-1.5,2.063
2024-05-16 00:30:00,o,1.35,1.15,0.4,1.932062613891308,0.015640251543,0.303,-0.0094097235142,2.27,-1.5,2.063
2024-05-16 00:30:00,o,1.35,1.15,0.45,1.8691319379151619,0.015002079258,0.331,-0.0098945902122,2.11,-1.183,2.021
2024-05-16 00:30:00,o,1.35,1.15,0.5,1.78843000072047,0.017644242442,0.367,-0.012647587995,1.88,-0.784,2.028
2024-05-16 00:30:00,o,1.35,1.15,0.55,1.78843000072047,0.017644242442,0.367,-0.012647587995,1.88,-0.784,2.028
2024-05-16 00:30:00,o,1.35,1.15,0.6,1.7170294040848775,0.019555948308,0.399,-0.013971221701,1.57,-0.369,2.0
2024-05-16 00:30:00,o,1.35,1.15,0.65,1.690213805972146,0.024951852464,0.407,-0.013,1.45,-0.245,2.094
2024-05-16 00:30:00,o,1.35,1.15,0.7,1.690213805972146,0.024951852464,0.407,-0.013,1.45,-0.245,2.094
2024-05-16 00:30:00,o,1.35,1.15,0.75,1.6740064019384804,0.027710527465,0.416,-0.003,1.26,-0.086,2.139
2024-05-16 00:30:00,o,1.35,1.15,0.8,1.6724950095370754,0.034055674358,0.417,-0.002,1.23,-0.064,2.535
2024-05-16 00:30:00,o,1.35,1.15,0.85,1.6724950095370754,0.034055674358,0.417,-0.002,1.23,-0.064,2.535
2024-05-16 00:30:00,o,1.35,1.15,0.9,1.7119589947666722,0.037879000744,0.391,-0.025169553306,1.67,-0.487,2.978
2024-05-16 00:30:00,o,1.35,1.15,0.95,1.6994648180551264,0.024686320494,0.399,-0.016686895413,1.57,-0.369,2.455
2024-05-16 00:30:00,o,1.4,0.05,0.0,2.189479084220462,0.013697732442,0.218,-0.0057632785025,2.75,-2.555,2.889
2024-05-16 00:30:00,o,1.4,0.05,0.05,2.181986424480151,0.011322879201,0.221,-0.0049279860602,2.74,-2.532,3.206
2024-05-16 00:30:00,o,1.4,0.05,0.1,2.215433981489695,0.0025355687444,0.208,-0.00067211618188,2.82,-2.715,3.155
2024-05-16 00:30:00,o,1.4,0.05,0.15,2.249821825671109,-0.013257705531,0.184,0.0047811599169,3.0,-3.126,2.937
2024-05-16 00:30:00,o,1.4,0.05,0.2,2.2369879481637507,-0.0032392037628,0.188,0.001160319005,2.97,-3.058,2.285
2024-05-16 00:30:00,o,1.4,0.05,0.25,2.1962259422192743,0.0063876586136,0.198,-0.0021639527232,2.89,-2.875,2.372
2024-05-16 00:30:00,o,1.4,0.05,0.3,2.097246894832764,0.006481109523,0.227,-0.0031375198209,2.7,-2.441,2.193
2024-05-16 00:30:00,o,1.4,0.05,0.35,2.0506387861247677,-0.0063765295828,0.242,0.0024534722017,2.61,-2.238,2.175
2024-05-16 00:30:00,o,1.4,0.05,0.4,1.9566101868358445,-0.0021877414469,0.281,0.00077508142726,2.39,-1.752,2.125
2024-05-16 00:30:00,o,1.4,0.05,0.45,1.9566101868358445,-0.0021877414469,0.281,0.00077508142726,2.39,-1.752,2.125
2024-05-16 00:30:00,o,1.4,0.05,0.5,1.8791245637893672,-0.0010943237833,0.31,0.00016342738843,2.22,-1.398,2.069
2024-05-16 00:30:00,o,1.4,0.05,0.55,1.860799012495387,0.018520611619,0.318,-0.011095021628,2.18,-1.318,2.087
2024-05-16 00:30:00,o,1.4,0.05,0.6,1.860799012495387,0.018520611619,0.318,-0.011095021628,2.18,-1.318,2.087
2024-05-16 00:30:00,o,1.4,0.05,0.65,1.8198991221069099,0.02698239388,0.327,-0.015296383278,2.13,-1.221,2.096
2024-05-16 00:30:00,o,1.4,0.05,0.7,1.8198991221069099,0.02698239388,0.327,-0.015296383278,2.13,-1.221,2.096
2024-05-16 00:30:00,o,1.4,0.05,0.75,1.8323556052450092,0.026338522236,0.32,-0.014254759101,2.17,-1.299,2.253
2024-05-16 00:30:00,o,1.4,0.05,0.8,1.8650684238424202,0.038287656457,0.303,-0.019921221187,2.27,-1.5,2.424
2024-05-16 00:30:00,o,1.4,0.05,0.85,1.8620776857421144,0.033694949775,0.305,-0.017062948571,2.25,-1.459,2.969
2024-05-16 00:30:00,o,1.4,0.05,0.9,1.8839054798105213,0.043950033843,0.294,-0.021930129917,2.31,-1.583,2.959
2024-05-16 00:30:00,o,1.4,0.05,0.95,1.8809964146290619,0.045914916313,0.295,-0.023498655109,2.31,-1.583,2.951
2024-05-16 00:30:00,o,1.4,0.1,0.0,2.198629599092019,0.012657045957,0.214,-0.0055142264788,2.78,-2.623,2.72
2024-05-16 00:30:00,o,1.4,0.1,0.95,1.8839054798105213,0.043950033843,0.294,-0.021930129917,2.31,-1.583,2.959
2024-05-16 00:30:00,o,1.4,0.15,0.0,2.250537099639915,0.0080776683146,0.194,-0.0033845979438,2.93,-2.966,2.405
2024-05-16 00:30:00,o,1.4,0.15,0.95,1.8414658408018478,0.034756892696,0.315,-0.018870785017,2.2,-1.358,2.161
2024-05-16 00:30:00,o,1.4,0.2,0.0,2.272713963632576,-0.0018041082146,0.186,0.00016754617078,2.98,-3.081,2.205
2024-05-16 00:30:00,o,1.4,0.2,0.95,1.8414658408018478,0.034756892696,0.315,-0.018870785017,2.2,-1.358,2.161
2024-05-16 00:30:00,o,1.4,0.25,0.0,2.272713963632576,-0.0018041082146,0.186,0.00016754617078,2.98,-3.081,2.205
2024-05-16 00:30:00,o,1.4,0.25,0.95,1.7678827934278776,0.013794500561,0.356,-0.0083713812996,1.96,-0.914,2.074
2024-05-16 00:30:00,o,1.4,0.3,0.0,2.2540088015879443,-0.005525351728,0.193,0.0018548314624,2.93,-2.966,2.109
2024-05-16 00:30:00,o,1.4,0.3,0.95,1.6995081958837368,0.0040265193935,0.399,-0.0026326169266,1.57,-0.369,2.009
2024-05-16 00:30:00,o,1.4,0.35,0.0,2.2540088015879443,-0.005525351728,0.193,0.0018548314624,2.93,-2.966,2.109
2024-05-16 00:30:00,o,1.4,0.35,0.95,1.6651023468225747,-0.0019768586416,0.419,0.0,1.13,0.002,2.035
2024-05-16 00:30:00,o,1.4,0.4,0.0,2.2519082019892105,-0.0029732620855,0.194,0.0011744664241,2.93,-2.966,2.06
2024-05-16 00:30:00,o,1.4,0.4,0.95,1.6679383441853544,-0.00050348664955,0.419,0.0,1.13,0.002,2.041
2024-05-16 00:30:00,o,1.4,0.45,0.0,2.157248184167808,-0.0093683964722,0.232,0.0043454290642,2.66,-2.351,1.974
2024-05-16 00:30:00,o,1.4,0.45,0.95,1.6679383441853544,-0.00050348664955,0.419,0.0,1.13,0.002,2.041
2024-05-16 00:30:00,o,1.4,0.5,0.0,2.157248184167808,-0.0093683964722,0.232,0.0043454290642,2.66,-2.351,1.974
2024-05-16 00:30:00,o,1.4,0.5,0.95,1.6244161803192894,-0.0050138077171,0.419,0.0,1.13,0.002,2.006
2024-05-16 00:30:00,o,1.4,0.55,0.0,2.157248184167808,-0.0093683964722,0.232,0.0043454290642,2.66,-2.351,1.974
2024-05-16 00:30:00,o,1.4,0.55,0.95,1.594381499484654,-0.0080257885287,0.419,0.0,1.13,0.002,2.004
2024-05-16 00:30:00,o,1.4,0.6,0.0,2.110367456261928,-0.010005731864,0.253,0.0046541402687,2.54,-2.081,1.934
2024-05-16 00:30:00,o,1.4,0.6,0.95,1.594381499484654,-0.0080257885287,0.419,0.0,1.13,0.002,2.004
2024-05-16 00:30:00,o,1.4,0.65,0.0,2.110367456261928,-0.010005731864,0.253,0.0046541402687,2.54,-2.081,1.934
2024-05-16 00:30:00,o,1.4,0.65,0.95,1.5913540402140884,-0.003436155068,0.419,0.0,1.13,0.002,1.966
2024-05-16 00:30:00,o,1.4,0.7,0.0,2.110367456261928,-0.010005731864,0.253,0.0046541402687,2.54,-2.081,1.934
2024-05-16 00:30:00,o,1.4,0.7,0.95,1.5821315713481345,-0.0042419087989,0.419,0.0,1.13,0.002,2.026
2024-05-16 00:30:00,o,1.4,0.75,0.0,2.166575150492316,-0.012223440594,0.228,0.0055032089601,2.69,-2.419,1.851
2024-05-16 00:30:00,o,1.4,0.75,0.95,1.5769054513232401,-0.0075501625024,0.419,0.0,1.13,0.002,2.038
2024-05-16 00:30:00,o,1.4,0.8,0.0,2.1077626646905125,-0.011519624665,0.254,0.0051439627092,2.54,-2.081,1.933
2024-05-16 00:30:00,o,1.4,0.8,0.95,1.5817221599490987,-0.0032984119148,0.419,0.0,1.13,0.002,2.006
2024-05-16 00:30:00,o,1.4,0.85,0.0,2.1077626646905125,-0.011519624665,0.254,0.0051439627092,2.54,-2.081,1.933
2024-05-16 00:30:00,o,1.4,0.85,0.95,1.5895698463344374,0.0011076520813,0.419,0.0,1.13,0.002,2.062
2024-05-16 00:30:00,o,1.4,0.9,0.0,2.1077626646905125,-0.011519624665,0.254,0.0051439627092,2.54,-2.081,1.933
2024-05-16 00:30:00,o,1.4,0.9,0.95,1.592875952629111,0.0051088808364,0.419,0.0,1.13,0.002,2.001
2024-05-16 00:30:00,o,1.4,0.95,0.0,2.1004429215000155,-0.0071197691409,0.258,0.0035965381227,2.52,-2.037,1.95
2024-05-16 00:30:00,o,1.4,0.95,0.95,1.6138206878104233,0.011923587457,0.419,0.0,1.13,0.002,2.049
2024-05-16 00:30:00,o,1.4,1.0,0.0,2.1004429215000155,-0.0071197691409,0.258,0.0035965381227,2.52,-2.037,1.95
2024-05-16 00:30:00,o,1.4,1.0,0.95,1.6548500905613943,0.020846671402,0.419,0.0,1.13,0.002,2.24
2024-05-16 00:30:00,o,1.4,1.05,0.0,2.1047533423472924,-0.0097575625016,0.256,0.0049001974415,2.53,-2.059,2.131
2024-05-16 00:30:00,o,1.4,1.05,0.95,1.6548500905613943,0.020846671402,0.419,0.0,1.13,0.002,2.24
2024-05-16 00:30:00,o,1.4,1.1,0.0,2.0801031426530696,-0.0081641009013,0.268,0.0041924194083,2.46,-1.904,2.372
2024-05-16 00:30:00,o,1.4,1.1,0.95,1.676291129348288,0.024848347365,0.415,-0.004,1.29,-0.108,2.422
2024-05-16 00:30:00,o,1.4,1.15,0.0,2.093463711626978,0.0027684092169,0.261,-0.0016053458468,2.49,-1.97,2.539
2024-05-16 00:30:00,o,1.4,1.15,0.05,2.098878977027817,-0.0022526395712,0.259,0.0015000421558,2.5,-1.992,2.536
2024-05-16 00:30:00,o,1.4,1.15,0.1,2.114036882584655,-0.0016501646678,0.251,0.00045515553343,2.55,-2.103,2.484
2024-05-16 00:30:00,o,1.4,1.15,0.15,2.1084127910449744,0.007969869545,0.244,-0.0033327708589,2.59,-2.193,2.439
2024-05-16 00:30:00,o,1.4,1.15,0.2,2.1084127910449744,0.007969869545,0.244,-0.0033327708589,2.59,-2.193,2.439
2024-05-16 00:30:00,o,1.4,1.15,0.25,2.0639447693432387,0.0088188302707,0.257,-0.0047660269262,2.52,-2.037,1.992
2024-05-16 00:30:00,o,1.4,1.15,0.3,1.932062613891308,0.015640251543,0.303,-0.0094097235142,2.27,-1.5,2.063
2024-05-16 00:30:00,o,1.4,1.15,0.35,1.932062613891308,0.015640251543,0.303,-0.0094097235142,2.27,-1.5,2.063
2024-05-16 00:30:00,o,1.4,1.15,0.4,1.932062613891308,0.015640251543,0.303,-0.0094097235142,2.27,-1.5,2.063
2024-05-16 00:30:00,o,1.4,1.15,0.45,1.8691319379151619,0.015002079258,0.331,-0.0098945902122,2.11,-1.183,2.021
2024-05-16 00:30:00,o,1.4,1.15,0.5,1.822213861011698,0.013388691221,0.349,-0.0084942149043,2.0,-0.983,2.039
2024-05-16 00:30:00,o,1.4,1.15,0.55,1.822213861011698,0.013388691221,0.349,-0.0084942149043,2.0,-0.983,2.039
2024-05-16 00:30:00,o,1.4,1.15,0.6,1.7119168429403049,0.020472852985,0.408,-0.014668755566,1.45,-0.245,1.923
2024-05-16 00:30:00,o,1.4,1.15,0.65,1.6740064019384804,0.027710527465,0.416,-0.003,1.26,-0.086,2.139
2024-05-16 00:30:00,o,1.4,1.15,0.7,1.6740064019384804,0.027710527465,0.416,-0.003,1.26,-0.086,2.139
2024-05-16 00:30:00,o,1.4,1.15,0.75,1.6740064019384804,0.027710527465,0.416,-0.003,1.26,-0.086,2.139
2024-05-16 00:30:00,o,1.4,1.15,0.8,1.7004527573991632,0.04012811351,0.398,-0.021,1.6,-0.403,2.983
2024-05-16 00:30:00,o,1.4,1.15,0.85,1.7004527573991632,0.04012811351,0.398,-0.021,1.6,-0.403,2.983
2024-05-16 00:30:00,o,1.4,1.15,0.9,1.7119589947666722,0.037879000744,0.391,-0.025169553306,1.67,-0.487,2.978
2024-05-16 00:30:00,o,1.4,1.15,0.95,1.716178696385568,0.034476266088,0.388,-0.022932708905,1.71,-0.539,2.984
2024-05-16 00:30:00,o,1.45,0.05,0.0,2.189479084220462,0.013697732442,0.218,-0.0057632785025,2.75,-2.555,2.889
2024-05-16 00:30:00,o,1.45,0.05,0.05,2.189479084220462,0.013697732442,0.218,-0.0057632785025,2.75,-2.555,2.889
2024-05-16 00:30:00,o,1.45,0.05,0.1,2.2298455995771858,0.010882312365,0.202,-0.0043048593347,2.86,-2.806,2.759
2024-05-16 00:30:00,o,1.45,0.05,0.15,2.2320248468098263,0.0087911711696,0.187,-0.0036239843388,2.97,-3.058,2.351
2024-05-16 00:30:00,o,1.45,0.05,0.2,2.2320248468098263,0.0087911711696,0.187,-0.0036239843388,2.97,-3.058,2.351
2024-05-16 00:30:00,o,1.45,0.05,0.25,2.1962259422192743,0.0063876586136,0.198,-0.0021639527232,2.89,-2.875,2.372
2024-05-16 00:30:00,o,1.45,0.05,0.3,2.097246894832764,0.006481109523,0.227,-0.0031375198209,2.7,-2.441,2.193
2024-05-16 00:30:00,o,1.45,0.05,0.35,2.033885952651726,0.021951987183,0.251,-0.010931011297,2.55,-2.103,2.184
2024-05-16 00:30:00,o,1.45,0.05,0.4,2.033885952651726,0.021951987183,0.251,-0.010931011297,2.55,-2.103,2.184
2024-05-16 00:30:00,o,1.45,0.05,0.45,1.9595088424120937,0.017729164238,0.28,-0.0099346096617,2.39,-1.752,2.068
2024-05-16 00:30:00,o,1.45,0.05,0.5,1.860799012495387,0.018520611619,0.318,-0.011095021628,2.18,-1.318,2.087
2024-05-16 00:30:00,o,1.45,0.05,0.55,1.860799012495387,0.018520611619,0.318,-0.011095021628,2.18,-1.318,2.087
2024-05-16 00:30:00,o,1.45,0.05,0.6,1.860799012495387,0.018520611619,0.318,-0.011095021628,2.18,-1.318,2.087
2024-05-16 00:30:00,o,1.45,0.05,0.65,1.8311656339094424,0.029473861971,0.328,-0.016753162208,2.12,-1.202,2.086
2024-05-16 00:30:00,o,1.45,0.05,0.7,1.8198991221069099,0.02698239388,0.327,-0.015296383278,2.13,-1.221,2.096
2024-05-16 00:30:00,o,1.45,0.05,0.75,1.8198991221069099,0.02698239388,0.327,-0.015296383278,2.13,-1.221,2.096
2024-05-16 00:30:00,o,1.45,0.05,0.8,1.8650684238424202,0.038287656457,0.303,-0.019921221187,2.27,-1.5,2.424
2024-05-16 00:30:00,o,1.45,0.05,0.85,1.884676440443456,0.050739261769,0.293,-0.026104721628,2.32,-1.604,2.395
2024-05-16 00:30:00,o,1.45,0.05,0.9,1.894105511777515,0.050324759381,0.289,-0.024928745633,2.34,-1.646,2.387
2024-05-16 00:30:00,o,1.45,0.05,0.95,1.9200554624759278,0.056667165651,0.277,-0.026867482136,2.4,-1.774,2.515
2024-05-16 00:30:00,o,1.45,0.1,0.0,2.2797946589389224,0.0083852394275,0.184,-0.0029223835114,3.0,-3.126,2.575
2024-05-16 00:30:00,o,1.45,0.1,0.95,1.894105511777515,0.050324759381,0.289,-0.024928745633,2.34,-1.646,2.387
2024-05-16 00:30:00,o,1.45,0.15,0.0,2.2938727995134047,0.0047054152548,0.179,-0.0017811601387,3.04,-3.218,2.327
2024-05-16 00:30:00,o,1.45,0.15,0.95,1.8719055337666999,0.044878919778,0.3,-0.022789357696,2.28,-1.52,2.235
2024-05-16 00:30:00,o,1.45,0.2,0.0,2.272713963632576,-0.0018041082146,0.186,0.00016754617078,2.98,-3.081,2.205
2024-05-16 00:30:00,o,1.45,0.2,0.95,1.8719055337666999,0.044878919778,0.3,-0.022789357696,2.28,-1.52,2.235
2024-05-16 00:30:00,o,1.45,0.25,0.0,2.272713963632576,-0.0018041082146,0.186,0.00016754617078,2.98,-3.081,2.205
2024-05-16 00:30:00,o,1.45,0.25,0.95,1.8407583013909488,0.040254299563,0.316,-0.021330252572,2.19,-1.338,2.061
2024-05-16 00:30:00,o,1.45,0.3,0.0,2.2540088015879443,-0.005525351728,0.193,0.0018548314624,2.93,-2.966,2.109
2024-05-16 00:30:00,o,1.45,0.3,0.95,1.777991979872234,0.02500677444,0.35,-0.015039732381,1.99,-0.966,1.992
2024-05-16 00:30:00,o,1.45,0.35,0.0,2.2540088015879443,-0.005525351728,0.193,0.0018548314624,2.93,-2.966,2.109
2024-05-16 00:30:00,o,1.45,0.35,0.95,1.7215715638550917,0.011581204003,0.385,-0.0070675957353,1.73,-0.565,2.019
2024-05-16 00:30:00,o,1.45,0.4,0.0,2.205418209446065,-0.013434892022,0.212,0.0056523731376,2.79,-2.646,2.068
2024-05-16 00:30:00,o,1.45,0.4,0.95,1.6679383441853544,-0.00050348664955,0.419,0.0,1.13,0.002,2.041
2024-05-16 00:30:00,o,1.45,0.45,0.0,2.175937781222728,-0.013482343469,0.224,0.0059048397706,2.71,-2.464,1.98
2024-05-16 00:30:00,o,1.45,0.45,0.95,1.6679383441853544,-0.00050348664955,0.419,0.0,1.13,0.002,2.041
2024-05-16 00:30:00,o,1.45,0.5,0.0,2.157248184167808,-0.0093683964722,0.232,0.0043454290642,2.66,-2.351,1.974
2024-05-16 00:30:00,o,1.45,0.5,0.95,1.6244161803192894,-0.0050138077171,0.419,0.0,1.13,0.002,2.006
2024-05-16 00:30:00,o,1.45,0.55,0.0,2.157248184167808,-0.0093683964722,0.232,0.0043454290642,2.66,-2.351,1.974
2024-05-16 00:30:00,o,1.45,0.55,0.95,1.618403758566513,-0.0010861022858,0.419,0.0,1.13,0.002,1.965
2024-05-16 00:30:00,o,1.45,0.6,0.0,2.110367456261928,-0.010005731864,0.253,0.0046541402687,2.54,-2.081,1.934
2024-05-16 00:30:00,o,1.45,0.6,0.95,1.618403758566513,-0.0010861022858,0.419,0.0,1.13,0.002,1.965
2024-05-16 00:30:00,o,1.45,0.65,0.0,2.110367456261928,-0.010005731864,0.253,0.0046541402687,2.54,-2.081,1.934
2024-05-16 00:30:00,o,1.45,0.65,0.95,1.5944809473799866,-0.0015880770716,0.419,0.0,1.13,0.002,1.991
2024-05-16 00:30:00,o,1.45,0.7,0.0,2.113281384161362,-0.011281525151,0.252,0.0056038320215,2.55,-2.103,1.943
2024-05-16 00:30:00,o,1.45,0.7,0.95,1.5908306931691671,-0.0022226537518,0.419,0.0,1.13,0.002,2.038
2024-05-16 00:30:00,o,1.45,0.75,0.0,2.1119342763326814,-0.010379921636,0.252,0.0045593021945,2.55,-2.103,1.979
2024-05-16 00:30:00,o,1.45,0.75,0.95,1.5821315713481345,-0.0042419087989,0.419,0.0,1.13,0.002,2.026
2024-05-16 00:30:00,o,1.45,0.8,0.0,2.1077626646905125,-0.011519624665,0.254,0.0051439627092,2.54,-2.081,1.933
2024-05-16 00:30:00,o,1.45,0.8,0.95,1.5817221599490987,-0.0032984119148,0.419,0.0,1.13,0.002,2.006
2024-05-16 00:30:00,o,1.45,0.85,0.0,2.1077626646905125,-0.011519624665,0.254,0.0051439627092,2.54,-2.081,1.933
2024-05-16 00:30:00,o,1.45,0.85,0.95,1.5895698463344374,0.0011076520813,0.419,0.0,1.13,0.002,2.062
2024-05-16 00:30:00,o,1.45,0.9,0.0,2.1077626646905125,-0.011519624665,0.254,0.0051439627092,2.54,-2.081,1.933
2024-05-16 00:30:00,o,1.45,0.9,0.95,1.6102341753343887,0.012286820888,0.419,0.0,1.13,0.002,2.078
2024-05-16 00:30:00,o,1.45,0.95,0.0,2.1004429215000155,-0.0071197691409,0.258,0.0035965381227,2.52,-2.037,1.95
2024-05-16 00:30:00,o,1.45,0.95,0.95,1.6258883838628488,0.019324309513,0.419,0.0,1.13,0.002,2.142
2024-05-16 00:30:00,o,1.45,1.0,0.0,2.1004429215000155,-0.0071197691409,0.258,0.0035965381227,2.52,-2.037,1.95
2024-05-16 00:30:00,o,1.45,1.0,0.95,1.652149605401653,0.027650932125,0.419,0.0,1.13,0.002,2.193
2024-05-16 00:30:00,o,1.45,1.05,0.0,2.0984291209471215,0.0010746179297,0.259,-0.0003361381713,2.5,-1.992,2.257
2024-05-16 00:30:00,o,1.45,1.05,0.95,1.6548500905613943,0.020846671402,0.419,0.0,1.13,0.002,2.24
2024-05-16 00:30:00,o,1.45,1.1,0.0,2.093463711626978,0.0027684092169,0.261,-0.0016053458468,2.49,-1.97,2.539
2024-05-16 00:30:00,o,1.45,1.1,0.95,1.7119589947666722,0.037879000744,0.391,-0.025169553306,1.67,-0.487,2.978
2024-05-16 00:30:00,o,1.45,1.15,0.0,2.093463711626978,0.0027684092169,0.261,-0.0016053458468,2.49,-1.97,2.539
2024-05-16 00:30:00,o,1.45,1.15,0.05,2.0897355975879472,0.0057530824317,0.263,-0.0029425728915,2.48,-1.948,2.479
2024-05-16 00:30:00,o,1.45,1.15,0.1,2.08362085223255,0.0036477411127,0.266,-0.0019560227472,2.47,-1.926,2.715
2024-05-16 00:30:00,o,1.45,1.15,0.15,2.085829097679133,0.0070135367345,0.254,-0.0037437174245,2.54,-2.081,2.577
2024-05-16 00:30:00,o,1.45,1.15,0.2,2.085829097679133,0.0070135367345,0.254,-0.0037437174245,2.54,-2.081,2.577
2024-05-16 00:30:00,o,1.45,1.15,0.25,2.0312630017416717,0.0032369924904,0.269,-0.001629247331,2.44,-1.861,2.468
2024-05-16 00:30:00,o,1.45,1.15,0.3,1.9390497612235587,0.0077495670342,0.299,-0.0047523134519,2.29,-1.541,2.097
2024-05-16 00:30:00,o,1.45,1.15,0.35,1.9390497612235587,0.0077495670342,0.299,-0.0047523134519,2.29,-1.541,2.097
2024-05-16 00:30:00,o,1.45,1.15,0.4,1.932062613891308,0.015640251543,0.303,-0.0094097235142,2.27,-1.5,2.063
2024-05-16 00:30:00,o,1.45,1.15,0.45,1.8691319379151619,0.015002079258,0.331,-0.0098945902122,2.11,-1.183,2.021
2024-05-16 00:30:00,o,1.45,1.15,0.5,1.822213861011698,0.013388691221,0.349,-0.0084942149043,2.0,-0.983,2.039
2024-05-16 00:30:00,o,1.45,1.15,0.55,1.8070138326616374,0.0075836761312,0.358,-0.0052708416855,1.95,-0.897,2.057
2024-05-16 00:30:00,o,1.45,1.15,0.6,1.68131361375804,0.016154928466,0.421,0.0,1.03,0.06,2.066
2024-05-16 00:30:00,o,1.45,1.15,0.65,1.68131361375804,0.016154928466,0.421,0.0,1.03,0.06,2.066
2024-05-16 00:30:00,o,1.45,1.15,0.7,1.6811145496755109,0.03273502028,0.411,-0.008,1.38,-0.182,2.284
2024-05-16 00:30:00,o,1.45,1.15,0.75,1.6811145496755109,0.03273502028,0.411,-0.008,1.38,-0.182,2.284
2024-05-16 00:30:00,o,1.45,1.15,0.8,1.6970025434589744,0.042219760778,0.401,-0.018,1.56,-0.358,2.453
2024-05-16 00:30:00,o,1.45,1.15,0.85,1.6970025434589744,0.042219760778,0.401,-0.018,1.56,-0.358,2.453
2024-05-16 00:30:00,o,1.45,1.15,0.9,1.720944459446079,0.049068425546,0.385,-0.03269614121,1.73,-0.565,2.706
2024-05-16 00:30:00,o,1.45,1.15,0.95,1.720944459446079,0.049068425546,0.385,-0.03269614121,1.73,-0.565,2.706
2024-05-16 00:30:00,o,1.5,0.05,0.0,2.2797946589389224,0.0083852394275,0.184,-0.0029223835114,3.0,-3.126,2.575
2024-05-16 00:30:00,o,1.5,0.05,0.05,2.2298455995771858,0.010882312365,0.202,-0.0043048593347,2.86,-2.806,2.759
2024-05-16 00:30:00,o,1.5,0.05,0.1,2.24500404814754,0.015867655607,0.196,-0.0063942159264,2.9,-2.898,3.024
2024-05-16 00:30:00,o,1.5,0.05,0.15,2.2454386340357675,0.023708897413,0.188,-0.0085689912596,2.97,-3.058,2.836
2024-05-16 00:30:00,o,1.5,0.05,0.2,2.2454386340357675,0.023708897413,0.188,-0.0085689912596,2.97,-3.058,2.836
2024-05-16 00:30:00,o,1.5,0.05,0.25,2.1893274578295174,0.017408027287,0.202,-0.0065022339156,2.86,-2.806,2.203
2024-05-16 00:30:00,o,1.5,0.05,0.3,2.033885952651726,0.021951987183,0.251,-0.010931011297,2.55,-2.103,2.184
2024-05-16 00:30:00,o,1.5,0.05,0.35,2.033885952651726,0.021951987183,0.251,-0.010931011297,2.55,-2.103,2.184
2024-05-16 00:30:00,o,1.5,0.05,0.4,2.033885952651726,0.021951987183,0.251,-0.010931011297,2.55,-2.103,2.184
2024-05-16 00:30:00,o,1.5,0.05,0.45,1.8967741575094286,0.037317614364,0.306,-0.021901359913,2.24,-1.438,2.078
2024-05-16 00:30:00,o,1.5,0.05,0.5,1.8775095608442298,0.028975609287,0.313,-0.017762521765,2.21,-1.378,2.042
2024-05-16 00:30:00,o,1.5,0.05,0.55,1.860799012495387,0.018520611619,0.318,-0.011095021628,2.18,-1.318,2.087
2024-05-16 00:30:00,o,1.5,0.05,0.6,1.8311656339094424,0.029473861971,0.328,-0.016753162208,2.12,-1.202,2.086
2024-05-16 00:30:00,o,1.5,0.05,0.65,1.8311656339094424,0.029473861971,0.328,-0.016753162208,2.12,-1.202,2.086
2024-05-16 00:30:00,o,1.5,0.05,0.7,1.8132606533282192,0.040806917678,0.333,-0.023848213518,2.1,-1.164,2.048
2024-05-16 00:30:00,o,1.5,0.05,0.75,1.8132606533282192,0.040806917678,0.333,-0.023848213518,2.1,-1.164,2.048
2024-05-16 00:30:00,o,1.5,0.05,0.8,1.839754499992019,0.057539949211,0.316,-0.031737192616,2.19,-1.338,2.271
2024-05-16 00:30:00,o,1.5,0.05,0.85,1.91297092730025,0.060466535782,0.28,-0.029411871597,2.39,-1.752,2.699
2024-05-16 00:30:00,o,1.5,0.05,0.9,1.9315646512858393,0.060727837965,0.271,-0.029130489986,2.43,-1.839,2.749
2024-05-16 00:30:00,o,1.5,0.05,0.95,1.9315646512858393,0.060727837965,0.271,-0.029130489986,2.43,-1.839,2.749
2024-05-16 00:30:00,o,1.5,0.1,0.0,2.2797946589389224,0.0083852394275,0.184,-0.0029223835114,3.0,-3.126,2.575
2024-05-16 00:30:00,o,1.5,0.1,0.95,1.923767137132559,0.056064003862,0.275,-0.026697054178,2.42,-1.817,2.378
2024-05-16 00:30:00,o,1.5,0.15,0.0,2.2938727995134047,0.0047054152548,0.179,-0.0017811601387,3.04,-3.218,2.327
2024-05-16 00:30:00,o,1.5,0.15,0.95,1.8990431091296025,0.050232256641,0.286,-0.025316302634,2.35,-1.667,2.224
2024-05-16 00:30:00,o,1.5,0.2,0.0,2.2938727995134047,0.0047054152548,0.179,-0.0017811601387,3.04,-3.218,2.327
2024-05-16 00:30:00,o,1.5,0.2,0.95,1.8440482613074103,0.0381873395,0.314,-0.020341487142,2.2,-1.358,2.054
2024-05-16 00:30:00,o,1.5,0.25,0.0,2.2938727995134047,0.0047054152548,0.179,-0.0017811601387,3.04,-3.218,2.327
2024-05-16 00:30:00,o,1.5,0.25,0.95,1.8440482613074103,0.0381873395,0.314,-0.020341487142,2.2,-1.358,2.054
2024-05-16 00:30:00,o,1.5,0.3,0.0,2.205418209446065,-0.013434892022,0.212,0.0056523731376,2.79,-2.646,2.068
2024-05-16 00:30:00,o,1.5,0.3,0.95,1.777991979872234,0.02500677444,0.35,-0.015039732381,1.99,-0.966,1.992
2024-05-16 00:30:00,o,1.5,0.35,0.0,2.205418209446065,-0.013434892022,0.212,0.0056523731376,2.79,-2.646,2.068
2024-05-16 00:30:00,o,1.5,0.35,0.95,1.7215715638550917,0.011581204003,0.385,-0.0070675957353,1.73,-0.565,2.019
2024-05-16 00:30:00,o,1.5,0.4,0.0,2.205418209446065,-0.013434892022,0.212,0.0056523731376,2.79,-2.646,2.068
2024-05-16 00:30:00,o,1.5,0.4,0.95,1.7215715638550917,0.011581204003,0.385,-0.0070675957353,1.73,-0.565,2.019
2024-05-16 00:30:00,o,1.5,0.45,0.0,2.175937781222728,-0.013482343469,0.224,0.0059048397706,2.71,-2.464,1.98
2024-05-16 00:30:00,o,1.5,0.45,0.95,1.7159448769807375,0.013919526329,0.388,-0.009290069153,1.71,-0.539,1.999
2024-05-16 00:30:00,o,1.5,0.5,0.0,2.175937781222728,-0.013482343469,0.224,0.0059048397706,2.71,-2.464,1.98
2024-05-16 00:30:00,o,1.5,0.5,0.95,1.618403758566513,-0.0010861022858,0.419,0.0,1.13,0.002,1.965
2024-05-16 00:30:00,o,1.5,0.55,0.0,2.157248184167808,-0.0093683964722,0.232,0.0043454290642,2.66,-2.351,1.974
2024-05-16 00:30:00,o,1.5,0.55,0.95,1.6107453105231304,-0.0017524531797,0.419,0.0,1.13,0.002,2.02
2024-05-16 00:30:00,o,1.5,0.6,0.0,2.113281384161362,-0.011281525151,0.252,0.0056038320215,2.55,-2.103,1.943
2024-05-16 00:30:00,o,1.5,0.6,0.95,1.6107453105231304,-0.0017524531797,0.419,0.0,1.13,0.002,2.02
2024-05-16 00:30:00,o,1.5,0.65,0.0,2.113281384161362,-0.011281525151,0.252,0.0056038320215,2.55,-2.103,1.943
2024-05-16 00:30:00,o,1.5,0.65,0.95,1.5944809473799866,-0.0015880770716,0.419,0.0,1.13,0.002,1.991
2024-05-16 00:30:00,o,1.5,0.7,0.0,2.113281384161362,-0.011281525151,0.252,0.0056038320215,2.55,-2.103,1.943
2024-05-16 00:30:00,o,1.5,0.7,0.95,1.5908306931691671,-0.0022226537518,0.419,0.0,1.13,0.002,2.038
2024-05-16 00:30:00,o,1.5,0.75,0.0,2.1119342763326814,-0.010379921636,0.252,0.0045593021945,2.55,-2.103,1.979
2024-05-16 00:30:00,o,1.5,0.75,0.95,1.5908306931691671,-0.0022226537518,0.419,0.0,1.13,0.002,2.038
2024-05-16 00:30:00,o,1.5,0.8,0.0,2.1119342763326814,-0.010379921636,0.252,0.0045593021945,2.55,-2.103,1.979
2024-05-16 00:30:00,o,1.5,0.8,0.95,1.5908306931691671,-0.0022226537518,0.419,0.0,1.13,0.002,2.038
2024-05-16 00:30:00,o,1.5,0.85,0.0,2.1119342763326814,-0.010379921636,0.252,0.0045593021945,2.55,-2.103,1.979
2024-05-16 00:30:00,o,1.5,0.85,0.95,1.6102341753343887,0.012286820888,0.419,0.0,1.13,0.002,2.078
2024-05-16 00:30:00,o,1.5,0.9,0.0,2.1077626646905125,-0.011519624665,0.254,0.0051439627092,2.54,-2.081,1.933
2024-05-16 00:30:00,o,1.5,0.9,0.95,1.6258883838628488,0.019324309513,0.419,0.0,1.13,0.002,2.142
2024-05-16 00:30:00,o,1.5,0.95,0.0,2.0984291209471215,0.0010746179297,0.259,-0.0003361381713,2.5,-1.992,2.257
2024-05-16 00:30:00,o,1.5,0.95,0.95,1.6258883838628488,0.019324309513,0.419,0.0,1.13,0.002,2.142
2024-05-16 00:30:00,o,1.5,1.0,0.0,2.0984291209471215,0.0010746179297,0.259,-0.0003361381713,2.5,-1.992,2.257
2024-05-16 00:30:00,o,1.5,1.0,0.95,1.652149605401653,0.027650932125,0.419,0.0,1.13,0.002,2.193
2024-05-16 00:30:00,o,1.5,1.05,0.0,2.0984291209471215,0.0010746179297,0.259,-0.0003361381713,2.5,-1.992,2.257
2024-05-16 00:30:00,o,1.5,1.05,0.95,1.6746039769716101,0.040217404224,0.416,-0.003,1.26,-0.086,2.365
2024-05-16 00:30:00,o,1.5,1.1,0.0,2.0897355975879472,0.0057530824317,0.263,-0.0029425728915,2.48,-1.948,2.479
2024-05-16 00:30:00,o,1.5,1.1,0.95,1.7046823305753107,0.050698423201,0.396,-0.023,1.61,-0.415,2.466
2024-05-16 00:30:00,o,1.5,1.15,0.0,2.0897355975879472,0.0057530824317,0.263,-0.0029425728915,2.48,-1.948,2.479
2024-05-16 00:30:00,o,1.5,1.15,0.05,2.0897355975879472,0.0057530824317,0.263,-0.0029425728915,2.48,-1.948,2.479
2024-05-16 00:30:00,o,1.5,1.15,0.1,2.08362085223255,0.0036477411127,0.266,-0.0019560227472,2.47,-1.926,2.715
2024-05-16 00:30:00,o,1.5,1.15,0.15,2.085829097679133,0.0070135367345,0.254,-0.0037437174245,2.54,-2.081,2.577
2024-05-16 00:30:00,o,1.5,1.15,0.2,2.0581374112652164,0.0062289096713,0.26,-0.0028901537395,2.5,-1.992,2.43
2024-05-16 00:30:00,o,1.5,1.15,0.25,2.0312630017416717,0.0032369924904,0.269,-0.001629247331,2.44,-1.861,2.468
2024-05-16 00:30:00,o,1.5,1.15,0.3,1.9932907064449845,-0.00056418489106,0.277,0.00071485812941,2.4,-1.774,2.148
2024-05-16 00:30:00,o,1.5,1.15,0.35,1.9384496720298114,-0.0022460717893,0.299,0.001154075522,2.29,-1.541,2.219
2024-05-16 00:30:00,o,1.5,1.15,0.4,1.9390497612235587,0.0077495670342,0.299,-0.0047523134519,2.29,-1.541,2.097
2024-05-16 00:30:00,o,1.5,1.15,0.45,1.8776765119385688,0.0099969374567,0.326,-0.0062733789192,2.14,-1.24,1.988
2024-05-16 00:30:00,o,1.5,1.15,0.5,1.8070138326616374,0.0075836761312,0.358,-0.0052708416855,1.95,-0.897,2.057
2024-05-16 00:30:00,o,1.5,1.15,0.55,1.7869571665396304,0.00018445597065,0.368,-0.0005417503194,1.87,-0.768,2.096
2024-05-16 00:30:00,o,1.5,1.15,0.6,1.68131361375804,0.016154928466,0.421,0.0,1.03,0.06,2.066
2024-05-16 00:30:00,o,1.5,1.15,0.65,1.68131361375804,0.016154928466,0.421,0.0,1.03,0.06,2.066
2024-05-16 00:30:00,o,1.5,1.15,0.7,1.669102935519992,0.022601185488,0.419,0.0,1.13,0.002,2.175
2024-05-16 00:30:00,o,1.5,1.15,0.75,1.669102935519992,0.022601185488,0.419,0.0,1.13,0.002,2.175
2024-05-16 00:30:00,o,1.5,1.15,0.8,1.6999417360418305,0.046767827936,0.399,-0.02,1.57,-0.369,2.744
2024-05-16 00:30:00,o,1.5,1.15,0.85,1.6999417360418305,0.046767827936,0.399,-0.02,1.57,-0.369,2.744
2024-05-16 00:30:00,o,1.5,1.15,0.9,1.7153430483974672,0.053312797037,0.389,-0.03,1.69,-0.513,2.784
2024-05-16 00:30:00,o,1.5,1.15,0.95,1.7153430483974672,0.053312797037,0.389,-0.03,1.69,-0.513,2.784
2024-05-16 00:30:00,o,1.55,0.05,0.0,2.300186646055209,0.0039493808114,0.177,-0.0013927180234,3.06,-3.263,2.786
2024-05-16 00:30:00,o,1.55,0.05,0.05,2.305686635742517,0.0064583513547,0.175,-0.0023917750446,3.07,-3.286,3.131
2024-05-16 00:30:00,o,1.55,0.05,0.1,2.2881329210554497,0.015444453642,0.181,-0.0054731625544,3.03,-3.195,3.618
2024-05-16 00:30:00,o,1.55,0.05,0.15,2.263020283104046,0.03481760931,0.179,-0.011758284572,3.04,-3.218,2.685
2024-05-16 00:30:00,o,1.55,0.05,0.2,2.263020283104046,0.03481760931,0.179,-0.011758284572,3.04,-3.218,2.685
2024-05-16 00:30:00,o,1.55,0.05,0.25,2.2186903952131964,0.029326429896,0.19,-0.01109935563,2.96,-3.035,2.401
2024-05-16 00:30:00,o,1.55,0.05,0.3,2.1182978013327767,0.036421451968,0.219,-0.01546978465,2.75,-2.555,2.157
2024-05-16 00:30:00,o,1.55,0.05,0.35,1.9885812506843186,0.036874689841,0.267,-0.019704152223,2.46,-1.904,2.251
2024-05-16 00:30:00,o,1.55,0.05,0.4,1.9885812506843186,0.036874689841,0.267,-0.019704152223,2.46,-1.904,2.251
2024-05-16 00:30:00,o,1.55,0.05,0.45,1.8967741575094286,0.037317614364,0.306,-0.021901359913,2.24,-1.438,2.078
2024-05-16 00:30:00,o,1.55,0.05,0.5,1.8967741575094286,0.037317614364,0.306,-0.021901359913,2.24,-1.438,2.078
2024-05-16 00:30:00,o,1.55,0.05,0.55,1.8775095608442298,0.028975609287,0.313,-0.017762521765,2.21,-1.378,2.042
2024-05-16 00:30:00,o,1.55,0.05,0.6,1.806810600074521,0.0399443602,0.346,-0.025597685803,2.02,-1.018,1.961
2024-05-16 00:30:00,o,1.55,0.05,0.65,1.8132606533282192,0.040806917678,0.333,-0.023848213518,2.1,-1.164,2.048
2024-05-16 00:30:00,o,1.55,0.05,0.7,1.8051132864384407,0.052672997413,0.335,-0.030370344732,2.09,-1.146,2.176
2024-05-16 00:30:00,o,1.55,0.05,0.75,1.8051132864384407,0.052672997413,0.335,-0.030370344732,2.09,-1.146,2.176
2024-05-16 00:30:00,o,1.55,0.05,0.8,1.839754499992019,0.057539949211,0.316,-0.031737192616,2.19,-1.338,2.271
2024-05-16 00:30:00,o,1.55,0.05,0.85,1.8517962958967957,0.057447692001,0.31,-0.030797512006,2.22,-1.398,2.636
2024-05-16 00:30:00,o,1.55,0.05,0.9,1.9220763852646061,0.057945181319,0.276,-0.027492678987,2.41,-1.796,3.195
2024-05-16 00:30:00,o,1.55,0.05,0.95,1.9329909570320516,0.055786679632,0.271,-0.025972330636,2.43,-1.839,2.768
2024-05-16 00:30:00,o,1.55,0.1,0.0,2.2797946589389224,0.0083852394275,0.184,-0.0029223835114,3.0,-3.126,2.575
2024-05-16 00:30:00,o,1.55,0.1,0.95,1.9329909570320516,0.055786679632,0.271,-0.025972330636,2.43,-1.839,2.768
2024-05-16 00:30:00,o,1.55,0.15,0.0,2.2938727995134047,0.0047054152548,0.179,-0.0017811601387,3.04,-3.218,2.327
2024-05-16 00:30:00,o,1.55,0.15,0.95,1.8874541279766357,0.043835205127,0.292,-0.022013156769,2.32,-1.604,2.192
2024-05-16 00:30:00,o,1.55,0.2,0.0,2.304968505596782,-0.0015165683977,0.175,1.3425423802e-05,3.07,-3.286,2.264
2024-05-16 00:30:00,o,1.55,0.2,0.95,1.8440482613074103,0.0381873395,0.314,-0.020341487142,2.2,-1.358,2.054
2024-05-16 00:30:00,o,1.55,0.25,0.0,2.304968505596782,-0.0015165683977,0.175,1.3425423802e-05,3.07,-3.286,2.264
2024-05-16 00:30:00,o,1.55,0.25,0.95,1.8440482613074103,0.0381873395,0.314,-0.020341487142,2.2,-1.358,2.054
2024-05-16 00:30:00,o,1.55,0.3,0.0,2.208360724978379,-0.013280382245,0.21,0.0047317895617,2.81,-2.692,2.048
2024-05-16 00:30:00,o,1.55,0.3,0.95,1.777991979872234,0.02500677444,0.35,-0.015039732381,1.99,-0.966,1.992
2024-05-16 00:30:00,o,1.55,0.35,0.0,2.205418209446065,-0.013434892022,0.212,0.0056523731376,2.79,-2.646,2.068
2024-05-16 00:30:00,o,1.55,0.35,0.95,1.7215715638550917,0.011581204003,0.385,-0.0070675957353,1.73,-0.565,2.019
2024-05-16 00:30:00,o,1.55,0.4,0.0,2.205418209446065,-0.013434892022,0.212,0.0056523731376,2.79,-2.646,2.068
2024-05-16 00:30:00,o,1.55,0.4,0.95,1.7159448769807375,0.013919526329,0.388,-0.009290069153,1.71,-0.539,1.999
2024-05-16 00:30:00,o,1.55,0.45,0.0,2.175937781222728,-0.013482343469,0.224,0.0059048397706,2.71,-2.464,1.98
2024-05-16 00:30:00,o,1.55,0.45,0.95,1.660628352973734,0.010690185749,0.419,0.0,1.13,0.002,1.93
2024-05-16 00:30:00,o,1.55,0.5,0.0,2.175937781222728,-0.013482343469,0.224,0.0059048397706,2.71,-2.464,1.98
2024-05-16 00:30:00,o,1.55,0.5,0.95,1.6514524722716912,0.011289170638,0.419,0.0,1.13,0.002,1.957
2024-05-16 00:30:00,o,1.55,0.55,0.0,2.1440602219343736,-0.01658235226,0.238,0.007772552329,2.62,-2.26,1.948
2024-05-16 00:30:00,o,1.55,0.55,0.95,1.6314945013865612,0.005061740759,0.419,0.0,1.13,0.002,2.006
2024-05-16 00:30:00,o,1.55,0.6,0.0,2.1055885210228675,-0.0098156101443,0.255,0.0043217748443,2.53,-2.059,1.929
2024-05-16 00:30:00,o,1.55,0.6,0.95,1.6107453105231304,-0.0017524531797,0.419,0.0,1.13,0.002,2.02
2024-05-16 00:30:00,o,1.55,0.65,0.0,2.113281384161362,-0.011281525151,0.252,0.0056038320215,2.55,-2.103,1.943
2024-05-16 00:30:00,o,1.55,0.65,0.95,1.5944809473799866,-0.0015880770716,0.419,0.0,1.13,0.002,1.991
2024-05-16 00:30:00,o,1.55,0.7,0.0,2.113281384161362,-0.011281525151,0.252,0.0056038320215,2.55,-2.103,1.943
2024-05-16 00:30:00,o,1.55,0.7,0.95,1.5908306931691671,-0.0022226537518,0.419,0.0,1.13,0.002,2.038
2024-05-16 00:30:00,o,1.55,0.75,0.0,2.1119342763326814,-0.010379921636,0.252,0.0045593021945,2.55,-2.103,1.979
2024-05-16 00:30:00,o,1.55,0.75,0.95,1.6061770696622117,0.0043342798801,0.419,0.0,1.13,0.002,2.029
2024-05-16 00:30:00,o,1.55,0.8,0.0,2.1119342763326814,-0.010379921636,0.252,0.0045593021945,2.55,-2.103,1.979
2024-05-16 00:30:00,o,1.55,0.8,0.95,1.6105749989594171,0.0089495194055,0.419,0.0,1.13,0.002,2.023
2024-05-16 00:30:00,o,1.55,0.85,0.0,2.119219586550211,-0.0019133034482,0.249,0.0010088099731,2.56,-2.126,2.011
2024-05-16 00:30:00,o,1.55,0.85,0.95,1.6123281381249752,0.013701753483,0.419,0.0,1.13,0.002,2.083
2024-05-16 00:30:00,o,1.55,0.9,0.0,2.119219586550211,-0.0019133034482,0.249,0.0010088099731,2.56,-2.126,2.011
2024-05-16 00:30:00,o,1.55,0.9,0.95,1.617859687158289,0.017028313983,0.419,0.0,1.13,0.002,2.105
2024-05-16 00:30:00,o,1.55,0.95,0.0,2.1247193624983125,0.010041671487,0.246,-0.0050210304397,2.58,-2.17,2.165
2024-05-16 00:30:00,o,1.55,0.95,0.95,1.617859687158289,0.017028313983,0.419,0.0,1.13,0.002,2.105
2024-05-16 00:30:00,o,1.55,1.0,0.0,2.0984291209471215,0.0010746179297,0.259,-0.0003361381713,2.5,-1.992,2.257
2024-05-16 00:30:00,o,1.55,1.0,0.95,1.6746039769716101,0.040217404224,0.416,-0.003,1.26,-0.086,2.365
2024-05-16 00:30:00,o,1.55,1.05,0.0,2.0984291209471215,0.0010746179297,0.259,-0.0003361381713,2.5,-1.992,2.257
2024-05-16 00:30:00,o,1.55,1.05,0.95,1.6746039769716101,0.040217404224,0.416,-0.003,1.26,-0.086,2.365
2024-05-16 00:30:00,o,1.55,1.1,0.0,2.0897355975879472,0.0057530824317,0.263,-0.0029425728915,2.48,-1.948,2.479
2024-05-16 00:30:00,o,1.55,1.1,0.95,1.7022150591491658,0.053338106341,0.397,-0.022,1.61,-0.415,2.872
2024-05-16 00:30:00,o,1.55,1.15,0.0,2.0707432529897103,0.0085788433641,0.273,-0.0040850636777,2.43,-1.839,2.52
2024-05-16 00:30:00,o,1.55,1.15,0.05,2.0835384512301394,0.0079112075223,0.266,-0.0041556583895,2.47,-1.926,2.835
2024-05-16 00:30:00,o,1.55,1.15,0.1,2.08362085223255,0.0036477411127,0.266,-0.0019560227472,2.47,-1.926,2.715
2024-05-16 00:30:00,o,1.55,1.15,0.15,2.061946057679687,0.0088099683122,0.264,-0.0044816183719,2.48,-1.948,3.457
2024-05-16 00:30:00,o,1.55,1.15,0.2,2.061946057679687,0.0088099683122,0.264,-0.0044816183719,2.48,-1.948,3.457
2024-05-16 00:30:00,o,1.55,1.15,0.25,2.0312630017416717,0.0032369924904,0.269,-0.001629247331,2.44,-1.861,2.468
2024-05-16 00:30:00,o,1.55,1.15,0.3,1.9932907064449845,-0.00056418489106,0.277,0.00071485812941,2.4,-1.774,2.148
2024-05-16 00:30:00,o,1.55,1.15,0.35,1.9384496720298114,-0.0022460717893,0.299,0.001154075522,2.29,-1.541,2.219
2024-05-16 00:30:00,o,1.55,1.15,0.4,1.9384496720298114,-0.0022460717893,0.299,0.001154075522,2.29,-1.541,2.219
2024-05-16 00:30:00,o,1.55,1.15,0.45,1.8140877033025864,-0.012492401885,0.355,0.0080134371502,1.97,-0.931,2.102
2024-05-16 00:30:00,o,1.55,1.15,0.5,1.7869571665396304,0.00018445597065,0.368,-0.0005417503194,1.87,-0.768,2.096
2024-05-16 00:30:00,o,1.55,1.15,0.55,1.7869571665396304,0.00018445597065,0.368,-0.0005417503194,1.87,-0.768,2.096
2024-05-16 00:30:00,o,1.55,1.15,0.6,1.68131361375804,0.016154928466,0.421,0.0,1.03,0.06,2.066
2024-05-16 00:30:00,o,1.55,1.15,0.65,1.68131361375804,0.016154928466,0.421,0.0,1.03,0.06,2.066
2024-05-16 00:30:00,o,1.55,1.15,0.7,1.669102935519992,0.022601185488,0.419,0.0,1.13,0.002,2.175
2024-05-16 00:30:00,o,1.55,1.15,0.75,1.6487892135944493,0.017639809272,0.419,0.0,1.13,0.002,2.33
2024-05-16 00:30:00,o,1.55,1.15,0.8,1.663022104421795,0.029583949514,0.419,0.0,1.13,0.002,2.549
2024-05-16 00:30:00,o,1.55,1.15,0.85,1.663022104421795,0.029583949514,0.419,0.0,1.13,0.002,2.549
2024-05-16 00:30:00,o,1.55,1.15,0.9,1.6867345552447712,0.047905982319,0.408,-0.011,1.45,-0.245,3.419
2024-05-16 00:30:00,o,1.55,1.15,0.95,1.7022150591491658,0.053338106341,0.397,-0.022,1.61,-0.415,2.872
2024-05-16 00:30:00,o,1.6,0.05,0.0,2.300186646055209,0.0039493808114,0.177,-0.0013927180234,3.06,-3.263,2.786
2024-05-16 00:30:00,o,1.6,0.05,0.05,2.300186646055209,0.0039493808114,0.177,-0.0013927180234,3.06,-3.263,2.786
2024-05-16 00:30:00,o,1.6,0.05,0.1,2.3368478236659653,0.0060466052208,0.165,-0.002162400334,3.16,-3.49,2.587
2024-05-16 00:30:00,o,1.6,0.05,0.15,2.3198760667391496,0.027546880528,0.164,-0.0089891947685,3.16,-3.49,2.897
2024-05-16 00:30:00,o,1.6,0.05,0.2,2.3011233589413975,0.030167501015,0.17,-0.01043167716,3.12,-3.399,3.44
2024-05-16 00:30:00,o,1.6,0.05,0.25,2.2186903952131964,0.029326429896,0.19,-0.01109935563,2.96,-3.035,2.401
2024-05-16 00:30:00,o,1.6,0.05,0.3,2.1182978013327767,0.036421451968,0.219,-0.01546978465,2.75,-2.555,2.157
2024-05-16 00:30:00,o,1.6,0.05,0.35,2.044033834158265,0.044320563147,0.247,-0.021042637324,2.58,-2.17,2.311
2024-05-16 00:30:00,o,1.6,0.05,0.4,1.9885812506843186,0.036874689841,0.267,-0.019704152223,2.46,-1.904,2.251
2024-05-16 00:30:00,o,1.6,0.05,0.45,1.8967741575094286,0.037317614364,0.306,-0.021901359913,2.24,-1.438,2.078
2024-05-16 00:30:00,o,1.6,0.05,0.5,1.8367227745482622,0.044120993383,0.337,-0.028650934409,2.07,-1.109,2.108
2024-05-16 00:30:00,o,1.6,0.05,0.55,1.8367227745482622,0.044120993383,0.337,-0.028650934409,2.07,-1.109,2.108
2024-05-16 00:30:00,o,1.6,0.05,0.6,1.7784045149697625,0.047581879238,0.363,-0.032529368719,1.91,-0.832,1.967
2024-05-16 00:30:00,o,1.6,0.05,0.65,1.7692886855039553,0.049212112736,0.358,-0.031226095496,1.95,-0.897,2.065
2024-05-16 00:30:00,o,1.6,0.05,0.7,1.7692886855039553,0.049212112736,0.358,-0.031226095496,1.95,-0.897,2.065
2024-05-16 00:30:00,o,1.6,0.05,0.75,1.8051132864384407,0.052672997413,0.335,-0.030370344732,2.09,-1.146,2.176
2024-05-16 00:30:00,o,1.6,0.05,0.8,1.839754499992019,0.057539949211,0.316,-0.031737192616,2.19,-1.338,2.271
2024-05-16 00:30:00,o,1.6,0.05,0.85,1.8332682638109736,0.053722274848,0.319,-0.030282247497,2.17,-1.299,3.153
2024-05-16 00:30:00,o,1.6,0.05,0.9,1.904201443156022,0.048355326886,0.284,-0.02369888038,2.36,-1.688,2.46
2024-05-16 00:30:00,o,1.6,0.05,0.95,1.921936058067112,0.050842044388,0.276,-0.024002274241,2.41,-1.796,2.401
2024-05-16 00:30:00,o,1.6,0.1,0.0,2.300186646055209,0.0039493808114,0.177,-0.0013927180234,3.06,-3.263,2.786
2024-05-16 00:30:00,o,1.6,0.1,0.95,1.904201443156022,0.048355326886,0.284,-0.02369888038,2.36,-1.688,2.46
2024-05-16 00:30:00,o,1.6,0.15,0.0,2.3209268986182687,-0.0048657546325,0.17,0.0012551358452,3.12,-3.399,2.329
2024-05-16 00:30:00,o,1.6,0.15,0.95,1.8874541279766357,0.043835205127,0.292,-0.022013156769,2.32,-1.604,2.192
2024-05-16 00:30:00,o,1.6,0.2,0.0,2.304968505596782,-0.0015165683977,0.175,1.3425423802e-05,3.07,-3.286,2.264
2024-05-16 00:30:00,o,1.6,0.2,0.95,1.8874541279766357,0.043835205127,0.292,-0.022013156769,2.32,-1.604,2.192
2024-05-16 00:30:00,o,1.6,0.25,0.0,2.304968505596782,-0.0015165683977,0.175,1.3425423802e-05,3.07,-3.286,2.264
2024-05-16 00:30:00,o,1.6,0.25,0.95,1.8535278668114867,0.040794946893,0.309,-0.021546161519,2.23,-1.418,2.091
2024-05-16 00:30:00,o,1.6,0.3,0.0,2.208360724978379,-0.013280382245,0.21,0.0047317895617,2.81,-2.692,2.048
2024-05-16 00:30:00,o,1.6,0.3,0.95,1.7549672229302948,0.025057641415,0.364,-0.015305566883,1.9,-0.816,1.956
2024-05-16 00:30:00,o,1.6,0.35,0.0,2.208360724978379,-0.013280382245,0.21,0.0047317895617,2.81,-2.692,2.048
2024-05-16 00:30:00,o,1.6,0.35,0.95,1.7159448769807375,0.013919526329,0.388,-0.009290069153,1.71,-0.539,1.999
2024-05-16 00:30:00,o,1.6,0.4,0.0,2.208360724978379,-0.013280382245,0.21,0.0047317895617,2.81,-2.692,2.048
2024-05-16 00:30:00,o,1.6,0.4,0.95,1.7159448769807375,0.013919526329,0.388,-0.009290069153,1.71,-0.539,1.999
2024-05-16 00:30:00,o,1.6,0.45,0.0,2.175937781222728,-0.013482343469,0.224,0.0059048397706,2.71,-2.464,1.98
2024-05-16 00:30:00,o,1.6,0.45,0.95,1.6894953259203218,0.012317405228,0.406,-0.0080331816991,1.49,-0.285,1.988
2024-05-16 00:30:00,o,1.6,0.5,0.0,2.1440602219343736,-0.01658235226,0.238,0.007772552329,2.62,-2.26,1.948
2024-05-16 00:30:00,o,1.6,0.5,0.95,1.6628333545896687,0.010461289508,0.419,0.0,1.13,0.002,1.998
2024-05-16 00:30:00,o,1.6,0.55,0.0,2.1440602219343736,-0.01658235226,0.238,0.007772552329,2.62,-2.26,1.948
2024-05-16 00:30:00,o,1.6,0.55,0.95,1.6628333545896687,0.010461289508,0.419,0.0,1.13,0.002,1.998
2024-05-16 00:30:00,o,1.6,0.6,0.0,2.1055885210228675,-0.0098156101443,0.255,0.0043217748443,2.53,-2.059,1.929
2024-05-16 00:30:00,o,1.6,0.6,0.95,1.6314945013865612,0.005061740759,0.419,0.0,1.13,0.002,2.006
2024-05-16 00:30:00,o,1.6,0.65,0.0,2.1055885210228675,-0.0098156101443,0.255,0.0043217748443,2.53,-2.059,1.929
2024-05-16 00:30:00,o,1.6,0.65,0.95,1.6101382704785285,0.004348550676,0.419,0.0,1.13,0.002,1.957
2024-05-16 00:30:00,o,1.6,0.7,0.0,2.1055885210228675,-0.0098156101443,0.255,0.0043217748443,2.53,-2.059,1.929
2024-05-16 00:30:00,o,1.6,0.7,0.95,1.6061770696622117,0.0043342798801,0.419,0.0,1.13,0.002,2.029
2024-05-16 00:30:00,o,1.6,0.75,0.0,2.1119342763326814,-0.010379921636,0.252,0.0045593021945,2.55,-2.103,1.979
2024-05-16 00:30:00,o,1.6,0.75,0.95,1.6196045783791664,0.007785714862,0.419,0.0,1.13,0.002,2.034
2024-05-16 00:30:00,o,1.6,0.8,0.0,2.119219586550211,-0.0019133034482,0.249,0.0010088099731,2.56,-2.126,2.011
2024-05-16 00:30:00,o,1.6,0.8,0.95,1.6105749989594171,0.0089495194055,0.419,0.0,1.13,0.002,2.023
2024-05-16 00:30:00,o,1.6,0.85,0.0,2.119219586550211,-0.0019133034482,0.249,0.0010088099731,2.56,-2.126,2.011
2024-05-16 00:30:00,o,1.6,0.85,0.95,1.6123281381249752,0.013701753483,0.419,0.0,1.13,0.002,2.083
2024-05-16 00:30:00,o,1.6,0.9,0.0,2.119219586550211,-0.0019133034482,0.249,0.0010088099731,2.56,-2.126,2.011
2024-05-16 00:30:00,o,1.6,0.9,0.95,1.617031810595345,0.015221610416,0.419,0.0,1.13,0.002,2.081
2024-05-16 00:30:00,o,1.6,0.95,0.0,2.1247193624983125,0.010041671487,0.246,-0.0050210304397,2.58,-2.17,2.165
2024-05-16 00:30:00,o,1.6,0.95,0.95,1.6288383199874918,0.021051000995,0.419,0.0,1.13,0.002,2.104
2024-05-16 00:30:00,o,1.6,1.0,0.0,2.1247193624983125,0.010041671487,0.246,-0.0050210304397,2.58,-2.17,2.165
2024-05-16 00:30:00,o,1.6,1.0,0.95,1.6565485609321255,0.033754484193,0.419,0.0,1.13,0.002,2.263
2024-05-16 00:30:00,o,1.6,1.05,0.0,2.1247193624983125,0.010041671487,0.246,-0.0050210304397,2.58,-2.17,2.165
2024-05-16 00:30:00,o,1.6,1.05,0.95,1.6565485609321255,0.033754484193,0.419,0.0,1.13,0.002,2.263
2024-05-16 00:30:00,o,1.6,1.1,0.0,2.062510535969001,0.0038681774171,0.277,-0.0019270337801,2.4,-1.774,2.547
2024-05-16 00:30:00,o,1.6,1.1,0.95,1.6688516480825186,0.037793638902,0.419,0.0,1.13,0.002,2.462
2024-05-16 00:30:00,o,1.6,1.15,0.0,2.0707432529897103,0.0085788433641,0.273,-0.0040850636777,2.43,-1.839,2.52
2024-05-16 00:30:00,o,1.6,1.15,0.05,2.05910123721413,0.0031078362074,0.279,-0.0013204549907,2.4,-1.774,3.211
2024-05-16 00:30:00,o,1.6,1.15,0.1,2.084844278240215,0.0071639387102,0.26,-0.0038844701853,2.5,-1.992,2.592
2024-05-16 00:30:00,o,1.6,1.15,0.15,2.050816538117351,0.0044150322868,0.265,-0.0026084970085,2.47,-1.926,2.662
2024-05-16 00:30:00,o,1.6,1.15,0.2,2.050816538117351,0.0044150322868,0.265,-0.0026084970085,2.47,-1.926,2.662
2024-05-16 00:30:00,o,1.6,1.15,0.25,2.050816538117351,0.0044150322868,0.265,-0.0026084970085,2.47,-1.926,2.662
2024-05-16 00:30:00,o,1.6,1.15,0.3,1.9932907064449845,-0.00056418489106,0.277,0.00071485812941,2.4,-1.774,2.148
2024-05-16 00:30:00,o,1.6,1.15,0.35,1.8874372445778074,-0.012673055441,0.321,0.0073022725225,2.16,-1.279,2.246
2024-05-16 00:30:00,o,1.6,1.15,0.4,1.8874372445778074,-0.012673055441,0.321,0.0073022725225,2.16,-1.279,2.246
2024-05-16 00:30:00,o,1.6,1.15,0.45,1.8874372445778074,-0.012673055441,0.321,0.0073022725225,2.16,-1.279,2.246
2024-05-16 00:30:00,o,1.6,1.15,0.5,1.8140877033025864,-0.012492401885,0.355,0.0080134371502,1.97,-0.931,2.102
2024-05-16 00:30:00,o,1.6,1.15,0.55,1.8140877033025864,-0.012492401885,0.355,0.0080134371502,1.97,-0.931,2.102
2024-05-16 00:30:00,o,1.6,1.15,0.6,1.7172543127625497,-0.0087715925188,0.41,0.0068622207833,1.42,-0.217,2.007
2024-05-16 00:30:00,o,1.6,1.15,0.65,1.6347593188205798,0.0031329409918,0.419,0.0,1.13,0.002,2.061
2024-05-16 00:30:00,o,1.6,1.15,0.7,1.6250447937002688,0.0010413133687,0.419,0.0,1.13,0.002,2.357
2024-05-16 00:30:00,o,1.6,1.15,0.75,1.6487892135944493,0.017639809272,0.419,0.0,1.13,0.002,2.33
2024-05-16 00:30:00,o,1.6,1.15,0.8,1.663022104421795,0.029583949514,0.419,0.0,1.13,0.002,2.549
2024-05-16 00:30:00,o,1.6,1.15,0.85,1.623228609215873,0.0086582911559,0.419,0.0,1.13,0.002,2.618
2024-05-16 00:30:00,o,1.6,1.15,0.9,1.6688516480825186,0.037793638902,0.419,0.0,1.13,0.002,2.462
2024-05-16 00:30:00,o,1.6,1.15,0.95,1.6878320589625264,0.0442806904,0.407,-0.012,1.45,-0.245,2.552
2024-05-16 00:30:00,o,1.65,0.05,0.0,2.302590648306554,0.0017235436173,0.176,-0.0008457283219,3.06,-3.263,2.696
2024-05-16 00:30:00,o,1.65,0.05,0.05,2.302590648306554,0.0017235436173,0.176,-0.0008457283219,3.06,-3.263,2.696
2024-05-16 00:30:00,o,1.65,0.05,0.1,2.294239099107284,0.011632844951,0.179,-0.0040263291873,3.04,-3.218,3.226
2024-05-16 00:30:00,o,1.65,0.05,0.15,2.2988639881942805,0.025737657327,0.171,-0.0086958609698,3.1,-3.354,3.205
2024-05-16 00:30:00,o,1.65,0.05,0.2,2.2988639881942805,0.025737657327,0.171,-0.0086958609698,3.1,-3.354,3.205
2024-05-16 00:30:00,o,1.65,0.05,0.25,2.1260891776227786,0.03329136307,0.219,-0.014074589002,2.75,-2.555,2.092
2024-05-16 00:30:00,o,1.65,0.05,0.3,2.030089439964261,0.04695951523,0.253,-0.023564726801,2.54,-2.081,2.285
2024-05-16 00:30:00,o,1.65,0.05,0.35,2.030089439964261,0.04695951523,0.253,-0.023564726801,2.54,-2.081,2.285
2024-05-16 00:30:00,o,1.65,0.05,0.4,2.030089439964261,0.04695951523,0.253,-0.023564726801,2.54,-2.081,2.285
2024-05-16 00:30:00,o,1.65,0.05,0.45,1.835449582156175,0.04666627817,0.339,-0.031662782028,2.06,-1.09,2.066
2024-05-16 00:30:00,o,1.65,0.05,0.5,1.8367227745482622,0.044120993383,0.337,-0.028650934409,2.07,-1.109,2.108
2024-05-16 00:30:00,o,1.65,0.05,0.55,1.8367227745482622,0.044120993383,0.337,-0.028650934409,2.07,-1.109,2.108
2024-05-16 00:30:00,o,1.65,0.05,0.6,1.7594563106511916,0.042535237484,0.371,-0.028922457041,1.86,-0.753,2.116
2024-05-16 00:30:00,o,1.65,0.05,0.65,1.7594563106511916,0.042535237484,0.371,-0.028922457041,1.86,-0.753,2.116
2024-05-16 00:30:00,o,1.65,0.05,0.7,1.7692886855039553,0.049212112736,0.358,-0.031226095496,1.95,-0.897,2.065
2024-05-16 00:30:00,o,1.65,0.05,0.75,1.7685493096539082,0.042099224905,0.356,-0.025491833969,1.96,-0.914,1.985
2024-05-16 00:30:00,o,1.65,0.05,0.8,1.789566611465325,0.041588026936,0.344,-0.024088643023,2.03,-1.036,2.607
2024-05-16 00:30:00,o,1.65,0.05,0.85,1.7761197990529878,0.029672433623,0.351,-0.018026193629,1.99,-0.966,2.903
2024-05-16 00:30:00,o,1.65,0.05,0.9,1.8132606533282192,0.027496740838,0.33,-0.015692754085,2.11,-1.183,2.843
2024-05-16 00:30:00,o,1.65,0.05,0.95,1.8407332346118068,0.031638362755,0.316,-0.016550015616,2.19,-1.338,2.864
2024-05-16 00:30:00,o,1.65,0.1,0.0,2.302590648306554,0.0017235436173,0.176,-0.0008457283219,3.06,-3.263,2.696
2024-05-16 00:30:00,o,1.65,0.1,0.95,1.8841834101378734,0.040209785906,0.294,-0.019828172315,2.31,-1.583,2.416
2024-05-16 00:30:00,o,1.65,0.15,0.0,2.3209268986182687,-0.0048657546325,0.17,0.0012551358452,3.12,-3.399,2.329
2024-05-16 00:30:00,o,1.65,0.15,0.95,1.8754432744755396,0.036990894617,0.298,-0.018720015035,2.29,-1.541,2.141
2024-05-16 00:30:00,o,1.65,0.2,0.0,2.3209268986182687,-0.0048657546325,0.17,0.0012551358452,3.12,-3.399,2.329
2024-05-16 00:30:00,o,1.65,0.2,0.95,1.8754432744755396,0.036990894617,0.298,-0.018720015035,2.29,-1.541,2.141
2024-05-16 00:30:00,o,1.65,0.25,0.0,2.3209268986182687,-0.0048657546325,0.17,0.0012551358452,3.12,-3.399,2.329
2024-05-16 00:30:00,o,1.65,0.25,0.95,1.8535278668114867,0.040794946893,0.309,-0.021546161519,2.23,-1.418,2.091
2024-05-16 00:30:00,o,1.65,0.3,0.0,2.208360724978379,-0.013280382245,0.21,0.0047317895617,2.81,-2.692,2.048
2024-05-16 00:30:00,o,1.65,0.3,0.95,1.7983674677102537,0.033459407526,0.339,-0.018880296984,2.06,-1.09,1.982
2024-05-16 00:30:00,o,1.65,0.35,0.0,2.206642408559162,-0.024725222843,0.211,0.0094535330972,2.81,-2.692,2.017
2024-05-16 00:30:00,o,1.65,0.35,0.95,1.7245625731876923,0.014369022744,0.383,-0.0089352701869,1.75,-0.592,2.005
2024-05-16 00:30:00,o,1.65,0.4,0.0,2.206642408559162,-0.024725222843,0.211,0.0094535330972,2.81,-2.692,2.017
2024-05-16 00:30:00,o,1.65,0.4,0.95,1.7245625731876923,0.014369022744,0.383,-0.0089352701869,1.75,-0.592,2.005
2024-05-16 00:30:00,o,1.65,0.45,0.0,2.1649265782705824,-0.021832048911,0.228,0.0088101425132,2.69,-2.419,1.915
2024-05-16 00:30:00,o,1.65,0.45,0.95,1.6894953259203218,0.012317405228,0.406,-0.0080331816991,1.49,-0.285,1.988
2024-05-16 00:30:00,o,1.65,0.5,0.0,2.1440602219343736,-0.01658235226,0.238,0.007772552329,2.62,-2.26,1.948
2024-05-16 00:30:00,o,1.65,0.5,0.95,1.6894953259203218,0.012317405228,0.406,-0.0080331816991,1.49,-0.285,1.988
2024-05-16 00:30:00,o,1.65,0.55,0.0,2.1440602219343736,-0.01658235226,0.238,0.007772552329,2.62,-2.26,1.948
2024-05-16 00:30:00,o,1.65,0.55,0.95,1.6820457461110832,0.016380343203,0.411,-0.008,1.38,-0.182,1.941
2024-05-16 00:30:00,o,1.65,0.6,0.0,2.1055885210228675,-0.0098156101443,0.255,0.0043217748443,2.53,-2.059,1.929
2024-05-16 00:30:00,o,1.65,0.6,0.95,1.6820457461110832,0.016380343203,0.411,-0.008,1.38,-0.182,1.941
2024-05-16 00:30:00,o,1.65,0.65,0.0,2.1055885210228675,-0.0098156101443,0.255,0.0043217748443,2.53,-2.059,1.929
2024-05-16 00:30:00,o,1.65,0.65,0.95,1.6772509773578443,0.017049775977,0.414,-0.005,1.32,-0.132,2.002
2024-05-16 00:30:00,o,1.65,0.7,0.0,2.117138666403885,-0.0095900127224,0.25,0.0046056668065,2.56,-2.126,1.91
2024-05-16 00:30:00,o,1.65,0.7,0.95,1.6196045783791664,0.007785714862,0.419,0.0,1.13,0.002,2.034
2024-05-16 00:30:00,o,1.65,0.75,0.0,2.1380783863701405,-0.0059537824794,0.24,0.0024649557261,2.61,-2.238,1.983
2024-05-16 00:30:00,o,1.65,0.75,0.95,1.6196045783791664,0.007785714862,0.419,0.0,1.13,0.002,2.034
2024-05-16 00:30:00,o,1.65,0.8,0.0,2.1380783863701405,-0.0059537824794,0.24,0.0024649557261,2.61,-2.238,1.983
2024-05-16 00:30:00,o,1.65,0.8,0.95,1.6105749989594171,0.0089495194055,0.419,0.0,1.13,0.002,2.023
2024-05-16 00:30:00,o,1.65,0.85,0.0,2.119219586550211,-0.0019133034482,0.249,0.0010088099731,2.56,-2.126,2.011
2024-05-16 00:30:00,o,1.65,0.85,0.95,1.617031810595345,0.015221610416,0.419,0.0,1.13,0.002,2.081
2024-05-16 00:30:00,o,1.65,0.9,0.0,2.119219586550211,-0.0019133034482,0.249,0.0010088099731,2.56,-2.126,2.011
2024-05-16 00:30:00,o,1.65,0.9,0.95,1.617031810595345,0.015221610416,0.419,0.0,1.13,0.002,2.081
2024-05-16 00:30:00,o,1.65,0.95,0.0,2.1247193624983125,0.010041671487,0.246,-0.0050210304397,2.58,-2.17,2.165
2024-05-16 00:30:00,o,1.65,0.95,0.95,1.617031810595345,0.015221610416,0.419,0.0,1.13,0.002,2.081
2024-05-16 00:30:00,o,1.65,1.0,0.0,2.1419574599814584,0.0085079743866,0.238,-0.0043113038719,2.62,-2.26,2.234
2024-05-16 00:30:00,o,1.65,1.0,0.95,1.6484868649978703,0.026760271563,0.419,0.0,1.13,0.002,2.276
2024-05-16 00:30:00,o,1.65,1.05,0.0,2.1419574599814584,0.0085079743866,0.238,-0.0043113038719,2.62,-2.26,2.234
2024-05-16 00:30:00,o,1.65,1.05,0.95,1.6484868649978703,0.026760271563,0.419,0.0,1.13,0.002,2.276
2024-05-16 00:30:00,o,1.65,1.1,0.0,2.062510535969001,0.0038681774171,0.277,-0.0019270337801,2.4,-1.774,2.547
2024-05-16 00:30:00,o,1.65,1.1,0.95,1.6532897148211259,0.027421886844,0.419,0.0,1.13,0.002,2.543
2024-05-16 00:30:00,o,1.65,1.15,0.0,2.062510535969001,0.0038681774171,0.277,-0.0019270337801,2.4,-1.774,2.547
2024-05-16 00:30:00,o,1.65,1.15,0.05,2.062510535969001,0.0038681774171,0.277,-0.0019270337801,2.4,-1.774,2.547
2024-05-16 00:30:00,o,1.65,1.15,0.1,2.059188407270002,-0.0064547852456,0.279,0.0037223368948,2.4,-1.774,3.034
2024-05-16 00:30:00,o,1.65,1.15,0.15,2.0273373739550706,-0.0067614258275,0.282,0.0031964643013,2.38,-1.731,2.995
2024-05-16 00:30:00,o,1.65,1.15,0.2,2.0273373739550706,-0.0067614258275,0.282,0.0031964643013,2.38,-1.731,2.995
2024-05-16 00:30:00,o,1.65,1.15,0.25,1.9922750913445324,-0.013458665344,0.28,0.007400874369,2.39,-1.752,2.282
2024-05-16 00:30:00,o,1.65,1.15,0.3,1.9922750913445324,-0.013458665344,0.28,0.007400874369,2.39,-1.752,2.282
2024-05-16 00:30:00,o,1.65,1.15,0.35,1.915215102041841,-0.019217695074,0.311,0.011312656255,2.22,-1.398,2.286
2024-05-16 00:30:00,o,1.65,1.15,0.4,1.915215102041841,-0.019217695074,0.311,0.011312656255,2.22,-1.398,2.286
2024-05-16 00:30:00,o,1.65,1.15,0.45,1.8874372445778074,-0.012673055441,0.321,0.0073022725225,2.16,-1.279,2.246
2024-05-16 00:30:00,o,1.65,1.15,0.5,1.8140877033025864,-0.012492401885,0.355,0.0080134371502,1.97,-0.931,2.102
2024-05-16 00:30:00,o,1.65,1.15,0.55,1.7731718565084016,-0.021448619318,0.379,0.015222805256,1.8,-0.663,2.104
2024-05-16 00:30:00,o,1.65,1.15,0.6,1.7038586003275193,-0.030629192977,0.42,0.022977465377,1.08,0.032,2.157
2024-05-16 00:30:00,o,1.65,1.15,0.65,1.6474123133450558,-0.025175005001,0.421,0.0,1.03,0.06,2.133
2024-05-16 00:30:00,o,1.65,1.15,0.7,1.6241995617263543,-0.019450476491,0.419,0.0,1.13,0.002,2.252
2024-05-16 00:30:00,o,1.65,1.15,0.75,1.6250447937002688,0.0010413133687,0.419,0.0,1.13,0.002,2.357
2024-05-16 00:30:00,o,1.65,1.15,0.8,1.623228609215873,0.0086582911559,0.419,0.0,1.13,0.002,2.618
2024-05-16 00:30:00,o,1.65,1.15,0.85,1.5950440557146153,-0.013353595988,0.419,0.0,1.13,0.002,3.057
2024-05-16 00:30:00,o,1.65,1.15,0.9,1.6089002640888495,-0.00336424736,0.419,0.0,1.13,0.002,3.035
2024-05-16 00:30:00,o,1.65,1.15,0.95,1.662597301882015,0.030129886401,0.419,0.0,1.13,0.002,2.509
2024-05-16 00:30:00,o,1.7,0.05,0.0,2.220829568403202,0.0099521505215,0.206,-0.0034669745163,2.83,-2.738,2.825
2024-05-16 00:30:00,o,1.7,0.05,0.05,2.2637709511031807,0.010600200743,0.19,-0.0034470822698,2.96,-3.035,3.293
2024-05-16 00:30:00,o,1.7,0.05,0.1,2.294239099107284,0.011632844951,0.179,-0.0040263291873,3.04,-3.218,3.226
2024-05-16 00:30:00,o,1.7,0.05,0.15,2.249161654898149,0.018837930562,0.186,-0.0066871322587,2.98,-3.081,2.349
2024-05-16 00:30:00,o,1.7,0.05,0.2,2.249161654898149,0.018837930562,0.186,-0.0066871322587,2.98,-3.081,2.349
2024-05-16 00:30:00,o,1.7,0.05,0.25,2.0908151165342748,0.03846751731,0.232,-0.017659262508,2.66,-2.351,2.178
2024-05-16 00:30:00,o,1.7,0.05,0.3,2.0908151165342748,0.03846751731,0.232,-0.017659262508,2.66,-2.351,2.178
2024-05-16 00:30:00,o,1.7,0.05,0.35,2.030089439964261,0.04695951523,0.253,-0.023564726801,2.54,-2.081,2.285
2024-05-16 00:30:00,o,1.7,0.05,0.4,1.962122991955724,0.047198343751,0.281,-0.026349561153,2.39,-1.752,2.208
2024-05-16 00:30:00,o,1.7,0.05,0.45,1.8234220585315328,0.048350717696,0.347,-0.033404811029,2.01,-1.001,2.086
2024-05-16 00:30:00,o,1.7,0.05,0.5,1.835449582156175,0.04666627817,0.339,-0.031662782028,2.06,-1.09,2.066
2024-05-16 00:30:00,o,1.7,0.05,0.55,1.8367227745482622,0.044120993383,0.337,-0.028650934409,2.07,-1.109,2.108
2024-05-16 00:30:00,o,1.7,0.05,0.6,1.7594563106511916,0.042535237484,0.371,-0.028922457041,1.86,-0.753,2.116
2024-05-16 00:30:00,o,1.7,0.05,0.65,1.7594563106511916,0.042535237484,0.371,-0.028922457041,1.86,-0.753,2.116
2024-05-16 00:30:00,o,1.7,0.05,0.7,1.7379635069700838,0.032082696815,0.377,-0.021071997207,1.81,-0.678,2.131
2024-05-16 00:30:00,o,1.7,0.05,0.75,1.7519715747363274,0.031663395885,0.366,-0.019404370824,1.88,-0.784,2.082
2024-05-16 00:30:00,o,1.7,0.05,0.8,1.7665838540752892,0.026150104025,0.357,-0.015731435133,1.95,-0.897,2.296
2024-05-16 00:30:00,o,1.7,0.05,0.85,1.7761197990529878,0.029672433623,0.351,-0.018026193629,1.99,-0.966,2.903
2024-05-16 00:30:00,o,1.7,0.05,0.9,1.8132606533282192,0.027496740838,0.33,-0.015692754085,2.11,-1.183,2.843
2024-05-16 00:30:00,o,1.7,0.05,0.95,1.8407332346118068,0.031638362755,0.316,-0.016550015616,2.19,-1.338,2.864
2024-05-16 00:30:00,o,1.7,0.1,0.0,2.302590648306554,0.0017235436173,0.176,-0.0008457283219,3.06,-3.263,2.696
2024-05-16 00:30:00,o,1.7,0.1,0.95,1.8132606533282192,0.027496740838,0.33,-0.015692754085,2.11,-1.183,2.843
2024-05-16 00:30:00,o,1.7,0.15,0.0,2.3209268986182687,-0.0048657546325,0.17,0.0012551358452,3.12,-3.399,2.329
2024-05-16 00:30:00,o,1.7,0.15,0.95,1.8841834101378734,0.040209785906,0.294,-0.019828172315,2.31,-1.583,2.416
2024-05-16 00:30:00,o,1.7,0.2,0.0,2.307005842966238,-0.029305765202,0.175,0.0095614761818,3.07,-3.286,2.092
2024-05-16 00:30:00,o,1.7,0.2,0.95,1.8312425047247773,0.027744419831,0.321,-0.014656497423,2.16,-1.279,2.048
2024-05-16 00:30:00,o,1.7,0.25,0.0,2.307005842966238,-0.029305765202,0.175,0.0095614761818,3.07,-3.286,2.092
2024-05-16 00:30:00,o,1.7,0.25,0.95,1.7974752875373343,0.027603383824,0.339,-0.015941166597,2.06,-1.09,1.993
2024-05-16 00:30:00,o,1.7,0.3,0.0,2.269533957958648,-0.035087958487,0.188,0.012399027277,2.97,-3.058,1.955
2024-05-16 00:30:00,o,1.7,0.3,0.95,1.7974752875373343,0.027603383824,0.339,-0.015941166597,2.06,-1.09,1.993
2024-05-16 00:30:00,o,1.7,0.35,0.0,2.206642408559162,-0.024725222843,0.211,0.0094535330972,2.81,-2.692,2.017
2024-05-16 00:30:00,o,1.7,0.35,0.95,1.7633531087482155,0.022036020848,0.359,-0.013184851409,1.94,-0.881,1.985
2024-05-16 00:30:00,o,1.7,0.4,0.0,2.206642408559162,-0.024725222843,0.211,0.0094535330972,2.81,-2.692,2.017
2024-05-16 00:30:00,o,1.7,0.4,0.95,1.7633531087482155,0.022036020848,0.359,-0.013184851409,1.94,-0.881,1.985
2024-05-16 00:30:00,o,1.7,0.45,0.0,2.1649265782705824,-0.021832048911,0.228,0.0088101425132,2.69,-2.419,1.915
2024-05-16 00:30:00,o,1.7,0.45,0.95,1.6894953259203218,0.012317405228,0.406,-0.0080331816991,1.49,-0.285,1.988
2024-05-16 00:30:00,o,1.7,0.5,0.0,2.1649265782705824,-0.021832048911,0.228,0.0088101425132,2.69,-2.419,1.915
2024-05-16 00:30:00,o,1.7,0.5,0.95,1.6820457461110832,0.016380343203,0.411,-0.008,1.38,-0.182,1.941
2024-05-16 00:30:00,o,1.7,0.55,0.0,2.1440602219343736,-0.01658235226,0.238,0.007772552329,2.62,-2.26,1.948
2024-05-16 00:30:00,o,1.7,0.55,0.95,1.6772509773578443,0.017049775977,0.414,-0.005,1.32,-0.132,2.002
2024-05-16 00:30:00,o,1.7,0.6,0.0,2.1055885210228675,-0.0098156101443,0.255,0.0043217748443,2.53,-2.059,1.929
2024-05-16 00:30:00,o,1.7,0.6,0.95,1.6772509773578443,0.017049775977,0.414,-0.005,1.32,-0.132,2.002
2024-05-16 00:30:00,o,1.7,0.65,0.0,2.117138666403885,-0.0095900127224,0.25,0.0046056668065,2.56,-2.126,1.91
2024-05-16 00:30:00,o,1.7,0.65,0.95,1.6772509773578443,0.017049775977,0.414,-0.005,1.32,-0.132,2.002
2024-05-16 00:30:00,o,1.7,0.7,0.0,2.117138666403885,-0.0095900127224,0.25,0.0046056668065,2.56,-2.126,1.91
2024-05-16 00:30:00,o,1.7,0.7,0.95,1.650074282266017,0.012814769823,0.419,0.0,1.13,0.002,2.007
2024-05-16 00:30:00,o,1.7,0.75,0.0,2.1380783863701405,-0.0059537824794,0.24,0.0024649557261,2.61,-2.238,1.983
2024-05-16 00:30:00,o,1.7,0.75,0.95,1.6196045783791664,0.007785714862,0.419,0.0,1.13,0.002,2.034
2024-05-16 00:30:00,o,1.7,0.8,0.0,2.1380783863701405,-0.0059537824794,0.24,0.0024649557261,2.61,-2.238,1.983
2024-05-16 00:30:00,o,1.7,0.8,0.95,1.6147496151590741,0.01078291979,0.419,0.0,1.13,0.002,2.025
2024-05-16 00:30:00,o,1.7,0.85,0.0,2.1380783863701405,-0.0059537824794,0.24,0.0024649557261,2.61,-2.238,1.983
2024-05-16 00:30:00,o,1.7,0.85,0.95,1.6147496151590741,0.01078291979,0.419,0.0,1.13,0.002,2.025
2024-05-16 00:30:00,o,1.7,0.9,0.0,2.119219586550211,-0.0019133034482,0.249,0.0010088099731,2.56,-2.126,2.011
2024-05-16 00:30:00,o,1.7,0.9,0.95,1.6242408307416276,0.011817270077,0.419,0.0,1.13,0.002,2.109
2024-05-16 00:30:00,o,1.7,0.95,0.0,2.1419574599814584,0.0085079743866,0.238,-0.0043113038719,2.62,-2.26,2.234
2024-05-16 00:30:00,o,1.7,0.95,0.95,1.6242408307416276,0.011817270077,0.419,0.0,1.13,0.002,2.109
2024-05-16 00:30:00,o,1.7,1.0,0.0,2.1419574599814584,0.0085079743866,0.238,-0.0043113038719,2.62,-2.26,2.234
2024-05-16 00:30:00,o,1.7,1.0,0.95,1.6337107848792265,0.014189634423,0.419,0.0,1.13,0.002,2.182
2024-05-16 00:30:00,o,1.7,1.05,0.0,2.1419574599814584,0.0085079743866,0.238,-0.0043113038719,2.62,-2.26,2.234
2024-05-16 00:30:00,o,1.7,1.05,0.95,1.6484868649978703,0.026760271563,0.419,0.0,1.13,0.002,2.276
2024-05-16 00:30:00,o,1.7,1.1,0.0,2.062510535969001,0.0038681774171,0.277,-0.0019270337801,2.4,-1.774,2.547
2024-05-16 00:30:00,o,1.7,1.1,0.95,1.6089002640888495,-0.00336424736,0.419,0.0,1.13,0.002,3.035
2024-05-16 00:30:00,o,1.7,1.15,0.0,2.0537658523807147,-0.0085528432781,0.281,0.0039953464915,2.39,-1.752,2.802
2024-05-16 00:30:00,o,1.7,1.15,0.05,2.0425637000996257,-0.0034004654497,0.287,0.0013405410989,2.35,-1.667,3.107
2024-05-16 00:30:00,o,1.7,1.15,0.1,2.059188407270002,-0.0064547852456,0.279,0.0037223368948,2.4,-1.774,3.034
2024-05-16 00:30:00,o,1.7,1.15,0.15,2.0273373739550706,-0.0067614258275,0.282,0.0031964643013,2.38,-1.731,2.995
2024-05-16 00:30:00,o,1.7,1.15,0.2,2.0409305079168902,-0.013172889983,0.268,0.0061948595184,2.46,-1.904,2.454
2024-05-16 00:30:00,o,1.7,1.15,0.25,1.9922750913445324,-0.013458665344,0.28,0.007400874369,2.39,-1.752,2.282
2024-05-16 00:30:00,o,1.7,1.15,0.3,1.9922750913445324,-0.013458665344,0.28,0.007400874369,2.39,-1.752,2.282
2024-05-16 00:30:00,o,1.7,1.15,0.35,1.915215102041841,-0.019217695074,0.311,0.011312656255,2.22,-1.398,2.286
2024-05-16 00:30:00,o,1.7,1.15,0.4,1.915215102041841,-0.019217695074,0.311,0.011312656255,2.22,-1.398,2.286
2024-05-16 00:30:00,o,1.7,1.15,0.45,1.8692845361183843,-0.027467588009,0.328,0.016535270391,2.12,-1.202,2.215
2024-05-16 00:30:00,o,1.7,1.15,0.5,1.7731718565084016,-0.021448619318,0.379,0.015222805256,1.8,-0.663,2.104
2024-05-16 00:30:00,o,1.7,1.15,0.55,1.7038586003275193,-0.030629192977,0.42,0.022977465377,1.08,0.032,2.157
2024-05-16 00:30:00,o,1.7,1.15,0.6,1.7038586003275193,-0.030629192977,0.42,0.022977465377,1.08,0.032,2.157
2024-05-16 00:30:00,o,1.7,1.15,0.65,1.6474123133450558,-0.025175005001,0.421,0.0,1.03,0.06,2.133
2024-05-16 00:30:00,o,1.7,1.15,0.7,1.6241995617263543,-0.019450476491,0.419,0.0,1.13,0.002,2.252
2024-05-16 00:30:00,o,1.7,1.15,0.75,1.615413424407249,-0.026467027308,0.419,0.0,1.13,0.002,2.344
2024-05-16 00:30:00,o,1.7,1.15,0.8,1.6067037413336742,-0.018968757185,0.419,0.0,1.13,0.002,2.483
2024-05-16 00:30:00,o,1.7,1.15,0.85,1.5950440557146153,-0.013353595988,0.419,0.0,1.13,0.002,3.057
2024-05-16 00:30:00,o,1.7,1.15,0.9,1.6089002640888495,-0.00336424736,0.419,0.0,1.13,0.002,3.035
2024-05-16 00:30:00,o,1.7,1.15,0.95,1.629684768976202,0.0093821101903,0.419,0.0,1.13,0.002,3.053
2024-05-16 00:30:00,o,1.75,0.05,0.0,2.220829568403202,0.0099521505215,0.206,-0.0034669745163,2.83,-2.738,2.825
2024-05-16 00:30:00,o,1.75,0.05,0.05,2.2072330048104036,0.0017146760734,0.211,-0.00058939692184,2.81,-2.692,3.054
2024-05-16 00:30:00,o,1.75,0.05,0.1,2.2451176750794155,-0.0044035305724,0.195,0.0012123244352,2.91,-2.921,2.89
2024-05-16 00:30:00,o,1.75,0.05,0.15,2.210409490041543,0.0022907493033,0.199,-0.00050707752094,2.89,-2.875,2.644
2024-05-16 00:30:00,o,1.75,0.05,0.2,2.1855138242185386,0.022188426672,0.205,-0.0085092991968,2.85,-2.783,2.39
2024-05-16 00:30:00,o,1.75,0.05,0.25,2.0908151165342748,0.03846751731,0.232,-0.017659262508,2.66,-2.351,2.178
2024-05-16 00:30:00,o,1.75,0.05,0.3,2.0908151165342748,0.03846751731,0.232,-0.017659262508,2.66,-2.351,2.178
2024-05-16 00:30:00,o,1.75,0.05,0.35,1.962122991955724,0.047198343751,0.281,-0.026349561153,2.39,-1.752,2.208
2024-05-16 00:30:00,o,1.75,0.05,0.4,1.962122991955724,0.047198343751,0.281,-0.026349561153,2.39,-1.752,2.208
2024-05-16 00:30:00,o,1.75,0.05,0.45,1.89657030606194,0.04606497911,0.308,-0.028108405065,2.23,-1.418,2.051
2024-05-16 00:30:00,o,1.75,0.05,0.5,1.8234220585315328,0.048350717696,0.347,-0.033404811029,2.01,-1.001,2.086
2024-05-16 00:30:00,o,1.75,0.05,0.55,1.8234220585315328,0.048350717696,0.347,-0.033404811029,2.01,-1.001,2.086
2024-05-16 00:30:00,o,1.75,0.05,0.6,1.7379635069700838,0.032082696815,0.377,-0.021071997207,1.81,-0.678,2.131
2024-05-16 00:30:00,o,1.75,0.05,0.65,1.7379635069700838,0.032082696815,0.377,-0.021071997207,1.81,-0.678,2.131
2024-05-16 00:30:00,o,1.75,0.05,0.7,1.7379635069700838,0.032082696815,0.377,-0.021071997207,1.81,-0.678,2.131
2024-05-16 00:30:00,o,1.75,0.05,0.75,1.7356388146361155,0.028136768506,0.376,-0.017691709742,1.81,-0.678,2.221
2024-05-16 00:30:00,o,1.75,0.05,0.8,1.7520253873232128,0.023980185751,0.366,-0.014482221076,1.88,-0.784,2.336
2024-05-16 00:30:00,o,1.75,0.05,0.85,1.7665838540752892,0.026150104025,0.357,-0.015731435133,1.95,-0.897,2.296
2024-05-16 00:30:00,o,1.75,0.05,0.9,1.8039007434137593,0.020869485789,0.335,-0.012265699667,2.09,-1.146,2.503
2024-05-16 00:30:00,o,1.75,0.05,0.95,1.8039007434137593,0.020869485789,0.335,-0.012265699667,2.09,-1.146,2.503
2024-05-16 00:30:00,o,1.75,0.1,0.0,2.220829568403202,0.0099521505215,0.206,-0.0034669745163,2.83,-2.738,2.825
2024-05-16 00:30:00,o,1.75,0.1,0.95,1.8039007434137593,0.020869485789,0.335,-0.012265699667,2.09,-1.146,2.503
2024-05-16 00:30:00,o,1.75,0.15,0.0,2.307005842966238,-0.029305765202,0.175,0.0095614761818,3.07,-3.286,2.092
2024-05-16 00:30:00,o,1.75,0.15,0.95,1.8031907213085567,0.023601444305,0.336,-0.013257129715,2.08,-1.127,2.024
2024-05-16 00:30:00,o,1.75,0.2,0.0,2.307005842966238,-0.029305765202,0.175,0.0095614761818,3.07,-3.286,2.092
2024-05-16 00:30:00,o,1.75,0.2,0.95,1.8031907213085567,0.023601444305,0.336,-0.013257129715,2.08,-1.127,2.024
2024-05-16 00:30:00,o,1.75,0.25,0.0,2.307005842966238,-0.029305765202,0.175,0.0095614761818,3.07,-3.286,2.092
2024-05-16 00:30:00,o,1.75,0.25,0.95,1.7974752875373343,0.027603383824,0.339,-0.015941166597,2.06,-1.09,1.993
2024-05-16 00:30:00,o,1.75,0.3,0.0,2.269533957958648,-0.035087958487,0.188,0.012399027277,2.97,-3.058,1.955
2024-05-16 00:30:00,o,1.75,0.3,0.95,1.7974752875373343,0.027603383824,0.339,-0.015941166597,2.06,-1.09,1.993
2024-05-16 00:30:00,o,1.75,0.35,0.0,2.269533957958648,-0.035087958487,0.188,0.012399027277,2.97,-3.058,1.955
2024-05-16 00:30:00,o,1.75,0.35,0.95,1.7633531087482155,0.022036020848,0.359,-0.013184851409,1.94,-0.881,1.985
2024-05-16 00:30:00,o,1.75,0.4,0.0,2.206642408559162,-0.024725222843,0.211,0.0094535330972,2.81,-2.692,2.017
2024-05-16 00:30:00,o,1.75,0.4,0.95,1.7593278289846344,0.028698955782,0.361,-0.017852578299,1.92,-0.848,1.968
2024-05-16 00:30:00,o,1.75,0.45,0.0,2.1649265782705824,-0.021832048911,0.228,0.0088101425132,2.69,-2.419,1.915
2024-05-16 00:30:00,o,1.75,0.45,0.95,1.7370653582718498,0.033627806613,0.375,-0.021359074188,1.82,-0.692,1.916
2024-05-16 00:30:00,o,1.75,0.5,0.0,2.1649265782705824,-0.021832048911,0.228,0.0088101425132,2.69,-2.419,1.915
2024-05-16 00:30:00,o,1.75,0.5,0.95,1.7012656868909528,0.025459859094,0.398,-0.016978038947,1.6,-0.403,1.951
2024-05-16 00:30:00,o,1.75,0.55,0.0,2.1434769685198214,-0.028772662893,0.238,0.01274511972,2.62,-2.26,1.829
2024-05-16 00:30:00,o,1.75,0.55,0.95,1.7012656868909528,0.025459859094,0.398,-0.016978038947,1.6,-0.403,1.951
2024-05-16 00:30:00,o,1.75,0.6,0.0,2.138091026734598,-0.026410534575,0.24,0.011437840006,2.61,-2.238,1.828
2024-05-16 00:30:00,o,1.75,0.6,0.95,1.7012656868909528,0.025459859094,0.398,-0.016978038947,1.6,-0.403,1.951
2024-05-16 00:30:00,o,1.75,0.65,0.0,2.117138666403885,-0.0095900127224,0.25,0.0046056668065,2.56,-2.126,1.91
2024-05-16 00:30:00,o,1.75,0.65,0.95,1.6772509773578443,0.017049775977,0.414,-0.005,1.32,-0.132,2.002
2024-05-16 00:30:00,o,1.75,0.7,0.0,2.117138666403885,-0.0095900127224,0.25,0.0046056668065,2.56,-2.126,1.91
2024-05-16 00:30:00,o,1.75,0.7,0.95,1.6583644156870716,0.015178319888,0.419,0.0,1.13,0.002,2.0
2024-05-16 00:30:00,o,1.75,0.75,0.0,2.1380783863701405,-0.0059537824794,0.24,0.0024649557261,2.61,-2.238,1.983
2024-05-16 00:30:00,o,1.75,0.75,0.95,1.6583644156870716,0.015178319888,0.419,0.0,1.13,0.002,2.0
2024-05-16 00:30:00,o,1.75,0.8,0.0,2.1380783863701405,-0.0059537824794,0.24,0.0024649557261,2.61,-2.238,1.983
2024-05-16 00:30:00,o,1.75,0.8,0.95,1.6433638344375516,0.010279343665,0.419,0.0,1.13,0.002,1.977
2024-05-16 00:30:00,o,1.75,0.85,0.0,2.1380783863701405,-0.0059537824794,0.24,0.0024649557261,2.61,-2.238,1.983
2024-05-16 00:30:00,o,1.75,0.85,0.95,1.629328033794581,0.0045922805129,0.419,0.0,1.13,0.002,2.072
2024-05-16 00:30:00,o,1.75,0.9,0.0,2.1629197016136037,-0.0096511233067,0.229,0.0038811839721,2.69,-2.419,1.993
2024-05-16 00:30:00,o,1.75,0.9,0.95,1.629328033794581,0.0045922805129,0.419,0.0,1.13,0.002,2.072
2024-05-16 00:30:00,o,1.75,0.95,0.0,2.2428121568187276,-0.007949291161,0.197,0.0026741535862,2.9,-2.898,2.13
2024-05-16 00:30:00,o,1.75,0.95,0.95,1.6242408307416276,0.011817270077,0.419,0.0,1.13,0.002,2.109
2024-05-16 00:30:00,o,1.75,1.0,0.0,2.199629038064653,0.0013817005339,0.214,-0.00050343587389,2.78,-2.623,2.324
2024-05-16 00:30:00,o,1.75,1.0,0.95,1.6337107848792265,0.014189634423,0.419,0.0,1.13,0.002,2.182
2024-05-16 00:30:00,o,1.75,1.05,0.0,2.199629038064653,0.0013817005339,0.214,-0.00050343587389,2.78,-2.623,2.324
2024-05-16 00:30:00,o,1.75,1.05,0.95,1.631118941412462,0.00069106638744,0.419,0.0,1.13,0.002,2.232
2024-05-16 00:30:00,o,1.75,1.1,0.0,2.1785741033799253,-0.015926363058,0.223,0.0069792735533,2.73,-2.51,2.72
2024-05-16 00:30:00,o,1.75,1.1,0.95,1.6166330286633939,-0.0059539749391,0.419,0.0,1.13,0.002,2.464
2024-05-16 00:30:00,o,1.75,1.15,0.0,2.0537658523807147,-0.0085528432781,0.281,0.0039953464915,2.39,-1.752,2.802
2024-05-16 00:30:00,o,1.75,1.15,0.05,2.0960161843822505,-0.013420611588,0.26,0.006491873907,2.5,-1.992,3.022
2024-05-16 00:30:00,o,1.75,1.15,0.1,2.116026303455129,-0.015239393325,0.249,0.0066049042159,2.56,-2.126,2.885
2024-05-16 00:30:00,o,1.75,1.15,0.15,2.165713099206169,-0.021305354564,0.218,0.0081557429025,2.75,-2.555,2.819
2024-05-16 00:30:00,o,1.75,1.15,0.2,2.0999187818417373,-0.019053205198,0.242,0.0090063152433,2.61,-2.238,2.396
2024-05-16 00:30:00,o,1.75,1.15,0.25,1.9922750913445324,-0.013458665344,0.28,0.007400874369,2.39,-1.752,2.282
2024-05-16 00:30:00,o,1.75,1.15,0.3,2.012630569432658,-0.015826808355,0.271,0.0078582264453,2.43,-1.839,2.172
2024-05-16 00:30:00,o,1.75,1.15,0.35,1.8692845361183843,-0.027467588009,0.328,0.016535270391,2.12,-1.202,2.215
2024-05-16 00:30:00,o,1.75,1.15,0.4,1.8692845361183843,-0.027467588009,0.328,0.016535270391,2.12,-1.202,2.215
2024-05-16 00:30:00,o,1.75,1.15,0.45,1.8625904864915321,-0.038022399683,0.333,0.023216553758,2.1,-1.164,2.276
2024-05-16 00:30:00,o,1.75,1.15,0.5,1.7606410836061712,-0.043614236032,0.388,0.030290416345,1.71,-0.539,2.17
2024-05-16 00:30:00,o,1.75,1.15,0.55,1.702077097551912,-0.039704598591,0.421,0.029185006104,1.03,0.06,2.163
2024-05-16 00:30:00,o,1.75,1.15,0.6,1.702077097551912,-0.039704598591,0.421,0.029185006104,1.03,0.06,2.163
2024-05-16 00:30:00,o,1.75,1.15,0.65,1.6348801407665263,-0.033076861485,0.419,0.0,1.13,0.002,2.233
2024-05-16 00:30:00,o,1.75,1.15,0.7,1.6285830418439937,-0.028434545496,0.419,0.0,1.13,0.002,2.169
2024-05-16 00:30:00,o,1.75,1.15,0.75,1.615413424407249,-0.026467027308,0.419,0.0,1.13,0.002,2.344
2024-05-16 00:30:00,o,1.75,1.15,0.8,1.6143065113130337,-0.02203091054,0.419,0.0,1.13,0.002,2.524
2024-05-16 00:30:00,o,1.75,1.15,0.85,1.6067037413336742,-0.018968757185,0.419,0.0,1.13,0.002,2.483
2024-05-16 00:30:00,o,1.75,1.15,0.9,1.6166330286633939,-0.0059539749391,0.419,0.0,1.13,0.002,2.464
2024-05-16 00:30:00,o,1.75,1.15,0.95,1.626935446018323,0.0010676180415,0.419,0.0,1.13,0.002,2.724
2024-05-16 00:30:00,o,1.8,0.05,0.0,2.234932145294634,-0.010989948128,0.2,0.0038969767613,2.87,-2.829,2.613
2024-05-16 00:30:00,o,1.8,0.05,0.05,2.2072330048104036,0.0017146760734,0.211,-0.00058939692184,2.81,-2.692,3.054
2024-05-16 00:30:00,o,1.8,0.05,0.1,2.2451176750794155,-0.0044035305724,0.195,0.0012123244352,2.91,-2.921,2.89
2024-05-16 00:30:00,o,1.8,0.05,0.15,2.210409490041543,0.0022907493033,0.199,-0.00050707752094,2.89,-2.875,2.644
2024-05-16 00:30:00,o,1.8,0.05,0.2,2.210409490041543,0.0022907493033,0.199,-0.00050707752094,2.89,-2.875,2.644
2024-05-16 00:30:00,o,1.8,0.05,0.25,2.212099670852698,-0.0088865826322,0.193,0.0031758239767,2.93,-2.966,2.514
2024-05-16 00:30:00,o,1.8,0.05,0.3,2.033367454404887,0.027021234058,0.25,-0.012612447384,2.56,-2.126,2.134
2024-05-16 00:30:00,o,1.8,0.05,0.35,2.033367454404887,0.027021234058,0.25,-0.012612447384,2.56,-2.126,2.134
2024-05-16 00:30:00,o,1.8,0.05,0.4,1.975063996095236,0.04063119898,0.27,-0.021774887469,2.44,-1.861,2.183
2024-05-16 00:30:00,o,1.8,0.05,0.45,1.89657030606194,0.04606497911,0.308,-0.028108405065,2.23,-1.418,2.051
2024-05-16 00:30:00,o,1.8,0.05,0.5,1.8234220585315328,0.048350717696,0.347,-0.033404811029,2.01,-1.001,2.086
2024-05-16 00:30:00,o,1.8,0.05,0.55,1.7660483032393235,0.048494293307,0.379,-0.034836653929,1.8,-0.663,2.041
2024-05-16 00:30:00,o,1.8,0.05,0.6,1.7367230963943996,0.044705034115,0.386,-0.030896035803,1.73,-0.565,1.957
2024-05-16 00:30:00,o,1.8,0.05,0.65,1.7304269452660446,0.038673745153,0.379,-0.025117577843,1.8,-0.663,2.072
2024-05-16 00:30:00,o,1.8,0.05,0.7,1.7311050512159205,0.03306543294,0.379,-0.021542360202,1.8,-0.663,2.141
2024-05-16 00:30:00,o,1.8,0.05,0.75,1.7356388146361155,0.028136768506,0.376,-0.017691709742,1.81,-0.678,2.221
2024-05-16 00:30:00,o,1.8,0.05,0.8,1.7520253873232128,0.023980185751,0.366,-0.014482221076,1.88,-0.784,2.336
2024-05-16 00:30:00,o,1.8,0.05,0.85,1.7674601367990468,0.022486900764,0.356,-0.013931044814,1.96,-0.914,2.672
2024-05-16 00:30:00,o,1.8,0.05,0.9,1.7886632131208575,0.019256344207,0.344,-0.011215489493,2.03,-1.036,2.687
2024-05-16 00:30:00,o,1.8,0.05,0.95,1.8039007434137593,0.020869485789,0.335,-0.012265699667,2.09,-1.146,2.503
2024-05-16 00:30:00,o,1.8,0.1,0.0,2.234932145294634,-0.010989948128,0.2,0.0038969767613,2.87,-2.829,2.613
2024-05-16 00:30:00,o,1.8,0.1,0.95,1.7913958742348077,0.015457917701,0.342,-0.0093821621924,2.04,-1.054,2.491
2024-05-16 00:30:00,o,1.8,0.15,0.0,2.2998383955448753,-0.029531004556,0.177,0.0093867353996,3.06,-3.263,2.164
2024-05-16 00:30:00,o,1.8,0.15,0.95,1.7957201675605703,0.02013156224,0.34,-0.011586157633,2.06,-1.09,2.066
2024-05-16 00:30:00,o,1.8,0.2,0.0,2.307005842966238,-0.029305765202,0.175,0.0095614761818,3.07,-3.286,2.092
2024-05-16 00:30:00,o,1.8,0.2,0.95,1.7957201675605703,0.02013156224,0.34,-0.011586157633,2.06,-1.09,2.066
2024-05-16 00:30:00,o,1.8,0.25,0.0,2.307005842966238,-0.029305765202,0.175,0.0095614761818,3.07,-3.286,2.092
2024-05-16 00:30:00,o,1.8,0.25,0.95,1.7786359419859614,0.03024632505,0.35,-0.017837377635,1.99,-0.966,1.919
2024-05-16 00:30:00,o,1.8,0.3,0.0,2.269533957958648,-0.035087958487,0.188,0.012399027277,2.97,-3.058,1.955
2024-05-16 00:30:00,o,1.8,0.3,0.95,1.7796181333007302,0.031422351105,0.349,-0.018955848036,2.0,-0.983,1.925
2024-05-16 00:30:00,o,1.8,0.35,0.0,2.269533957958648,-0.035087958487,0.188,0.012399027277,2.97,-3.058,1.955
2024-05-16 00:30:00,o,1.8,0.35,0.95,1.7706090332112838,0.036345404298,0.355,-0.021571777515,1.97,-0.931,1.94
2024-05-16 00:30:00,o,1.8,0.4,0.0,2.269533957958648,-0.035087958487,0.188,0.012399027277,2.97,-3.058,1.955
2024-05-16 00:30:00,o,1.8,0.4,0.95,1.7593278289846344,0.028698955782,0.361,-0.017852578299,1.92,-0.848,1.968
2024-05-16 00:30:00,o,1.8,0.45,0.0,2.1434769685198214,-0.028772662893,0.238,0.01274511972,2.62,-2.26,1.829
2024-05-16 00:30:00,o,1.8,0.45,0.95,1.7370653582718498,0.033627806613,0.375,-0.021359074188,1.82,-0.692,1.916
2024-05-16 00:30:00,o,1.8,0.5,0.0,2.1434769685198214,-0.028772662893,0.238,0.01274511972,2.62,-2.26,1.829
2024-05-16 00:30:00,o,1.8,0.5,0.95,1.7261646249253857,0.032191586921,0.382,-0.020640501903,1.77,-0.62,1.936
2024-05-16 00:30:00,o,1.8,0.55,0.0,2.1434769685198214,-0.028772662893,0.238,0.01274511972,2.62,-2.26,1.829
2024-05-16 00:30:00,o,1.8,0.55,0.95,1.7261646249253857,0.032191586921,0.382,-0.020640501903,1.77,-0.62,1.936
2024-05-16 00:30:00,o,1.8,0.6,0.0,2.138091026734598,-0.026410534575,0.24,0.011437840006,2.61,-2.238,1.828
2024-05-16 00:30:00,o,1.8,0.6,0.95,1.7012656868909528,0.025459859094,0.398,-0.016978038947,1.6,-0.403,1.951
2024-05-16 00:30:00,o,1.8,0.65,0.0,2.138091026734598,-0.026410534575,0.24,0.011437840006,2.61,-2.238,1.828
2024-05-16 00:30:00,o,1.8,0.65,0.95,1.7008248182421979,0.028967274794,0.398,-0.019708972405,1.6,-0.403,1.906
2024-05-16 00:30:00,o,1.8,0.7,0.0,2.138091026734598,-0.026410534575,0.24,0.011437840006,2.61,-2.238,1.828
2024-05-16 00:30:00,o,1.8,0.7,0.95,1.6583644156870716,0.015178319888,0.419,0.0,1.13,0.002,2.0
2024-05-16 00:30:00,o,1.8,0.75,0.0,2.1380783863701405,-0.0059537824794,0.24,0.0024649557261,2.61,-2.238,1.983
2024-05-16 00:30:00,o,1.8,0.75,0.95,1.6583644156870716,0.015178319888,0.419,0.0,1.13,0.002,2.0
2024-05-16 00:30:00,o,1.8,0.8,0.0,2.1629197016136037,-0.0096511233067,0.229,0.0038811839721,2.69,-2.419,1.993
2024-05-16 00:30:00,o,1.8,0.8,0.95,1.6433638344375516,0.010279343665,0.419,0.0,1.13,0.002,1.977
2024-05-16 00:30:00,o,1.8,0.85,0.0,2.1629197016136037,-0.0096511233067,0.229,0.0038811839721,2.69,-2.419,1.993
2024-05-16 00:30:00,o,1.8,0.85,0.95,1.6423556856654447,0.0070730476672,0.419,0.0,1.13,0.002,2.046
2024-05-16 00:30:00,o,1.8,0.9,0.0,2.1629197016136037,-0.0096511233067,0.229,0.0038811839721,2.69,-2.419,1.993
2024-05-16 00:30:00,o,1.8,0.9,0.95,1.629328033794581,0.0045922805129,0.419,0.0,1.13,0.002,2.072
2024-05-16 00:30:00,o,1.8,0.95,0.0,2.2428121568187276,-0.007949291161,0.197,0.0026741535862,2.9,-2.898,2.13
2024-05-16 00:30:00,o,1.8,0.95,0.95,1.629328033794581,0.0045922805129,0.419,0.0,1.13,0.002,2.072
2024-05-16 00:30:00,o,1.8,1.0,0.0,2.199629038064653,0.0013817005339,0.214,-0.00050343587389,2.78,-2.623,2.324
2024-05-16 00:30:00,o,1.8,1.0,0.95,1.631118941412462,0.00069106638744,0.419,0.0,1.13,0.002,2.232
2024-05-16 00:30:00,o,1.8,1.05,0.0,2.199629038064653,0.0013817005339,0.214,-0.00050343587389,2.78,-2.623,2.324
2024-05-16 00:30:00,o,1.8,1.05,0.95,1.6451568952783635,0.0020695746072,0.419,0.0,1.13,0.002,2.341
2024-05-16 00:30:00,o,1.8,1.1,0.0,2.1785741033799253,-0.015926363058,0.223,0.0069792735533,2.73,-2.51,2.72
2024-05-16 00:30:00,o,1.8,1.1,0.95,1.6428402845204948,0.003642756958,0.419,0.0,1.13,0.002,2.496
2024-05-16 00:30:00,o,1.8,1.15,0.0,2.1785741033799253,-0.015926363058,0.223,0.0069792735533,2.73,-2.51,2.72
2024-05-16 00:30:00,o,1.8,1.15,0.05,2.1610024420343352,-0.015924752697,0.23,0.0067185363644,2.68,-2.396,3.384
2024-05-16 00:30:00,o,1.8,1.15,0.1,2.116026303455129,-0.015239393325,0.249,0.0066049042159,2.56,-2.126,2.885
2024-05-16 00:30:00,o,1.8,1.15,0.15,2.165713099206169,-0.021305354564,0.218,0.0081557429025,2.75,-2.555,2.819
2024-05-16 00:30:00,o,1.8,1.15,0.2,2.164932519615397,-0.026571590672,0.214,0.010363751613,2.78,-2.623,2.693
2024-05-16 00:30:00,o,1.8,1.15,0.25,2.164932519615397,-0.026571590672,0.214,0.010363751613,2.78,-2.623,2.693
2024-05-16 00:30:00,o,1.8,1.15,0.3,1.9631973520922512,-0.035746028003,0.283,0.018694130022,2.38,-1.731,2.127
2024-05-16 00:30:00,o,1.8,1.15,0.35,1.9631973520922512,-0.035746028003,0.283,0.018694130022,2.38,-1.731,2.127
2024-05-16 00:30:00,o,1.8,1.15,0.4,1.8625904864915321,-0.038022399683,0.333,0.023216553758,2.1,-1.164,2.276
2024-05-16 00:30:00,o,1.8,1.15,0.45,1.8625904864915321,-0.038022399683,0.333,0.023216553758,2.1,-1.164,2.276
2024-05-16 00:30:00,o,1.8,1.15,0.5,1.7606410836061712,-0.043614236032,0.388,0.030290416345,1.71,-0.539,2.17
2024-05-16 00:30:00,o,1.8,1.15,0.55,1.7606410836061712,-0.043614236032,0.388,0.030290416345,1.71,-0.539,2.17
2024-05-16 00:30:00,o,1.8,1.15,0.6,1.702077097551912,-0.039704598591,0.421,0.029185006104,1.03,0.06,2.163
2024-05-16 00:30:00,o,1.8,1.15,0.65,1.6562132316736562,-0.037610411734,0.421,0.0084734624535,1.03,0.06,2.198
2024-05-16 00:30:00,o,1.8,1.15,0.7,1.6562132316736562,-0.037610411734,0.421,0.0084734624535,1.03,0.06,2.198
2024-05-16 00:30:00,o,1.8,1.15,0.75,1.6348801407665263,-0.033076861485,0.419,0.0,1.13,0.002,2.233
2024-05-16 00:30:00,o,1.8,1.15,0.8,1.6143065113130337,-0.02203091054,0.419,0.0,1.13,0.002,2.524
2024-05-16 00:30:00,o,1.8,1.15,0.85,1.6285626131087765,-0.010395628248,0.419,0.0,1.13,0.002,2.915
2024-05-16 00:30:00,o,1.8,1.15,0.9,1.6322547766847135,0.00061825617265,0.419,0.0,1.13,0.002,2.959
2024-05-16 00:30:00,o,1.8,1.15,0.95,1.626935446018323,0.0010676180415,0.419,0.0,1.13,0.002,2.724
2024-05-16 00:30:00,o,1.85,0.05,0.0,2.2267905920724207,-0.021464751395,0.203,0.0077558460361,2.86,-2.806,2.575
2024-05-16 00:30:00,o,1.85,0.05,0.05,2.234932145294634,-0.010989948128,0.2,0.0038969767613,2.87,-2.829,2.613
2024-05-16 00:30:00,o,1.85,0.05,0.1,2.2451176750794155,-0.0044035305724,0.195,0.0012123244352,2.91,-2.921,2.89
2024-05-16 00:30:00,o,1.85,0.05,0.15,2.2380235091865366,-0.0094415562328,0.193,0.0029604058905,2.93,-2.966,3.001
2024-05-16 00:30:00,o,1.85,0.05,0.2,2.212099670852698,-0.0088865826322,0.193,0.0031758239767,2.93,-2.966,2.514
2024-05-16 00:30:00,o,1.85,0.05,0.25,2.212099670852698,-0.0088865826322,0.193,0.0031758239767,2.93,-2.966,2.514
2024-05-16 00:30:00,o,1.85,0.05,0.3,2.123178452850083,0.0045665622755,0.217,-0.0021893491251,2.77,-2.601,2.153
2024-05-16 00:30:00,o,1.85,0.05,0.35,2.1201295391100996,-0.0054980933217,0.221,0.0023304664621,2.74,-2.532,2.182
2024-05-16 00:30:00,o,1.85,0.05,0.4,2.064300716199566,0.0043172165484,0.243,-0.0018139421373,2.6,-2.215,1.944
2024-05-16 00:30:00,o,1.85,0.05,0.45,1.9189001521643283,0.035301169073,0.298,-0.020107075141,2.29,-1.541,1.87
2024-05-16 00:30:00,o,1.85,0.05,0.5,1.7660483032393235,0.048494293307,0.379,-0.034836653929,1.8,-0.663,2.041
2024-05-16 00:30:00,o,1.85,0.05,0.55,1.7660483032393235,0.048494293307,0.379,-0.034836653929,1.8,-0.663,2.041
2024-05-16 00:30:00,o,1.85,0.05,0.6,1.7367230963943996,0.044705034115,0.386,-0.030896035803,1.73,-0.565,1.957
2024-05-16 00:30:00,o,1.85,0.05,0.65,1.7304269452660446,0.038673745153,0.379,-0.025117577843,1.8,-0.663,2.072
2024-05-16 00:30:00,o,1.85,0.05,0.7,1.7304269452660446,0.038673745153,0.379,-0.025117577843,1.8,-0.663,2.072
2024-05-16 00:30:00,o,1.85,0.05,0.75,1.7407257657956288,0.03604343522,0.373,-0.0225402616,1.84,-0.722,2.205
2024-05-16 00:30:00,o,1.85,0.05,0.8,1.7575933905241659,0.028842025506,0.362,-0.018036115825,1.92,-0.848,2.418
2024-05-16 00:30:00,o,1.85,0.05,0.85,1.7674601367990468,0.022486900764,0.356,-0.013931044814,1.96,-0.914,2.672
2024-05-16 00:30:00,o,1.85,0.05,0.9,1.7987334918160227,0.015594887012,0.338,-0.0092037746324,2.07,-1.109,3.069
2024-05-16 00:30:00,o,1.85,0.05,0.95,1.792195512204993,0.024779889515,0.342,-0.01439252038,2.04,-1.054,2.263
2024-05-16 00:30:00,o,1.85,0.1,0.0,2.234932145294634,-0.010989948128,0.2,0.0038969767613,2.87,-2.829,2.613
2024-05-16 00:30:00,o,1.85,0.1,0.95,1.7913958742348077,0.015457917701,0.342,-0.0093821621924,2.04,-1.054,2.491
2024-05-16 00:30:00,o,1.85,0.15,0.0,2.2998383955448753,-0.029531004556,0.177,0.0093867353996,3.06,-3.263,2.164
2024-05-16 00:30:00,o,1.85,0.15,0.95,1.7957201675605703,0.02013156224,0.34,-0.011586157633,2.06,-1.09,2.066
2024-05-16 00:30:00,o,1.85,0.2,0.0,2.2998383955448753,-0.029531004556,0.177,0.0093867353996,3.06,-3.263,2.164
2024-05-16 00:30:00,o,1.85,0.2,0.95,1.782286253217027,0.033083473769,0.348,-0.019340794061,2.01,-1.001,2.052
2024-05-16 00:30:00,o,1.85,0.25,0.0,2.307005842966238,-0.029305765202,0.175,0.0095614761818,3.07,-3.286,2.092
2024-05-16 00:30:00,o,1.85,0.25,0.95,1.7731059561291391,0.039226878425,0.353,-0.023812431547,1.97,-0.931,1.967
2024-05-16 00:30:00,o,1.85,0.3,0.0,2.269533957958648,-0.035087958487,0.188,0.012399027277,2.97,-3.058,1.955
2024-05-16 00:30:00,o,1.85,0.3,0.95,1.7716021775693636,0.047744415177,0.354,-0.029138335832,1.97,-0.931,1.927
2024-05-16 00:30:00,o,1.85,0.35,0.0,2.269533957958648,-0.035087958487,0.188,0.012399027277,2.97,-3.058,1.955
2024-05-16 00:30:00,o,1.85,0.35,0.95,1.7706090332112838,0.036345404298,0.355,-0.021571777515,1.97,-0.931,1.94
2024-05-16 00:30:00,o,1.85,0.4,0.0,2.2142714734249616,-0.049884963321,0.208,0.018509714668,2.82,-2.715,1.858
2024-05-16 00:30:00,o,1.85,0.4,0.95,1.7706090332112838,0.036345404298,0.355,-0.021571777515,1.97,-0.931,1.94
2024-05-16 00:30:00,o,1.85,0.45,0.0,2.1756625436324644,-0.045566460069,0.224,0.018572594113,2.71,-2.464,1.766
2024-05-16 00:30:00,o,1.85,0.45,0.95,1.7370653582718498,0.033627806613,0.375,-0.021359074188,1.82,-0.692,1.916
2024-05-16 00:30:00,o,1.85,0.5,0.0,2.1434769685198214,-0.028772662893,0.238,0.01274511972,2.62,-2.26,1.829
2024-05-16 00:30:00,o,1.85,0.5,0.95,1.7261646249253857,0.032191586921,0.382,-0.020640501903,1.77,-0.62,1.936
2024-05-16 00:30:00,o,1.85,0.55,0.0,2.1434769685198214,-0.028772662893,0.238,0.01274511972,2.62,-2.26,1.829
2024-05-16 00:30:00,o,1.85,0.55,0.95,1.7261646249253857,0.032191586921,0.382,-0.020640501903,1.77,-0.62,1.936
2024-05-16 00:30:00,o,1.85,0.6,0.0,2.138091026734598,-0.026410534575,0.24,0.011437840006,2.61,-2.238,1.828
2024-05-16 00:30:00,o,1.85,0.6,0.95,1.7370255742349319,0.041088827517,0.375,-0.026329091065,1.82,-0.692,1.913
2024-05-16 00:30:00,o,1.85,0.65,0.0,2.138091026734598,-0.026410534575,0.24,0.011437840006,2.61,-2.238,1.828
2024-05-16 00:30:00,o,1.85,0.65,0.95,1.7008248182421979,0.028967274794,0.398,-0.019708972405,1.6,-0.403,1.906
2024-05-16 00:30:00,o,1.85,0.7,0.0,2.1450222803673435,-0.03131790284,0.237,0.01347183396,2.64,-2.305,1.798
2024-05-16 00:30:00,o,1.85,0.7,0.95,1.6854282170733252,0.023852139813,0.408,-0.011,1.45,-0.245,1.951
2024-05-16 00:30:00,o,1.85,0.75,0.0,2.17009442111346,-0.031755881048,0.226,0.012945527991,2.7,-2.441,1.899
2024-05-16 00:30:00,o,1.85,0.75,0.95,1.6854282170733252,0.023852139813,0.408,-0.011,1.45,-0.245,1.951
2024-05-16 00:30:00,o,1.85,0.8,0.0,2.1629197016136037,-0.0096511233067,0.229,0.0038811839721,2.69,-2.419,1.993
2024-05-16 00:30:00,o,1.85,0.8,0.95,1.6433638344375516,0.010279343665,0.419,0.0,1.13,0.002,1.977
2024-05-16 00:30:00,o,1.85,0.85,0.0,2.1629197016136037,-0.0096511233067,0.229,0.0038811839721,2.69,-2.419,1.993
2024-05-16 00:30:00,o,1.85,0.85,0.95,1.6423556856654447,0.0070730476672,0.419,0.0,1.13,0.002,2.046
2024-05-16 00:30:00,o,1.85,0.9,0.0,2.1629197016136037,-0.0096511233067,0.229,0.0038811839721,2.69,-2.419,1.993
2024-05-16 00:30:00,o,1.85,0.9,0.95,1.6423556856654447,0.0070730476672,0.419,0.0,1.13,0.002,2.046
2024-05-16 00:30:00,o,1.85,0.95,0.0,2.2428121568187276,-0.007949291161,0.197,0.0026741535862,2.9,-2.898,2.13
2024-05-16 00:30:00,o,1.85,0.95,0.95,1.656088614832357,-0.0010628870686,0.419,0.0,1.13,0.002,2.173
2024-05-16 00:30:00,o,1.85,1.0,0.0,2.2428121568187276,-0.007949291161,0.197,0.0026741535862,2.9,-2.898,2.13
2024-05-16 00:30:00,o,1.85,1.0,0.95,1.6656185094389435,0.0032195910314,0.419,0.0,1.13,0.002,2.274
2024-05-16 00:30:00,o,1.85,1.05,0.0,2.199629038064653,0.0013817005339,0.214,-0.00050343587389,2.78,-2.623,2.324
2024-05-16 00:30:00,o,1.85,1.05,0.95,1.6656185094389435,0.0032195910314,0.419,0.0,1.13,0.002,2.274
2024-05-16 00:30:00,o,1.85,1.1,0.0,2.1785741033799253,-0.015926363058,0.223,0.0069792735533,2.73,-2.51,2.72
2024-05-16 00:30:00,o,1.85,1.1,0.95,1.658040030514154,0.0086954343667,0.419,0.0,1.13,0.002,3.119
2024-05-16 00:30:00,o,1.85,1.15,0.0,2.1711616499469772,-0.029836505043,0.226,0.012603715697,2.7,-2.441,2.694
2024-05-16 00:30:00,o,1.85,1.15,0.05,2.1785741033799253,-0.015926363058,0.223,0.0069792735533,2.73,-2.51,2.72
2024-05-16 00:30:00,o,1.85,1.15,0.1,2.1856554589202157,-0.016391255367,0.22,0.0070242349236,2.74,-2.532,3.348
2024-05-16 00:30:00,o,1.85,1.15,0.15,2.2439726367606423,-0.019087935929,0.189,0.006897682745,2.96,-3.035,3.139
2024-05-16 00:30:00,o,1.85,1.15,0.2,2.201765708466026,-0.032321116673,0.196,0.01184821501,2.9,-2.898,2.636
2024-05-16 00:30:00,o,1.85,1.15,0.25,2.201765708466026,-0.032321116673,0.196,0.01184821501,2.9,-2.898,2.636
2024-05-16 00:30:00,o,1.85,1.15,0.3,2.113722808350128,-0.03903933133,0.221,0.015868968334,2.74,-2.532,2.346
2024-05-16 00:30:00,o,1.85,1.15,0.35,1.9631973520922512,-0.035746028003,0.283,0.018694130022,2.38,-1.731,2.127
2024-05-16 00:30:00,o,1.85,1.15,0.4,1.9631973520922512,-0.035746028003,0.283,0.018694130022,2.38,-1.731,2.127
2024-05-16 00:30:00,o,1.85,1.15,0.45,1.8625904864915321,-0.038022399683,0.333,0.023216553758,2.1,-1.164,2.276
2024-05-16 00:30:00,o,1.85,1.15,0.5,1.7606410836061712,-0.043614236032,0.388,0.030290416345,1.71,-0.539,2.17
2024-05-16 00:30:00,o,1.85,1.15,0.55,1.7606410836061712,-0.043614236032,0.388,0.030290416345,1.71,-0.539,2.17
2024-05-16 00:30:00,o,1.85,1.15,0.6,1.6698559266228263,-0.032333268065,0.422,0.010355621625,0.98,0.086,2.011
2024-05-16 00:30:00,o,1.85,1.15,0.65,1.6446256601733271,-0.029564698598,0.419,0.0015307393009,1.13,0.002,2.146
2024-05-16 00:30:00,o,1.85,1.15,0.7,1.6458543836537414,-0.023229942967,0.419,0.0,1.13,0.002,2.345
2024-05-16 00:30:00,o,1.85,1.15,0.75,1.6444681323052979,-0.024271785784,0.419,0.0,1.13,0.002,2.355
2024-05-16 00:30:00,o,1.85,1.15,0.8,1.6501909183569299,-0.012500820005,0.419,0.0,1.13,0.002,2.616
2024-05-16 00:30:00,o,1.85,1.15,0.85,1.6501909183569299,-0.012500820005,0.419,0.0,1.13,0.002,2.616
2024-05-16 00:30:00,o,1.85,1.15,0.9,1.658040030514154,0.0086954343667,0.419,0.0,1.13,0.002,3.119
2024-05-16 00:30:00,o,1.85,1.15,0.95,1.658040030514154,0.0086954343667,0.419,0.0,1.13,0.002,3.119
2024-05-16 00:30:00,o,1.9,0.05,0.0,2.2267905920724207,-0.021464751395,0.203,0.0077558460361,2.86,-2.806,2.575
2024-05-16 00:30:00,o,1.9,0.05,0.05,2.2267905920724207,-0.021464751395,0.203,0.0077558460361,2.86,-2.806,2.575
2024-05-16 00:30:00,o,1.9,0.05,0.1,2.2871856695650172,-0.031918306793,0.178,0.010123737217,3.04,-3.218,2.215
2024-05-16 00:30:00,o,1.9,0.05,0.15,2.250988117159081,-0.028555637665,0.182,0.0094684751719,3.01,-3.149,2.585
2024-05-16 00:30:00,o,1.9,0.05,0.2,2.250988117159081,-0.028555637665,0.182,0.0094684751719,3.01,-3.149,2.585
2024-05-16 00:30:00,o,1.9,0.05,0.25,2.212099670852698,-0.0088865826322,0.193,0.0031758239767,2.93,-2.966,2.514
2024-05-16 00:30:00,o,1.9,0.05,0.3,2.1201295391100996,-0.0054980933217,0.221,0.0023304664621,2.74,-2.532,2.182
2024-05-16 00:30:00,o,1.9,0.05,0.35,2.1201295391100996,-0.0054980933217,0.221,0.0023304664621,2.74,-2.532,2.182
2024-05-16 00:30:00,o,1.9,0.05,0.4,2.0246457278486285,0.00065292324216,0.256,-0.00052062978134,2.53,-2.059,2.013
2024-05-16 00:30:00,o,1.9,0.05,0.45,1.8177900604725443,0.048774797345,0.349,-0.033090200539,2.0,-0.983,1.849
2024-05-16 00:30:00,o,1.9,0.05,0.5,1.7703511801792287,0.052505996141,0.375,-0.037176376973,1.82,-0.692,1.989
2024-05-16 00:30:00,o,1.9,0.05,0.55,1.7703511801792287,0.052505996141,0.375,-0.037176376973,1.82,-0.692,1.989
2024-05-16 00:30:00,o,1.9,0.05,0.6,1.7660483032393235,0.048494293307,0.379,-0.034836653929,1.8,-0.663,2.041
2024-05-16 00:30:00,o,1.9,0.05,0.65,1.7304269452660446,0.038673745153,0.379,-0.025117577843,1.8,-0.663,2.072
2024-05-16 00:30:00,o,1.9,0.05,0.7,1.7394536685422888,0.048000840955,0.373,-0.03132983855,1.84,-0.722,2.164
2024-05-16 00:30:00,o,1.9,0.05,0.75,1.7394536685422888,0.048000840955,0.373,-0.03132983855,1.84,-0.722,2.164
2024-05-16 00:30:00,o,1.9,0.05,0.8,1.762040529978979,0.044569748517,0.36,-0.027225384691,1.93,-0.864,2.546
2024-05-16 00:30:00,o,1.9,0.05,0.85,1.762040529978979,0.044569748517,0.36,-0.027225384691,1.93,-0.864,2.546
2024-05-16 00:30:00,o,1.9,0.05,0.9,1.7793944468336624,0.034140038208,0.349,-0.02075828418,2.0,-0.983,2.468
2024-05-16 00:30:00,o,1.9,0.05,0.95,1.7825514493441008,0.045215656229,0.348,-0.026654712516,2.01,-1.001,2.323
2024-05-16 00:30:00,o,1.9,0.1,0.0,2.237538711557282,-0.034535075943,0.199,0.012311087474,2.89,-2.875,2.492
2024-05-16 00:30:00,o,1.9,0.1,0.95,1.7793944468336624,0.034140038208,0.349,-0.02075828418,2.0,-0.983,2.468
2024-05-16 00:30:00,o,1.9,0.15,0.0,2.266974490451117,-0.043954487463,0.188,0.014470190783,2.97,-3.058,2.148
2024-05-16 00:30:00,o,1.9,0.15,0.95,1.782286253217027,0.033083473769,0.348,-0.019340794061,2.01,-1.001,2.052
2024-05-16 00:30:00,o,1.9,0.2,0.0,2.2998383955448753,-0.029531004556,0.177,0.0093867353996,3.06,-3.263,2.164
2024-05-16 00:30:00,o,1.9,0.2,0.95,1.7782091524545118,0.048590859122,0.35,-0.029489165594,1.99,-0.966,1.965
2024-05-16 00:30:00,o,1.9,0.25,0.0,2.2998383955448753,-0.029531004556,0.177,0.0093867353996,3.06,-3.263,2.164
2024-05-16 00:30:00,o,1.9,0.25,0.95,1.7737791335647353,0.050668406956,0.353,-0.030614129868,1.97,-0.931,1.942
2024-05-16 00:30:00,o,1.9,0.3,0.0,2.2142714734249616,-0.049884963321,0.208,0.018509714668,2.82,-2.715,1.858
2024-05-16 00:30:00,o,1.9,0.3,0.95,1.7734938922709707,0.054942382803,0.353,-0.033530771751,1.97,-0.931,1.848
2024-05-16 00:30:00,o,1.9,0.35,0.0,2.2142714734249616,-0.049884963321,0.208,0.018509714668,2.82,-2.715,1.858
2024-05-16 00:30:00,o,1.9,0.35,0.95,1.7716021775693636,0.047744415177,0.354,-0.029138335832,1.97,-0.931,1.927
2024-05-16 00:30:00,o,1.9,0.4,0.0,2.2142714734249616,-0.049884963321,0.208,0.018509714668,2.82,-2.715,1.858
2024-05-16 00:30:00,o,1.9,0.4,0.95,1.7706090332112838,0.036345404298,0.355,-0.021571777515,1.97,-0.931,1.94
2024-05-16 00:30:00,o,1.9,0.45,0.0,2.1756625436324644,-0.045566460069,0.224,0.018572594113,2.71,-2.464,1.766
2024-05-16 00:30:00,o,1.9,0.45,0.95,1.7584576886104657,0.049153799704,0.362,-0.030514982608,1.92,-0.848,1.874
2024-05-16 00:30:00,o,1.9,0.5,0.0,2.1756625436324644,-0.045566460069,0.224,0.018572594113,2.71,-2.464,1.766
2024-05-16 00:30:00,o,1.9,0.5,0.95,1.7370255742349319,0.041088827517,0.375,-0.026329091065,1.82,-0.692,1.913
2024-05-16 00:30:00,o,1.9,0.55,0.0,2.1434769685198214,-0.028772662893,0.238,0.01274511972,2.62,-2.26,1.829
2024-05-16 00:30:00,o,1.9,0.55,0.95,1.7370255742349319,0.041088827517,0.375,-0.026329091065,1.82,-0.692,1.913
2024-05-16 00:30:00,o,1.9,0.6,0.0,2.138091026734598,-0.026410534575,0.24,0.011437840006,2.61,-2.238,1.828
2024-05-16 00:30:00,o,1.9,0.6,0.95,1.7370255742349319,0.041088827517,0.375,-0.026329091065,1.82,-0.692,1.913
2024-05-16 00:30:00,o,1.9,0.65,0.0,2.1450222803673435,-0.03131790284,0.237,0.01347183396,2.64,-2.305,1.798
2024-05-16 00:30:00,o,1.9,0.65,0.95,1.7238085468355835,0.03899907878,0.383,-0.025817032134,1.75,-0.592,1.89
2024-05-16 00:30:00,o,1.9,0.7,0.0,2.1450222803673435,-0.03131790284,0.237,0.01347183396,2.64,-2.305,1.798
2024-05-16 00:30:00,o,1.9,0.7,0.95,1.7104474050695198,0.033278617325,0.392,-0.022039463756,1.67,-0.487,1.929
2024-05-16 00:30:00,o,1.9,0.75,0.0,2.17009442111346,-0.031755881048,0.226,0.012945527991,2.7,-2.441,1.899
2024-05-16 00:30:00,o,1.9,0.75,0.95,1.6854282170733252,0.023852139813,0.408,-0.011,1.45,-0.245,1.951
2024-05-16 00:30:00,o,1.9,0.8,0.0,2.17009442111346,-0.031755881048,0.226,0.012945527991,2.7,-2.441,1.899
2024-05-16 00:30:00,o,1.9,0.8,0.95,1.6588505396023452,0.012682160828,0.419,0.0,1.13,0.002,1.936
2024-05-16 00:30:00,o,1.9,0.85,0.0,2.17009442111346,-0.031755881048,0.226,0.012945527991,2.7,-2.441,1.899
2024-05-16 00:30:00,o,1.9,0.85,0.95,1.6423556856654447,0.0070730476672,0.419,0.0,1.13,0.002,2.046
2024-05-16 00:30:00,o,1.9,0.9,0.0,2.1629197016136037,-0.0096511233067,0.229,0.0038811839721,2.69,-2.419,1.993
2024-05-16 00:30:00,o,1.9,0.9,0.95,1.6612540829939082,0.0073857973489,0.419,0.0,1.13,0.002,2.081
2024-05-16 00:30:00,o,1.9,0.95,0.0,2.2428121568187276,-0.007949291161,0.197,0.0026741535862,2.9,-2.898,2.13
2024-05-16 00:30:00,o,1.9,0.95,0.95,1.6784364289536544,0.011937168392,0.413,-0.006,1.35,-0.156,2.08
2024-05-16 00:30:00,o,1.9,1.0,0.0,2.2428121568187276,-0.007949291161,0.197,0.0026741535862,2.9,-2.898,2.13
2024-05-16 00:30:00,o,1.9,1.0,0.95,1.6840100674202554,0.0097185655946,0.409,-0.007023344726,1.42,-0.217,2.188
2024-05-16 00:30:00,o,1.9,1.05,0.0,2.3057317479847934,-0.02934484933,0.175,0.009176666237,3.07,-3.286,2.255
2024-05-16 00:30:00,o,1.9,1.05,0.95,1.6656185094389435,0.0032195910314,0.419,0.0,1.13,0.002,2.274
2024-05-16 00:30:00,o,1.9,1.1,0.0,2.1711616499469772,-0.029836505043,0.226,0.012603715697,2.7,-2.441,2.694
2024-05-16 00:30:00,o,1.9,1.1,0.95,1.7083614036647379,0.0063101787921,0.393,-0.0042729918961,1.65,-0.463,2.553
2024-05-16 00:30:00,o,1.9,1.15,0.0,2.1711616499469772,-0.029836505043,0.226,0.012603715697,2.7,-2.441,2.694
2024-05-16 00:30:00,o,1.9,1.15,0.05,2.1711616499469772,-0.029836505043,0.226,0.012603715697,2.7,-2.441,2.694
2024-05-16 00:30:00,o,1.9,1.15,0.1,2.299167226104897,-0.034878176742,0.177,0.010854676674,3.06,-3.263,2.641
2024-05-16 00:30:00,o,1.9,1.15,0.15,2.267277354755387,-0.034603024989,0.175,0.010631520486,3.07,-3.286,2.648
2024-05-16 00:30:00,o,1.9,1.15,0.2,2.267277354755387,-0.034603024989,0.175,0.010631520486,3.07,-3.286,2.648
2024-05-16 00:30:00,o,1.9,1.15,0.25,2.267277354755387,-0.034603024989,0.175,0.010631520486,3.07,-3.286,2.648
2024-05-16 00:30:00,o,1.9,1.15,0.3,2.1485039402967687,-0.04278215628,0.209,0.015796965798,2.82,-2.715,2.31
2024-05-16 00:30:00,o,1.9,1.15,0.35,2.1485039402967687,-0.04278215628,0.209,0.015796965798,2.82,-2.715,2.31
2024-05-16 00:30:00,o,1.9,1.15,0.4,1.9418442310664845,-0.035719341511,0.291,0.019003777286,2.33,-1.625,2.034
2024-05-16 00:30:00,o,1.9,1.15,0.45,1.736627533291734,-0.044020955135,0.404,0.031720331654,1.52,-0.315,2.111
2024-05-16 00:30:00,o,1.9,1.15,0.5,1.736627533291734,-0.044020955135,0.404,0.031720331654,1.52,-0.315,2.111
2024-05-16 00:30:00,o,1.9,1.15,0.55,1.736627533291734,-0.044020955135,0.404,0.031720331654,1.52,-0.315,2.111
2024-05-16 00:30:00,o,1.9,1.15,0.6,1.6495782291202497,-0.03276543965,0.422,0.0,0.98,0.086,2.088
2024-05-16 00:30:00,o,1.9,1.15,0.65,1.6393769057356569,-0.023333717458,0.42,0.0,1.08,0.032,2.217
2024-05-16 00:30:00,o,1.9,1.15,0.7,1.6458543836537414,-0.023229942967,0.419,0.0,1.13,0.002,2.345
2024-05-16 00:30:00,o,1.9,1.15,0.75,1.6458543836537414,-0.023229942967,0.419,0.0,1.13,0.002,2.345
2024-05-16 00:30:00,o,1.9,1.15,0.8,1.6878587927283875,-0.0021599880603,0.407,0.0017057352261,1.45,-0.245,2.772
2024-05-16 00:30:00,o,1.9,1.15,0.85,1.6878587927283875,-0.0021599880603,0.407,0.0017057352261,1.45,-0.245,2.772
2024-05-16 00:30:00,o,1.9,1.15,0.9,1.6776799372567381,0.004751246814,0.414,-0.0029663142123,1.32,-0.132,2.766
2024-05-16 00:30:00,o,1.9,1.15,0.95,1.6833802899289454,0.0049438609753,0.41,-0.0031684333349,1.42,-0.217,2.552
2024-05-16 00:30:00,o,1.95,0.05,0.0,2.237538711557282,-0.034535075943,0.199,0.012311087474,2.89,-2.875,2.492
2024-05-16 00:30:00,o,1.95,0.05,0.05,2.237538711557282,-0.034535075943,0.199,0.012311087474,2.89,-2.875,2.492
2024-05-16 00:30:00,o,1.95,0.05,0.1,2.2435588896224803,-0.049940672778,0.195,0.017603460766,2.91,-2.921,2.905
2024-05-16 00:30:00,o,1.95,0.05,0.15,2.2398498206901913,-0.042532083803,0.187,0.014177272491,2.97,-3.058,2.833
2024-05-16 00:30:00,o,1.95,0.05,0.2,2.2398498206901913,-0.042532083803,0.187,0.014177272491,2.97,-3.058,2.833
2024-05-16 00:30:00,o,1.95,0.05,0.25,2.250988117159081,-0.028555637665,0.182,0.0094684751719,3.01,-3.149,2.585
2024-05-16 00:30:00,o,1.95,0.05,0.3,2.0246457278486285,0.00065292324216,0.256,-0.00052062978134,2.53,-2.059,2.013
2024-05-16 00:30:00,o,1.95,0.05,0.35,2.0246457278486285,0.00065292324216,0.256,-0.00052062978134,2.53,-2.059,2.013
2024-05-16 00:30:00,o,1.95,0.05,0.4,1.9274884175959726,0.01491035365,0.299,-0.0085510041229,2.29,-1.541,2.095
2024-05-16 00:30:00,o,1.95,0.05,0.45,1.824724448045649,0.040520966289,0.349,-0.027690113742,2.0,-0.983,1.881
2024-05-16 00:30:00,o,1.95,0.05,0.5,1.7802164692102265,0.051513768274,0.372,-0.037226451725,1.84,-0.722,1.986
2024-05-16 00:30:00,o,1.95,0.05,0.55,1.7802164692102265,0.051513768274,0.372,-0.037226451725,1.84,-0.722,1.986
2024-05-16 00:30:00,o,1.95,0.05,0.6,1.7703511801792287,0.052505996141,0.375,-0.037176376973,1.82,-0.692,1.989
2024-05-16 00:30:00,o,1.95,0.05,0.65,1.7401494380371227,0.070367822829,0.374,-0.045,1.83,-0.707,2.002
2024-05-16 00:30:00,o,1.95,0.05,0.7,1.7401494380371227,0.070367822829,0.374,-0.045,1.83,-0.707,2.002
2024-05-16 00:30:00,o,1.95,0.05,0.75,1.7462993985459099,0.08686813035,0.369,-0.05,1.86,-0.753,1.914
2024-05-16 00:30:00,o,1.95,0.05,0.8,1.762040529978979,0.044569748517,0.36,-0.027225384691,1.93,-0.864,2.546
2024-05-16 00:30:00,o,1.95,0.05,0.85,1.7510788511461715,0.076768962205,0.366,-0.050010636728,1.88,-0.784,2.835
2024-05-16 00:30:00,o,1.95,0.05,0.9,1.7557910363685978,0.094555901651,0.363,-0.056,1.91,-0.832,2.849
2024-05-16 00:30:00,o,1.95,0.05,0.95,1.7596074169057703,0.10003346547,0.361,-0.058,1.92,-0.848,2.871
2024-05-16 00:30:00,o,1.95,0.1,0.0,2.237538711557282,-0.034535075943,0.199,0.012311087474,2.89,-2.875,2.492
2024-05-16 00:30:00,o,1.95,0.1,0.95,1.7709550523453688,0.064416485451,0.354,-0.040322374712,1.97,-0.931,2.295
2024-05-16 00:30:00,o,1.95,0.15,0.0,2.266974490451117,-0.043954487463,0.188,0.014470190783,2.97,-3.058,2.148
2024-05-16 00:30:00,o,1.95,0.15,0.95,1.7709550523453688,0.064416485451,0.354,-0.040322374712,1.97,-0.931,2.295
2024-05-16 00:30:00,o,1.95,0.2,0.0,2.266974490451117,-0.043954487463,0.188,0.014470190783,2.97,-3.058,2.148
2024-05-16 00:30:00,o,1.95,0.2,0.95,1.7782091524545118,0.048590859122,0.35,-0.029489165594,1.99,-0.966,1.965
2024-05-16 00:30:00,o,1.95,0.25,0.0,2.215494801677293,-0.060104451106,0.208,0.022545129341,2.82,-2.715,1.97
2024-05-16 00:30:00,o,1.95,0.25,0.95,1.7737791335647353,0.050668406956,0.353,-0.030614129868,1.97,-0.931,1.942
2024-05-16 00:30:00,o,1.95,0.3,0.0,2.2162213405962063,-0.060752583045,0.207,0.022024100995,2.83,-2.738,1.861
2024-05-16 00:30:00,o,1.95,0.3,0.95,1.7734938922709707,0.054942382803,0.353,-0.033530771751,1.97,-0.931,1.848
2024-05-16 00:30:00,o,1.95,0.35,0.0,2.2142714734249616,-0.049884963321,0.208,0.018509714668,2.82,-2.715,1.858
2024-05-16 00:30:00,o,1.95,0.35,0.95,1.7766648702226049,0.056795193024,0.351,-0.034685236409,1.99,-0.966,1.904
2024-05-16 00:30:00,o,1.95,0.4,0.0,2.2142714734249616,-0.049884963321,0.208,0.018509714668,2.82,-2.715,1.858
2024-05-16 00:30:00,o,1.95,0.4,0.95,1.7716021775693636,0.047744415177,0.354,-0.029138335832,1.97,-0.931,1.927
2024-05-16 00:30:00,o,1.95,0.45,0.0,2.1756625436324644,-0.045566460069,0.224,0.018572594113,2.71,-2.464,1.766
2024-05-16 00:30:00,o,1.95,0.45,0.95,1.7672004068218639,0.063152896936,0.357,-0.038957633551,1.95,-0.897,1.847
2024-05-16 00:30:00,o,1.95,0.5,0.0,2.1756625436324644,-0.045566460069,0.224,0.018572594113,2.71,-2.464,1.766
2024-05-16 00:30:00,o,1.95,0.5,0.95,1.7567653885849723,0.055594753163,0.363,-0.034854603001,1.91,-0.832,1.871
2024-05-16 00:30:00,o,1.95,0.55,0.0,2.155360332980265,-0.046672744446,0.233,0.020018771254,2.66,-2.351,1.711
2024-05-16 00:30:00,o,1.95,0.55,0.95,1.7567653885849723,0.055594753163,0.363,-0.034854603001,1.91,-0.832,1.871
2024-05-16 00:30:00,o,1.95,0.6,0.0,2.1454139651678834,-0.044609414599,0.237,0.01915220285,2.64,-2.305,1.741
2024-05-16 00:30:00,o,1.95,0.6,0.95,1.7370255742349319,0.041088827517,0.375,-0.026329091065,1.82,-0.692,1.913
2024-05-16 00:30:00,o,1.95,0.65,0.0,2.1450222803673435,-0.03131790284,0.237,0.01347183396,2.64,-2.305,1.798
2024-05-16 00:30:00,o,1.95,0.65,0.95,1.7238085468355835,0.03899907878,0.383,-0.025817032134,1.75,-0.592,1.89
2024-05-16 00:30:00,o,1.95,0.7,0.0,2.1450222803673435,-0.03131790284,0.237,0.01347183396,2.64,-2.305,1.798
2024-05-16 00:30:00,o,1.95,0.7,0.95,1.7104474050695198,0.033278617325,0.392,-0.022039463756,1.67,-0.487,1.929
2024-05-16 00:30:00,o,1.95,0.75,0.0,2.17009442111346,-0.031755881048,0.226,0.012945527991,2.7,-2.441,1.899
2024-05-16 00:30:00,o,1.95,0.75,0.95,1.7104474050695198,0.033278617325,0.392,-0.022039463756,1.67,-0.487,1.929
2024-05-16 00:30:00,o,1.95,0.8,0.0,2.17009442111346,-0.031755881048,0.226,0.012945527991,2.7,-2.441,1.899
2024-05-16 00:30:00,o,1.95,0.8,0.95,1.6900985744039843,0.019110971394,0.405,-0.013313101359,1.49,-0.285,2.006
2024-05-16 00:30:00,o,1.95,0.85,0.0,2.17009442111346,-0.031755881048,0.226,0.012945527991,2.7,-2.441,1.899
2024-05-16 00:30:00,o,1.95,0.85,0.95,1.6900985744039843,0.019110971394,0.405,-0.013313101359,1.49,-0.285,2.006
2024-05-16 00:30:00,o,1.95,0.9,0.0,2.1947917577219247,-0.046647630184,0.216,0.018236276604,2.77,-2.601,1.897
2024-05-16 00:30:00,o,1.95,0.9,0.95,1.6900985744039843,0.019110971394,0.405,-0.013313101359,1.49,-0.285,2.006
2024-05-16 00:30:00,o,1.95,0.95,0.0,2.3057317479847934,-0.02934484933,0.175,0.009176666237,3.07,-3.286,2.255
2024-05-16 00:30:00,o,1.95,0.95,0.95,1.6784364289536544,0.011937168392,0.413,-0.006,1.35,-0.156,2.08
2024-05-16 00:30:00,o,1.95,1.0,0.0,2.3057317479847934,-0.02934484933,0.175,0.009176666237,3.07,-3.286,2.255
2024-05-16 00:30:00,o,1.95,1.0,0.95,1.6840100674202554,0.0097185655946,0.409,-0.007023344726,1.42,-0.217,2.188
2024-05-16 00:30:00,o,1.95,1.05,0.0,2.3057317479847934,-0.02934484933,0.175,0.009176666237,3.07,-3.286,2.255
2024-05-16 00:30:00,o,1.95,1.05,0.95,1.7066836517632882,0.014630286729,0.394,-0.0099266467253,1.65,-0.463,2.29
2024-05-16 00:30:00,o,1.95,1.1,0.0,2.200932535899193,-0.04271309985,0.213,0.016055371587,2.79,-2.646,2.718
2024-05-16 00:30:00,o,1.95,1.1,0.95,1.7083614036647379,0.0063101787921,0.393,-0.0042729918961,1.65,-0.463,2.553
2024-05-16 00:30:00,o,1.95,1.15,0.0,2.200932535899193,-0.04271309985,0.213,0.016055371587,2.79,-2.646,2.718
2024-05-16 00:30:00,o,1.95,1.15,0.05,2.200932535899193,-0.04271309985,0.213,0.016055371587,2.79,-2.646,2.718
2024-05-16 00:30:00,o,1.95,1.15,0.1,2.1992037339286963,-0.070873892831,0.214,0.026608720654,2.78,-2.623,3.206
2024-05-16 00:30:00,o,1.95,1.15,0.15,2.2515919905639104,-0.048363970751,0.184,0.01562337825,3.0,-3.126,2.979
2024-05-16 00:30:00,o,1.95,1.15,0.2,2.2515919905639104,-0.048363970751,0.184,0.01562337825,3.0,-3.126,2.979
2024-05-16 00:30:00,o,1.95,1.15,0.25,2.12667028659079,-0.052668901012,0.217,0.020879736729,2.77,-2.601,2.284
2024-05-16 00:30:00,o,1.95,1.15,0.3,2.12667028659079,-0.052668901012,0.217,0.020879736729,2.77,-2.601,2.284
2024-05-16 00:30:00,o,1.95,1.15,0.35,2.0063633397857457,-0.059276118999,0.263,0.027768885124,2.48,-1.948,2.19
2024-05-16 00:30:00,o,1.95,1.15,0.4,2.0063633397857457,-0.059276118999,0.263,0.027768885124,2.48,-1.948,2.19
2024-05-16 00:30:00,o,1.95,1.15,0.45,1.733494185687449,-0.059464518229,0.412,0.04360213997,1.35,-0.156,2.157
2024-05-16 00:30:00,o,1.95,1.15,0.5,1.693392747689838,-0.049245987331,0.425,0.027758626835,0.79,0.17,2.172
2024-05-16 00:30:00,o,1.95,1.15,0.55,1.693392747689838,-0.049245987331,0.425,0.027758626835,0.79,0.17,2.172
2024-05-16 00:30:00,o,1.95,1.15,0.6,1.6495782291202497,-0.03276543965,0.422,0.0,0.98,0.086,2.088
2024-05-16 00:30:00,o,1.95,1.15,0.65,1.6393769057356569,-0.023333717458,0.42,0.0,1.08,0.032,2.217
2024-05-16 00:30:00,o,1.95,1.15,0.7,1.6393769057356569,-0.023333717458,0.42,0.0,1.08,0.032,2.217
2024-05-16 00:30:00,o,1.95,1.15,0.75,1.646050657206096,-0.0054890179291,0.419,0.0,1.13,0.002,2.258
2024-05-16 00:30:00,o,1.95,1.15,0.8,1.7179283407962975,-0.00068958725087,0.387,0.00051187659099,1.71,-0.539,3.09
2024-05-16 00:30:00,o,1.95,1.15,0.85,1.7179283407962975,-0.00068958725087,0.387,0.00051187659099,1.71,-0.539,3.09
2024-05-16 00:30:00,o,1.95,1.15,0.9,1.730879133522473,0.004494280193,0.379,-0.0025331784995,1.8,-0.663,3.106
2024-05-16 00:30:00,o,1.95,1.15,0.95,1.7089390246697416,0.0049516134575,0.393,-0.0029971690977,1.65,-0.463,2.557
2024-05-16 00:30:00,o,2.0,0.05,0.0,2.1846971078325454,-0.052338651136,0.22,0.02059117878,2.74,-2.532,2.677
2024-05-16 00:30:00,o,2.0,0.05,0.05,2.2188767150527564,-0.046186509405,0.206,0.016832680426,2.83,-2.738,3.029
2024-05-16 00:30:00,o,2.0,0.05,0.1,2.2435588896224803,-0.049940672778,0.195,0.017603460766,2.91,-2.921,2.905
2024-05-16 00:30:00,o,2.0,0.05,0.15,2.2435588896224803,-0.049940672778,0.195,0.017603460766,2.91,-2.921,2.905
2024-05-16 00:30:00,o,2.0,0.05,0.2,2.2398498206901913,-0.042532083803,0.187,0.014177272491,2.97,-3.058,2.833
2024-05-16 00:30:00,o,2.0,0.05,0.25,2.14434999775337,-0.035101250644,0.218,0.01387984124,2.75,-2.555,2.165
2024-05-16 00:30:00,o,2.0,0.05,0.3,2.040855407049286,-0.014725496859,0.253,0.0070743232924,2.54,-2.081,1.964
2024-05-16 00:30:00,o,2.0,0.05,0.35,1.9274884175959726,0.01491035365,0.299,-0.0085510041229,2.29,-1.541,2.095
2024-05-16 00:30:00,o,2.0,0.05,0.4,1.9274884175959726,0.01491035365,0.299,-0.0085510041229,2.29,-1.541,2.095
2024-05-16 00:30:00,o,2.0,0.05,0.45,1.824724448045649,0.040520966289,0.349,-0.027690113742,2.0,-0.983,1.881
2024-05-16 00:30:00,o,2.0,0.05,0.5,1.7802164692102265,0.051513768274,0.372,-0.037226451725,1.84,-0.722,1.986
2024-05-16 00:30:00,o,2.0,0.05,0.55,1.7802164692102265,0.051513768274,0.372,-0.037226451725,1.84,-0.722,1.986
2024-05-16 00:30:00,o,2.0,0.05,0.6,1.7678086728873768,0.060690057102,0.374,-0.043085605895,1.83,-0.707,1.934
2024-05-16 00:30:00,o,2.0,0.05,0.65,1.7405758362899715,0.086813564278,0.375,-0.045,1.82,-0.692,2.038
2024-05-16 00:30:00,o,2.0,0.05,0.7,1.7405758362899715,0.086813564278,0.375,-0.045,1.82,-0.692,2.038
2024-05-16 00:30:00,o,2.0,0.05,0.75,1.7458863821675237,0.10527576926,0.369,-0.05,1.86,-0.753,1.979
2024-05-16 00:30:00,o,2.0,0.05,0.8,1.7556385961761192,0.10580740642,0.363,-0.056,1.91,-0.832,2.171
2024-05-16 00:30:00,o,2.0,0.05,0.85,1.7556385961761192,0.10580740642,0.363,-0.056,1.91,-0.832,2.171
2024-05-16 00:30:00,o,2.0,0.05,0.9,1.7557910363685978,0.094555901651,0.363,-0.056,1.91,-0.832,2.849
2024-05-16 00:30:00,o,2.0,0.05,0.95,1.7596074169057703,0.10003346547,0.361,-0.058,1.92,-0.848,2.871
2024-05-16 00:30:00,o,2.0,0.1,0.0,2.237538711557282,-0.034535075943,0.199,0.012311087474,2.89,-2.875,2.492
2024-05-16 00:30:00,o,2.0,0.1,0.95,1.7557910363685978,0.094555901651,0.363,-0.056,1.91,-0.832,2.849
2024-05-16 00:30:00,o,2.0,0.15,0.0,2.266974490451117,-0.043954487463,0.188,0.014470190783,2.97,-3.058,2.148
2024-05-16 00:30:00,o,2.0,0.15,0.95,1.773691386964958,0.094899952599,0.353,-0.059924828163,1.97,-0.931,1.93
2024-05-16 00:30:00,o,2.0,0.2,0.0,2.215494801677293,-0.060104451106,0.208,0.022545129341,2.82,-2.715,1.97
2024-05-16 00:30:00,o,2.0,0.2,0.95,1.773691386964958,0.094899952599,0.353,-0.059924828163,1.97,-0.931,1.93
2024-05-16 00:30:00,o,2.0,0.25,0.0,2.215494801677293,-0.060104451106,0.208,0.022545129341,2.82,-2.715,1.97
2024-05-16 00:30:00,o,2.0,0.25,0.95,1.7719988002697773,0.084434169515,0.354,-0.052950071577,1.97,-0.931,1.821
2024-05-16 00:30:00,o,2.0,0.3,0.0,2.2162213405962063,-0.060752583045,0.207,0.022024100995,2.83,-2.738,1.861
2024-05-16 00:30:00,o,2.0,0.3,0.95,1.7708225669503195,0.06668921624,0.354,-0.041901170532,1.97,-0.931,1.888
2024-05-16 00:30:00,o,2.0,0.35,0.0,2.2162213405962063,-0.060752583045,0.207,0.022024100995,2.83,-2.738,1.861
2024-05-16 00:30:00,o,2.0,0.35,0.95,1.7803389182933311,0.072122039999,0.349,-0.044224453659,2.0,-0.983,1.871
2024-05-16 00:30:00,o,2.0,0.4,0.0,2.2142714734249616,-0.049884963321,0.208,0.018509714668,2.82,-2.715,1.858
2024-05-16 00:30:00,o,2.0,0.4,0.95,1.7803389182933311,0.072122039999,0.349,-0.044224453659,2.0,-0.983,1.871
2024-05-16 00:30:00,o,2.0,0.45,0.0,2.1756625436324644,-0.045566460069,0.224,0.018572594113,2.71,-2.464,1.766
2024-05-16 00:30:00,o,2.0,0.45,0.95,1.777013357095503,0.073326564066,0.351,-0.045194988205,1.99,-0.966,1.835
2024-05-16 00:30:00,o,2.0,0.5,0.0,2.155360332980265,-0.046672744446,0.233,0.020018771254,2.66,-2.351,1.711
2024-05-16 00:30:00,o,2.0,0.5,0.95,1.7705869375206513,0.067226765725,0.355,-0.0414100304,1.97,-0.931,1.849
2024-05-16 00:30:00,o,2.0,0.55,0.0,2.155360332980265,-0.046672744446,0.233,0.020018771254,2.66,-2.351,1.711
2024-05-16 00:30:00,o,2.0,0.55,0.95,1.7705869375206513,0.067226765725,0.355,-0.0414100304,1.97,-0.931,1.849
2024-05-16 00:30:00,o,2.0,0.6,0.0,2.1454139651678834,-0.044609414599,0.237,0.01915220285,2.64,-2.305,1.741
2024-05-16 00:30:00,o,2.0,0.6,0.95,1.7567653885849723,0.055594753163,0.363,-0.034854603001,1.91,-0.832,1.871
2024-05-16 00:30:00,o,2.0,0.65,0.0,2.1454139651678834,-0.044609414599,0.237,0.01915220285,2.64,-2.305,1.741
2024-05-16 00:30:00,o,2.0,0.65,0.95,1.7238085468355835,0.03899907878,0.383,-0.025817032134,1.75,-0.592,1.89
2024-05-16 00:30:00,o,2.0,0.7,0.0,2.1454139651678834,-0.044609414599,0.237,0.01915220285,2.64,-2.305,1.741
2024-05-16 00:30:00,o,2.0,0.7,0.95,1.7213406307259767,0.038527922427,0.385,-0.025175432487,1.73,-0.565,1.908
2024-05-16 00:30:00,o,2.0,0.75,0.0,2.17009442111346,-0.031755881048,0.226,0.012945527991,2.7,-2.441,1.899
2024-05-16 00:30:00,o,2.0,0.75,0.95,1.7213406307259767,0.038527922427,0.385,-0.025175432487,1.73,-0.565,1.908
2024-05-16 00:30:00,o,2.0,0.8,0.0,2.1947917577219247,-0.046647630184,0.216,0.018236276604,2.77,-2.601,1.897
2024-05-16 00:30:00,o,2.0,0.8,0.95,1.7065556382184652,0.029021682302,0.394,-0.019788358741,1.65,-0.463,1.96
2024-05-16 00:30:00,o,2.0,0.85,0.0,2.1947917577219247,-0.046647630184,0.216,0.018236276604,2.77,-2.601,1.897
2024-05-16 00:30:00,o,2.0,0.85,0.95,1.7065556382184652,0.029021682302,0.394,-0.019788358741,1.65,-0.463,1.96
2024-05-16 00:30:00,o,2.0,0.9,0.0,2.1947917577219247,-0.046647630184,0.216,0.018236276604,2.77,-2.601,1.897
2024-05-16 00:30:00,o,2.0,0.9,0.95,1.6900985744039843,0.019110971394,0.405,-0.013313101359,1.49,-0.285,2.006
2024-05-16 00:30:00,o,2.0,0.95,0.0,2.29522172604296,-0.040296349851,0.179,0.013314326698,3.04,-3.218,2.139
2024-05-16 00:30:00,o,2.0,0.95,0.95,1.7011619933473565,0.022561679682,0.398,-0.015055957581,1.6,-0.403,2.063
2024-05-16 00:30:00,o,2.0,1.0,0.0,2.29522172604296,-0.040296349851,0.179,0.013314326698,3.04,-3.218,2.139
2024-05-16 00:30:00,o,2.0,1.0,0.95,1.7197372122889276,0.026538067135,0.386,-0.017158502146,1.73,-0.565,2.248
2024-05-16 00:30:00,o,2.0,1.05,0.0,2.3057317479847934,-0.02934484933,0.175,0.009176666237,3.07,-3.286,2.255
2024-05-16 00:30:00,o,2.0,1.05,0.95,1.7197372122889276,0.026538067135,0.386,-0.017158502146,1.73,-0.565,2.248
2024-05-16 00:30:00,o,2.0,1.1,0.0,2.200932535899193,-0.04271309985,0.213,0.016055371587,2.79,-2.646,2.718
2024-05-16 00:30:00,o,2.0,1.1,0.95,1.730879133522473,0.004494280193,0.379,-0.0025331784995,1.8,-0.663,3.106
2024-05-16 00:30:00,o,2.0,1.15,0.0,2.1322532839604738,-0.085133262085,0.243,0.036082298854,2.6,-2.215,2.937
2024-05-16 00:30:00,o,2.0,1.15,0.05,2.148510110610999,-0.066574651079,0.236,0.028184379856,2.64,-2.305,3.275
2024-05-16 00:30:00,o,2.0,1.15,0.1,2.1992037339286963,-0.070873892831,0.214,0.026608720654,2.78,-2.623,3.206
2024-05-16 00:30:00,o,2.0,1.15,0.15,2.2545480771089736,-0.061910836979,0.188,0.021092223836,2.97,-3.058,2.939
2024-05-16 00:30:00,o,2.0,1.15,0.2,2.207785119218965,-0.053853578844,0.195,0.018927840879,2.91,-2.921,2.43
2024-05-16 00:30:00,o,2.0,1.15,0.25,2.207785119218965,-0.053853578844,0.195,0.018927840879,2.91,-2.921,2.43
2024-05-16 00:30:00,o,2.0,1.15,0.3,2.0063633397857457,-0.059276118999,0.263,0.027768885124,2.48,-1.948,2.19
2024-05-16 00:30:00,o,2.0,1.15,0.35,2.0063633397857457,-0.059276118999,0.263,0.027768885124,2.48,-1.948,2.19
2024-05-16 00:30:00,o,2.0,1.15,0.4,1.8798238740108426,-0.064801894335,0.325,0.037709455212,2.14,-1.24,2.272
2024-05-16 00:30:00,o,2.0,1.15,0.45,1.733494185687449,-0.059464518229,0.412,0.04360213997,1.35,-0.156,2.157
2024-05-16 00:30:00,o,2.0,1.15,0.5,1.733494185687449,-0.059464518229,0.412,0.04360213997,1.35,-0.156,2.157
2024-05-16 00:30:00,o,2.0,1.15,0.55,1.693392747689838,-0.049245987331,0.425,0.027758626835,0.79,0.17,2.172
2024-05-16 00:30:00,o,2.0,1.15,0.6,1.6495782291202497,-0.03276543965,0.422,0.0,0.98,0.086,2.088
2024-05-16 00:30:00,o,2.0,1.15,0.65,1.646050657206096,-0.0054890179291,0.419,0.0,1.13,0.002,2.258
2024-05-16 00:30:00,o,2.0,1.15,0.7,1.646050657206096,-0.0054890179291,0.419,0.0,1.13,0.002,2.258
2024-05-16 00:30:00,o,2.0,1.15,0.75,1.646050657206096,-0.0054890179291,0.419,0.0,1.13,0.002,2.258
2024-05-16 00:30:00,o,2.0,1.15,0.8,1.7062055418819706,0.015371783244,0.395,-0.0097458934306,1.63,-0.438,2.43
2024-05-16 00:30:00,o,2.0,1.15,0.85,1.7062055418819706,0.015371783244,0.395,-0.0097458934306,1.63,-0.438,2.43
2024-05-16 00:30:00,o,2.0,1.15,0.9,1.730879133522473,0.004494280193,0.379,-0.0025331784995,1.8,-0.663,3.106
2024-05-16 00:30:00,o,2.0,1.15,0.95,1.7304511815762533,0.0060769922795,0.379,-0.0038097637665,1.8,-0.663,3.101
2024-05-16 00:30:00,o,2.05,0.05,0.0,2.1846971078325454,-0.052338651136,0.22,0.02059117878,2.74,-2.532,2.677
2024-05-16 00:30:00,o,2.05,0.05,0.05,2.1846971078325454,-0.052338651136,0.22,0.02059117878,2.74,-2.532,2.677
2024-05-16 00:30:00,o,2.05,0.05,0.1,2.171231924608945,-0.0592834132,0.226,0.024130127978,2.7,-2.441,2.447
2024-05-16 00:30:00,o,2.05,0.05,0.15,2.151734418734097,-0.050080410658,0.22,0.019625650026,2.74,-2.532,2.103
2024-05-16 00:30:00,o,2.05,0.05,0.2,2.14434999775337,-0.035101250644,0.218,0.01387984124,2.75,-2.555,2.165
2024-05-16 00:30:00,o,2.05,0.05,0.25,2.14434999775337,-0.035101250644,0.218,0.01387984124,2.75,-2.555,2.165
2024-05-16 00:30:00,o,2.05,0.05,0.3,2.040855407049286,-0.014725496859,0.253,0.0070743232924,2.54,-2.081,1.964
2024-05-16 00:30:00,o,2.05,0.05,0.35,1.953952883231923,0.0020279583705,0.289,-0.0014953435892,2.34,-1.646,2.06
2024-05-16 00:30:00,o,2.05,0.05,0.4,1.953952883231923,0.0020279583705,0.289,-0.0014953435892,2.34,-1.646,2.06
2024-05-16 00:30:00,o,2.05,0.05,0.45,1.824724448045649,0.040520966289,0.349,-0.027690113742,2.0,-0.983,1.881
2024-05-16 00:30:00,o,2.05,0.05,0.5,1.7802164692102265,0.051513768274,0.372,-0.037226451725,1.84,-0.722,1.986
2024-05-16 00:30:00,o,2.05,0.05,0.55,1.7678086728873768,0.060690057102,0.374,-0.043085605895,1.83,-0.707,1.934
2024-05-16 00:30:00,o,2.05,0.05,0.6,1.7678086728873768,0.060690057102,0.374,-0.043085605895,1.83,-0.707,1.934
2024-05-16 00:30:00,o,2.05,0.05,0.65,1.7444572796833042,0.08051148502,0.378,-0.043,1.8,-0.663,1.933
2024-05-16 00:30:00,o,2.05,0.05,0.7,1.7405758362899715,0.086813564278,0.375,-0.045,1.82,-0.692,2.038
2024-05-16 00:30:00,o,2.05,0.05,0.75,1.7458863821675237,0.10527576926,0.369,-0.05,1.86,-0.753,1.979
2024-05-16 00:30:00,o,2.05,0.05,0.8,1.7537974723664809,0.13265236117,0.365,-0.054,1.9,-0.816,2.392
2024-05-16 00:30:00,o,2.05,0.05,0.85,1.7537974723664809,0.13265236117,0.365,-0.054,1.9,-0.816,2.392
2024-05-16 00:30:00,o,2.05,0.05,0.9,1.7751369436809514,0.17440357465,0.352,-0.067,1.98,-0.948,2.735
2024-05-16 00:30:00,o,2.05,0.05,0.95,1.7743052411868605,0.17123668719,0.352,-0.067,1.98,-0.948,2.805
2024-05-16 00:30:00,o,2.05,0.1,0.0,2.1846971078325454,-0.052338651136,0.22,0.02059117878,2.74,-2.532,2.677
2024-05-16 00:30:00,o,2.05,0.1,0.95,1.7751369436809514,0.17440357465,0.352,-0.067,1.98,-0.948,2.735
2024-05-16 00:30:00,o,2.05,0.15,0.0,2.215494801677293,-0.060104451106,0.208,0.022545129341,2.82,-2.715,1.97
2024-05-16 00:30:00,o,2.05,0.15,0.95,1.773691386964958,0.094899952599,0.353,-0.059924828163,1.97,-0.931,1.93
2024-05-16 00:30:00,o,2.05,0.2,0.0,2.215494801677293,-0.060104451106,0.208,0.022545129341,2.82,-2.715,1.97
2024-05-16 00:30:00,o,2.05,0.2,0.95,1.7796253470753762,0.10469075894,0.349,-0.066579115167,2.0,-0.983,1.868
2024-05-16 00:30:00,o,2.05,0.25,0.0,2.215494801677293,-0.060104451106,0.208,0.022545129341,2.82,-2.715,1.97
2024-05-16 00:30:00,o,2.05,0.25,0.95,1.7786070203522604,0.095947596173,0.35,-0.06027989839,1.99,-0.966,1.816
2024-05-16 00:30:00,o,2.05,0.3,0.0,2.2162213405962063,-0.060752583045,0.207,0.022024100995,2.83,-2.738,1.861
2024-05-16 00:30:00,o,2.05,0.3,0.95,1.7786070203522604,0.095947596173,0.35,-0.06027989839,1.99,-0.966,1.816
2024-05-16 00:30:00,o,2.05,0.35,0.0,2.2162213405962063,-0.060752583045,0.207,0.022024100995,2.83,-2.738,1.861
2024-05-16 00:30:00,o,2.05,0.35,0.95,1.7834247342967149,0.089003820601,0.347,-0.055341023266,2.01,-1.001,1.819
2024-05-16 00:30:00,o,2.05,0.4,0.0,2.2162213405962063,-0.060752583045,0.207,0.022024100995,2.83,-2.738,1.861
2024-05-16 00:30:00,o,2.05,0.4,0.95,1.7803389182933311,0.072122039999,0.349,-0.044224453659,2.0,-0.983,1.871
2024-05-16 00:30:00,o,2.05,0.45,0.0,2.1488370118789404,-0.046863427951,0.235,0.0194663658,2.65,-2.328,1.68
2024-05-16 00:30:00,o,2.05,0.45,0.95,1.777013357095503,0.073326564066,0.351,-0.045194988205,1.99,-0.966,1.835
2024-05-16 00:30:00,o,2.05,0.5,0.0,2.155360332980265,-0.046672744446,0.233,0.020018771254,2.66,-2.351,1.711
2024-05-16 00:30:00,o,2.05,0.5,0.95,1.7705869375206513,0.067226765725,0.355,-0.0414100304,1.97,-0.931,1.849
2024-05-16 00:30:00,o,2.05,0.55,0.0,2.155360332980265,-0.046672744446,0.233,0.020018771254,2.66,-2.351,1.711
2024-05-16 00:30:00,o,2.05,0.55,0.95,1.7705869375206513,0.067226765725,0.355,-0.0414100304,1.97,-0.931,1.849
2024-05-16 00:30:00,o,2.05,0.6,0.0,2.1454139651678834,-0.044609414599,0.237,0.01915220285,2.64,-2.305,1.741
2024-05-16 00:30:00,o,2.05,0.6,0.95,1.7589497212801806,0.063581886892,0.361,-0.040708584002,1.92,-0.848,1.834
2024-05-16 00:30:00,o,2.05,0.65,0.0,2.1454139651678834,-0.044609414599,0.237,0.01915220285,2.64,-2.305,1.741
2024-05-16 00:30:00,o,2.05,0.65,0.95,1.7589497212801806,0.063581886892,0.361,-0.040708584002,1.92,-0.848,1.834
2024-05-16 00:30:00,o,2.05,0.7,0.0,2.1517956607202384,-0.052088110085,0.234,0.021758980128,2.65,-2.328,1.719
2024-05-16 00:30:00,o,2.05,0.7,0.95,1.7445511355336676,0.054860549277,0.37,-0.035515305684,1.86,-0.753,1.861
2024-05-16 00:30:00,o,2.05,0.75,0.0,2.1820606809170027,-0.055822217323,0.221,0.02190871074,2.74,-2.532,1.853
2024-05-16 00:30:00,o,2.05,0.75,0.95,1.7213406307259767,0.038527922427,0.385,-0.025175432487,1.73,-0.565,1.908
2024-05-16 00:30:00,o,2.05,0.8,0.0,2.1820606809170027,-0.055822217323,0.221,0.02190871074,2.74,-2.532,1.853
2024-05-16 00:30:00,o,2.05,0.8,0.95,1.7065556382184652,0.029021682302,0.394,-0.019788358741,1.65,-0.463,1.96
2024-05-16 00:30:00,o,2.05,0.85,0.0,2.1947917577219247,-0.046647630184,0.216,0.018236276604,2.77,-2.601,1.897
2024-05-16 00:30:00,o,2.05,0.85,0.95,1.7068883949816178,0.028962225428,0.394,-0.019518825749,1.65,-0.463,1.978
2024-05-16 00:30:00,o,2.05,0.9,0.0,2.1947917577219247,-0.046647630184,0.216,0.018236276604,2.77,-2.601,1.897
2024-05-16 00:30:00,o,2.05,0.9,0.95,1.7068883949816178,0.028962225428,0.394,-0.019518825749,1.65,-0.463,1.978
2024-05-16 00:30:00,o,2.05,0.95,0.0,2.29522172604296,-0.040296349851,0.179,0.013314326698,3.04,-3.218,2.139
2024-05-16 00:30:00,o,2.05,0.95,0.95,1.7068883949816178,0.028962225428,0.394,-0.019518825749,1.65,-0.463,1.978
2024-05-16 00:30:00,o,2.05,1.0,0.0,2.29522172604296,-0.040296349851,0.179,0.013314326698,3.04,-3.218,2.139
2024-05-16 00:30:00,o,2.05,1.0,0.95,1.7197372122889276,0.026538067135,0.386,-0.017158502146,1.73,-0.565,2.248
2024-05-16 00:30:00,o,2.05,1.05,0.0,2.2750186543415345,-0.066556325464,0.186,0.022191472626,2.98,-3.081,2.256
2024-05-16 00:30:00,o,2.05,1.05,0.95,1.7197372122889276,0.026538067135,0.386,-0.017158502146,1.73,-0.565,2.248
2024-05-16 00:30:00,o,2.05,1.1,0.0,2.1322532839604738,-0.085133262085,0.243,0.036082298854,2.6,-2.215,2.937
2024-05-16 00:30:00,o,2.05,1.1,0.95,1.7429057225601823,0.056877533634,0.371,-0.036990145241,1.86,-0.753,3.006
2024-05-16 00:30:00,o,2.05,1.15,0.0,2.1322532839604738,-0.085133262085,0.243,0.036082298854,2.6,-2.215,2.937
2024-05-16 00:30:00,o,2.05,1.15,0.05,2.1692305099129996,-0.087605051919,0.227,0.034882000076,2.7,-2.441,2.828
2024-05-16 00:30:00,o,2.05,1.15,0.1,2.1692305099129996,-0.087605051919,0.227,0.034882000076,2.7,-2.441,2.828
2024-05-16 00:30:00,o,2.05,1.15,0.15,2.2079169841578934,-0.064258923656,0.199,0.022824340721,2.89,-2.875,2.388
2024-05-16 00:30:00,o,2.05,1.15,0.2,2.2079169841578934,-0.064258923656,0.199,0.022824340721,2.89,-2.875,2.388
2024-05-16 00:30:00,o,2.05,1.15,0.25,2.1621400602374417,-0.062424077785,0.214,0.024117505309,2.78,-2.623,2.348
2024-05-16 00:30:00,o,2.05,1.15,0.3,2.029091443779618,-0.061000762374,0.257,0.027554172152,2.52,-2.037,2.027
2024-05-16 00:30:00,o,2.05,1.15,0.35,1.8798238740108426,-0.064801894335,0.325,0.037709455212,2.14,-1.24,2.272
2024-05-16 00:30:00,o,2.05,1.15,0.4,1.8798238740108426,-0.064801894335,0.325,0.037709455212,2.14,-1.24,2.272
2024-05-16 00:30:00,o,2.05,1.15,0.45,1.8798238740108426,-0.064801894335,0.325,0.037709455212,2.14,-1.24,2.272
2024-05-16 00:30:00,o,2.05,1.15,0.5,1.733494185687449,-0.059464518229,0.412,0.04360213997,1.35,-0.156,2.157
2024-05-16 00:30:00,o,2.05,1.15,0.55,1.733494185687449,-0.059464518229,0.412,0.04360213997,1.35,-0.156,2.157
2024-05-16 00:30:00,o,2.05,1.15,0.6,1.6352122279052221,-0.027186690502,0.422,0.0,0.98,0.086,2.076
2024-05-16 00:30:00,o,2.05,1.15,0.65,1.6314945013865612,-0.0086489090488,0.42,0.0,1.08,0.032,2.075
2024-05-16 00:30:00,o,2.05,1.15,0.7,1.6577822578115384,0.012065318442,0.419,0.0,1.13,0.002,2.316
2024-05-16 00:30:00,o,2.05,1.15,0.75,1.6577822578115384,0.012065318442,0.419,0.0,1.13,0.002,2.316
2024-05-16 00:30:00,o,2.05,1.15,0.8,1.6940081822065218,0.030269575633,0.403,-0.016,1.54,-0.336,2.524
2024-05-16 00:30:00,o,2.05,1.15,0.85,1.6940081822065218,0.030269575633,0.403,-0.016,1.54,-0.336,2.524
2024-05-16 00:30:00,o,2.05,1.15,0.9,1.7429057225601823,0.056877533634,0.371,-0.036990145241,1.86,-0.753,3.006
2024-05-16 00:30:00,o,2.05,1.15,0.95,1.749589465207616,0.054791289385,0.367,-0.035088934267,1.88,-0.784,3.008
2024-05-16 00:30:00,o,2.1,0.05,0.0,2.1735271577744473,-0.06427285912,0.225,0.025877666776,2.71,-2.464,2.09
2024-05-16 00:30:00,o,2.1,0.05,0.05,2.171231924608945,-0.0592834132,0.226,0.024130127978,2.7,-2.441,2.447
2024-05-16 00:30:00,o,2.1,0.05,0.1,2.1344576183936548,-0.066669011936,0.242,0.028655284662,2.61,-2.238,2.931
2024-05-16 00:30:00,o,2.1,0.05,0.15,2.130510667251444,-0.065187005094,0.233,0.026945186647,2.66,-2.351,2.659
2024-05-16 00:30:00,o,2.1,0.05,0.2,2.151734418734097,-0.050080410658,0.22,0.019625650026,2.74,-2.532,2.103
2024-05-16 00:30:00,o,2.1,0.05,0.25,2.151734418734097,-0.050080410658,0.22,0.019625650026,2.74,-2.532,2.103
2024-05-16 00:30:00,o,2.1,0.05,0.3,2.040855407049286,-0.014725496859,0.253,0.0070743232924,2.54,-2.081,1.964
2024-05-16 00:30:00,o,2.1,0.05,0.35,1.953952883231923,0.0020279583705,0.289,-0.0014953435892,2.34,-1.646,2.06
2024-05-16 00:30:00,o,2.1,0.05,0.4,1.9078572511299654,0.0064534243047,0.31,-0.0041169701746,2.22,-1.398,1.975
2024-05-16 00:30:00,o,2.1,0.05,0.45,1.8352655792318373,0.028678644904,0.343,-0.019427809803,2.04,-1.054,1.852
2024-05-16 00:30:00,o,2.1,0.05,0.5,1.8352655792318373,0.028678644904,0.343,-0.019427809803,2.04,-1.054,1.852
2024-05-16 00:30:00,o,2.1,0.05,0.55,1.8008819689311684,0.046977329511,0.358,-0.033164874791,1.95,-0.897,1.841
2024-05-16 00:30:00,o,2.1,0.05,0.6,1.7678086728873768,0.060690057102,0.374,-0.043085605895,1.83,-0.707,1.934
2024-05-16 00:30:00,o,2.1,0.05,0.65,1.7444572796833042,0.08051148502,0.378,-0.043,1.8,-0.663,1.933
2024-05-16 00:30:00,o,2.1,0.05,0.7,1.740828319327094,0.0895987784,0.375,-0.045,1.82,-0.692,1.936
2024-05-16 00:30:00,o,2.1,0.05,0.75,1.7495971954120768,0.10570058109,0.367,-0.052,1.88,-0.784,1.844
2024-05-16 00:30:00,o,2.1,0.05,0.8,1.7648707467768723,0.16966120982,0.358,-0.061,1.95,-0.897,2.674
2024-05-16 00:30:00,o,2.1,0.05,0.85,1.7648707467768723,0.16966120982,0.358,-0.061,1.95,-0.897,2.674
2024-05-16 00:30:00,o,2.1,0.05,0.9,1.7751369436809514,0.17440357465,0.352,-0.067,1.98,-0.948,2.735
2024-05-16 00:30:00,o,2.1,0.05,0.95,1.7743052411868605,0.17123668719,0.352,-0.067,1.98,-0.948,2.805
2024-05-16 00:30:00,o,2.1,0.1,0.0,2.1735271577744473,-0.06427285912,0.225,0.025877666776,2.71,-2.464,2.09
2024-05-16 00:30:00,o,2.1,0.1,0.95,1.7788166585732208,0.13936005298,0.35,-0.069,1.99,-0.966,2.291
2024-05-16 00:30:00,o,2.1,0.15,0.0,2.1931914077510863,-0.06365377029,0.217,0.024885475456,2.77,-2.601,1.909
2024-05-16 00:30:00,o,2.1,0.15,0.95,1.7810081764447643,0.12180529898,0.348,-0.071,2.01,-1.001,1.852
2024-05-16 00:30:00,o,2.1,0.2,0.0,2.215494801677293,-0.060104451106,0.208,0.022545129341,2.82,-2.715,1.97
2024-05-16 00:30:00,o,2.1,0.2,0.95,1.7796253470753762,0.10469075894,0.349,-0.066579115167,2.0,-0.983,1.868
2024-05-16 00:30:00,o,2.1,0.25,0.0,2.2162213405962063,-0.060752583045,0.207,0.022024100995,2.83,-2.738,1.861
2024-05-16 00:30:00,o,2.1,0.25,0.95,1.7786070203522604,0.095947596173,0.35,-0.06027989839,1.99,-0.966,1.816
2024-05-16 00:30:00,o,2.1,0.3,0.0,2.2162213405962063,-0.060752583045,0.207,0.022024100995,2.83,-2.738,1.861
2024-05-16 00:30:00,o,2.1,0.3,0.95,1.7786070203522604,0.095947596173,0.35,-0.06027989839,1.99,-0.966,1.816
2024-05-16 00:30:00,o,2.1,0.35,0.0,2.172667136669263,-0.05351502641,0.225,0.021477849407,2.71,-2.464,1.755
2024-05-16 00:30:00,o,2.1,0.35,0.95,1.7834247342967149,0.089003820601,0.347,-0.055341023266,2.01,-1.001,1.819
2024-05-16 00:30:00,o,2.1,0.4,0.0,2.172667136669263,-0.05351502641,0.225,0.021477849407,2.71,-2.464,1.755
2024-05-16 00:30:00,o,2.1,0.4,0.95,1.787304582291352,0.097596249448,0.345,-0.060503350173,2.02,-1.018,1.798
2024-05-16 00:30:00,o,2.1,0.45,0.0,2.1488370118789404,-0.046863427951,0.235,0.0194663658,2.65,-2.328,1.68
2024-05-16 00:30:00,o,2.1,0.45,0.95,1.7852942356434038,0.091549704303,0.346,-0.056793382096,2.02,-1.018,1.799
2024-05-16 00:30:00,o,2.1,0.5,0.0,2.1488370118789404,-0.046863427951,0.235,0.0194663658,2.65,-2.328,1.68
2024-05-16 00:30:00,o,2.1,0.5,0.95,1.7730253976388035,0.074081451753,0.353,-0.04632908692,1.97,-0.931,1.825
2024-05-16 00:30:00,o,2.1,0.55,0.0,2.155360332980265,-0.046672744446,0.233,0.020018771254,2.66,-2.351,1.711
2024-05-16 00:30:00,o,2.1,0.55,0.95,1.7730253976388035,0.074081451753,0.353,-0.04632908692,1.97,-0.931,1.825
2024-05-16 00:30:00,o,2.1,0.6,0.0,2.1454139651678834,-0.044609414599,0.237,0.01915220285,2.64,-2.305,1.741
2024-05-16 00:30:00,o,2.1,0.6,0.95,1.7589497212801806,0.063581886892,0.361,-0.040708584002,1.92,-0.848,1.834
2024-05-16 00:30:00,o,2.1,0.65,0.0,2.1517956607202384,-0.052088110085,0.234,0.021758980128,2.65,-2.328,1.719
2024-05-16 00:30:00,o,2.1,0.65,0.95,1.7589497212801806,0.063581886892,0.361,-0.040708584002,1.92,-0.848,1.834
2024-05-16 00:30:00,o,2.1,0.7,0.0,2.1517956607202384,-0.052088110085,0.234,0.021758980128,2.65,-2.328,1.719
2024-05-16 00:30:00,o,2.1,0.7,0.95,1.7445511355336676,0.054860549277,0.37,-0.035515305684,1.86,-0.753,1.861
2024-05-16 00:30:00,o,2.1,0.75,0.0,2.1820606809170027,-0.055822217323,0.221,0.02190871074,2.74,-2.532,1.853
2024-05-16 00:30:00,o,2.1,0.75,0.95,1.7445511355336676,0.054860549277,0.37,-0.035515305684,1.86,-0.753,1.861
2024-05-16 00:30:00,o,2.1,0.8,0.0,2.1820606809170027,-0.055822217323,0.221,0.02190871074,2.74,-2.532,1.853
2024-05-16 00:30:00,o,2.1,0.8,0.95,1.7209196867375491,0.04082904299,0.385,-0.027034533035,1.73,-0.565,1.898
2024-05-16 00:30:00,o,2.1,0.85,0.0,2.1820606809170027,-0.055822217323,0.221,0.02190871074,2.74,-2.532,1.853
2024-05-16 00:30:00,o,2.1,0.85,0.95,1.7024477700116039,0.029067404787,0.397,-0.019653550513,1.61,-0.415,1.946
2024-05-16 00:30:00,o,2.1,0.9,0.0,2.1947917577219247,-0.046647630184,0.216,0.018236276604,2.77,-2.601,1.897
2024-05-16 00:30:00,o,2.1,0.9,0.95,1.7068883949816178,0.028962225428,0.394,-0.019518825749,1.65,-0.463,1.978
2024-05-16 00:30:00,o,2.1,0.95,0.0,2.2750186543415345,-0.066556325464,0.186,0.022191472626,2.98,-3.081,2.256
2024-05-16 00:30:00,o,2.1,0.95,0.95,1.7171710268323102,0.031957926837,0.387,-0.021542987462,1.71,-0.539,2.041
2024-05-16 00:30:00,o,2.1,1.0,0.0,2.2750186543415345,-0.066556325464,0.186,0.022191472626,2.98,-3.081,2.256
2024-05-16 00:30:00,o,2.1,1.0,0.95,1.7287919142537802,0.034695883981,0.38,-0.022558239127,1.78,-0.634,2.127
2024-05-16 00:30:00,o,2.1,1.05,0.0,2.2750186543415345,-0.066556325464,0.186,0.022191472626,2.98,-3.081,2.256
2024-05-16 00:30:00,o,2.1,1.05,0.95,1.7353992699626937,0.039453776566,0.376,-0.025323259392,1.81,-0.678,2.272
2024-05-16 00:30:00,o,2.1,1.1,0.0,2.227778760026868,-0.080258204443,0.203,0.028523538293,2.86,-2.806,2.476
2024-05-16 00:30:00,o,2.1,1.1,0.95,1.745979929713799,0.049667234776,0.369,-0.032078511578,1.86,-0.753,2.483
2024-05-16 00:30:00,o,2.1,1.15,0.0,2.227778760026868,-0.080258204443,0.203,0.028523538293,2.86,-2.806,2.476
2024-05-16 00:30:00,o,2.1,1.15,0.05,2.1692305099129996,-0.087605051919,0.227,0.034882000076,2.7,-2.441,2.828
2024-05-16 00:30:00,o,2.1,1.15,0.1,2.143017924663589,-0.10401949684,0.238,0.042307999329,2.62,-2.26,3.12
2024-05-16 00:30:00,o,2.1,1.15,0.15,2.1730754946196305,-0.0835556724,0.215,0.031624153988,2.78,-2.623,2.861
2024-05-16 00:30:00,o,2.1,1.15,0.2,2.1877068071701977,-0.070779619409,0.204,0.025538880695,2.85,-2.783,2.709
2024-05-16 00:30:00,o,2.1,1.15,0.25,2.1338325964893663,-0.068276841845,0.222,0.026779385019,2.73,-2.51,2.523
2024-05-16 00:30:00,o,2.1,1.15,0.3,1.9781211456000087,-0.071964598601,0.283,0.035558609804,2.38,-1.731,2.224
2024-05-16 00:30:00,o,2.1,1.15,0.35,1.9781211456000087,-0.071964598601,0.283,0.035558609804,2.38,-1.731,2.224
2024-05-16 00:30:00,o,2.1,1.15,0.4,1.9266305085467976,-0.067316874427,0.304,0.036683607225,2.25,-1.459,2.166
2024-05-16 00:30:00,o,2.1,1.15,0.45,1.9266305085467976,-0.067316874427,0.304,0.036683607225,2.25,-1.459,2.166
2024-05-16 00:30:00,o,2.1,1.15,0.5,1.675292466449715,-0.050798724184,0.425,0.016894591302,0.79,0.17,2.164
2024-05-16 00:30:00,o,2.1,1.15,0.55,1.675292466449715,-0.050798724184,0.425,0.016894591302,0.79,0.17,2.164
2024-05-16 00:30:00,o,2.1,1.15,0.6,1.6352122279052221,-0.027186690502,0.422,0.0,0.98,0.086,2.076
2024-05-16 00:30:00,o,2.1,1.15,0.65,1.6227216123719104,-0.0090872975229,0.42,0.0,1.08,0.032,2.197
2024-05-16 00:30:00,o,2.1,1.15,0.7,1.6227216123719104,-0.0090872975229,0.42,0.0,1.08,0.032,2.197
2024-05-16 00:30:00,o,2.1,1.15,0.75,1.6423754757990503,0.0069520518514,0.419,0.0,1.13,0.002,2.216
2024-05-16 00:30:00,o,2.1,1.15,0.8,1.7129694131880249,0.060955273838,0.39,-0.029,1.69,-0.513,3.007
2024-05-16 00:30:00,o,2.1,1.15,0.85,1.7129694131880249,0.060955273838,0.39,-0.029,1.69,-0.513,3.007
2024-05-16 00:30:00,o,2.1,1.15,0.9,1.7429057225601823,0.056877533634,0.371,-0.036990145241,1.86,-0.753,3.006
2024-05-16 00:30:00,o,2.1,1.15,0.95,1.749589465207616,0.054791289385,0.367,-0.035088934267,1.88,-0.784,3.008
2024-05-16 00:30:00,o,2.15,0.05,0.0,2.169195211701871,-0.072821665756,0.227,0.029451004837,2.7,-2.441,2.26
2024-05-16 00:30:00,o,2.15,0.05,0.05,2.15671266240222,-0.068875718932,0.232,0.028250383991,2.66,-2.351,2.76
2024-05-16 00:30:00,o,2.15,0.05,0.1,2.1344576183936548,-0.066669011936,0.242,0.028655284662,2.61,-2.238,2.931
2024-05-16 00:30:00,o,2.15,0.05,0.15,2.130510667251444,-0.065187005094,0.233,0.026945186647,2.66,-2.351,2.659
2024-05-16 00:30:00,o,2.15,0.05,0.2,2.15943784805508,-0.069693419643,0.222,0.027519608662,2.73,-2.51,2.678
2024-05-16 00:30:00,o,2.15,0.05,0.25,2.1407279628441827,-0.057560642133,0.225,0.023189856909,2.71,-2.464,1.993
2024-05-16 00:30:00,o,2.15,0.05,0.3,1.9568740658590333,-0.0093240041315,0.289,0.0046250666091,2.34,-1.646,1.907
2024-05-16 00:30:00,o,2.15,0.05,0.35,1.9568740658590333,-0.0093240041315,0.289,0.0046250666091,2.34,-1.646,1.907
2024-05-16 00:30:00,o,2.15,0.05,0.4,1.9078572511299654,0.0064534243047,0.31,-0.0041169701746,2.22,-1.398,1.975
2024-05-16 00:30:00,o,2.15,0.05,0.45,1.8352655792318373,0.028678644904,0.343,-0.019427809803,2.04,-1.054,1.852
2024-05-16 00:30:00,o,2.15,0.05,0.5,1.8352655792318373,0.028678644904,0.343,-0.019427809803,2.04,-1.054,1.852
2024-05-16 00:30:00,o,2.15,0.05,0.55,1.820739887269882,0.035125362323,0.35,-0.023556862956,1.99,-0.966,1.773
2024-05-16 00:30:00,o,2.15,0.05,0.6,1.7627760627696587,0.072385037142,0.369,-0.049073792137,1.86,-0.753,1.707
2024-05-16 00:30:00,o,2.15,0.05,0.65,1.740828319327094,0.0895987784,0.375,-0.045,1.82,-0.692,1.936
2024-05-16 00:30:00,o,2.15,0.05,0.7,1.740828319327094,0.0895987784,0.375,-0.045,1.82,-0.692,1.936
2024-05-16 00:30:00,o,2.15,0.05,0.75,1.7445902361523886,0.099689039625,0.37,-0.049,1.86,-0.753,1.886
2024-05-16 00:30:00,o,2.15,0.05,0.8,1.7553564406832676,0.13176605289,0.364,-0.055,1.9,-0.816,2.314
2024-05-16 00:30:00,o,2.15,0.05,0.85,1.7553564406832676,0.13176605289,0.364,-0.055,1.9,-0.816,2.314
2024-05-16 00:30:00,o,2.15,0.05,0.9,1.7751369436809514,0.17440357465,0.352,-0.067,1.98,-0.948,2.735
2024-05-16 00:30:00,o,2.15,0.05,0.95,1.7755958863378685,0.14163281881,0.352,-0.067,1.98,-0.948,2.271
2024-05-16 00:30:00,o,2.15,0.1,0.0,2.1735271577744473,-0.06427285912,0.225,0.025877666776,2.71,-2.464,2.09
2024-05-16 00:30:00,o,2.15,0.1,0.95,1.7788166585732208,0.13936005298,0.35,-0.069,1.99,-0.966,2.291
2024-05-16 00:30:00,o,2.15,0.15,0.0,2.1931914077510863,-0.06365377029,0.217,0.024885475456,2.77,-2.601,1.909
2024-05-16 00:30:00,o,2.15,0.15,0.95,1.7810081764447643,0.12180529898,0.348,-0.071,2.01,-1.001,1.852
2024-05-16 00:30:00,o,2.15,0.2,0.0,2.1931914077510863,-0.06365377029,0.217,0.024885475456,2.77,-2.601,1.909
2024-05-16 00:30:00,o,2.15,0.2,0.95,1.7810081764447643,0.12180529898,0.348,-0.071,2.01,-1.001,1.852
2024-05-16 00:30:00,o,2.15,0.25,0.0,2.2162213405962063,-0.060752583045,0.207,0.022024100995,2.83,-2.738,1.861
2024-05-16 00:30:00,o,2.15,0.25,0.95,1.7786070203522604,0.095947596173,0.35,-0.06027989839,1.99,-0.966,1.816
2024-05-16 00:30:00,o,2.15,0.3,0.0,2.172667136669263,-0.05351502641,0.225,0.021477849407,2.71,-2.464,1.755
2024-05-16 00:30:00,o,2.15,0.3,0.95,1.7887974301398937,0.10905165184,0.344,-0.068270667933,2.03,-1.036,1.761
2024-05-16 00:30:00,o,2.15,0.35,0.0,2.172667136669263,-0.05351502641,0.225,0.021477849407,2.71,-2.464,1.755
2024-05-16 00:30:00,o,2.15,0.35,0.95,1.787304582291352,0.097596249448,0.345,-0.060503350173,2.02,-1.018,1.798
2024-05-16 00:30:00,o,2.15,0.4,0.0,2.172667136669263,-0.05351502641,0.225,0.021477849407,2.71,-2.464,1.755
2024-05-16 00:30:00,o,2.15,0.4,0.95,1.787304582291352,0.097596249448,0.345,-0.060503350173,2.02,-1.018,1.798
2024-05-16 00:30:00,o,2.15,0.45,0.0,2.1488370118789404,-0.046863427951,0.235,0.0194663658,2.65,-2.328,1.68
2024-05-16 00:30:00,o,2.15,0.45,0.95,1.7852942356434038,0.091549704303,0.346,-0.056793382096,2.02,-1.018,1.799
2024-05-16 00:30:00,o,2.15,0.5,0.0,2.1488370118789404,-0.046863427951,0.235,0.0194663658,2.65,-2.328,1.68
2024-05-16 00:30:00,o,2.15,0.5,0.95,1.784317675869075,0.091497185052,0.347,-0.05641219476,2.01,-1.001,1.782
2024-05-16 00:30:00,o,2.15,0.55,0.0,2.1028211731994686,-0.033344283615,0.257,0.015923574306,2.52,-2.037,1.647
2024-05-16 00:30:00,o,2.15,0.55,0.95,1.784317675869075,0.091497185052,0.347,-0.05641219476,2.01,-1.001,1.782
2024-05-16 00:30:00,o,2.15,0.6,0.0,2.110397770329012,-0.04527524607,0.253,0.020610128865,2.54,-2.081,1.693
2024-05-16 00:30:00,o,2.15,0.6,0.95,1.7589497212801806,0.063581886892,0.361,-0.040708584002,1.92,-0.848,1.834
2024-05-16 00:30:00,o,2.15,0.65,0.0,2.1517956607202384,-0.052088110085,0.234,0.021758980128,2.65,-2.328,1.719
2024-05-16 00:30:00,o,2.15,0.65,0.95,1.7589497212801806,0.063581886892,0.361,-0.040708584002,1.92,-0.848,1.834
2024-05-16 00:30:00,o,2.15,0.7,0.0,2.1517956607202384,-0.052088110085,0.234,0.021758980128,2.65,-2.328,1.719
2024-05-16 00:30:00,o,2.15,0.7,0.95,1.7496899471349117,0.062830332801,0.367,-0.040426993383,1.88,-0.784,1.837
2024-05-16 00:30:00,o,2.15,0.75,0.0,2.1820606809170027,-0.055822217323,0.221,0.02190871074,2.74,-2.532,1.853
2024-05-16 00:30:00,o,2.15,0.75,0.95,1.7494425651740608,0.066359487395,0.367,-0.04299123562,1.88,-0.784,1.819
2024-05-16 00:30:00,o,2.15,0.8,0.0,2.1820606809170027,-0.055822217323,0.221,0.02190871074,2.74,-2.532,1.853
2024-05-16 00:30:00,o,2.15,0.8,0.95,1.7355669651063126,0.05479646845,0.376,-0.035569422902,1.81,-0.678,1.796
2024-05-16 00:30:00,o,2.15,0.85,0.0,2.174126706611605,-0.080177207592,0.224,0.030964850509,2.71,-2.464,1.878
2024-05-16 00:30:00,o,2.15,0.85,0.95,1.7216375222008327,0.030158182797,0.385,-0.019312030426,1.73,-0.565,1.95
2024-05-16 00:30:00,o,2.15,0.9,0.0,2.174126706611605,-0.080177207592,0.224,0.030964850509,2.71,-2.464,1.878
2024-05-16 00:30:00,o,2.15,0.9,0.95,1.711866255347714,0.029549662012,0.391,-0.019513640128,1.67,-0.487,2.03
2024-05-16 00:30:00,o,2.15,0.95,0.0,2.2517330979538155,-0.083114556539,0.194,0.028105232977,2.93,-2.966,2.14
2024-05-16 00:30:00,o,2.15,0.95,0.95,1.711866255347714,0.029549662012,0.391,-0.019513640128,1.67,-0.487,2.03
2024-05-16 00:30:00,o,2.15,1.0,0.0,2.2750186543415345,-0.066556325464,0.186,0.022191472626,2.98,-3.081,2.256
2024-05-16 00:30:00,o,2.15,1.0,0.95,1.7287919142537802,0.034695883981,0.38,-0.022558239127,1.78,-0.634,2.127
2024-05-16 00:30:00,o,2.15,1.05,0.0,2.2750186543415345,-0.066556325464,0.186,0.022191472626,2.98,-3.081,2.256
2024-05-16 00:30:00,o,2.15,1.05,0.95,1.7255849722706944,0.025591240481,0.382,-0.016633253177,1.77,-0.62,2.179
2024-05-16 00:30:00,o,2.15,1.1,0.0,2.227778760026868,-0.080258204443,0.203,0.028523538293,2.86,-2.806,2.476
2024-05-16 00:30:00,o,2.15,1.1,0.95,1.745979929713799,0.049667234776,0.369,-0.032078511578,1.86,-0.753,2.483
2024-05-16 00:30:00,o,2.15,1.15,0.0,2.228654392865199,-0.087198446402,0.203,0.03107013318,2.86,-2.806,2.711
2024-05-16 00:30:00,o,2.15,1.15,0.05,2.212099670852698,-0.09272678817,0.209,0.033466582878,2.82,-2.715,3.104
2024-05-16 00:30:00,o,2.15,1.15,0.1,2.212099670852698,-0.09272678817,0.209,0.033466582878,2.82,-2.715,3.104
2024-05-16 00:30:00,o,2.15,1.15,0.15,2.1877068071701977,-0.070779619409,0.204,0.025538880695,2.85,-2.783,2.709
2024-05-16 00:30:00,o,2.15,1.15,0.2,2.1877068071701977,-0.070779619409,0.204,0.025538880695,2.85,-2.783,2.709
2024-05-16 00:30:00,o,2.15,1.15,0.25,2.1338325964893663,-0.068276841845,0.222,0.026779385019,2.73,-2.51,2.523
2024-05-16 00:30:00,o,2.15,1.15,0.3,1.9781211456000087,-0.071964598601,0.283,0.035558609804,2.38,-1.731,2.224
2024-05-16 00:30:00,o,2.15,1.15,0.35,1.9781211456000087,-0.071964598601,0.283,0.035558609804,2.38,-1.731,2.224
2024-05-16 00:30:00,o,2.15,1.15,0.4,1.8752175812696552,-0.07822799087,0.335,0.046430098245,2.09,-1.146,2.19
2024-05-16 00:30:00,o,2.15,1.15,0.45,1.8752175812696552,-0.07822799087,0.335,0.046430098245,2.09,-1.146,2.19
2024-05-16 00:30:00,o,2.15,1.15,0.5,1.7056242713789194,-0.057908539237,0.426,0.041676278431,0.63,0.226,2.097
2024-05-16 00:30:00,o,2.15,1.15,0.55,1.675292466449715,-0.050798724184,0.425,0.016894591302,0.79,0.17,2.164
2024-05-16 00:30:00,o,2.15,1.15,0.6,1.6352122279052221,-0.027186690502,0.422,0.0,0.98,0.086,2.076
2024-05-16 00:30:00,o,2.15,1.15,0.65,1.6227216123719104,-0.0090872975229,0.42,0.0,1.08,0.032,2.197
2024-05-16 00:30:00,o,2.15,1.15,0.7,1.6227216123719104,-0.0090872975229,0.42,0.0,1.08,0.032,2.197
2024-05-16 00:30:00,o,2.15,1.15,0.75,1.6291444558223702,-0.0092050056985,0.419,0.0,1.13,0.002,2.246
2024-05-16 00:30:00,o,2.15,1.15,0.8,1.6912937226933606,0.044370722215,0.404,-0.015,1.52,-0.315,2.7
2024-05-16 00:30:00,o,2.15,1.15,0.85,1.6912937226933606,0.044370722215,0.404,-0.015,1.52,-0.315,2.7
2024-05-16 00:30:00,o,2.15,1.15,0.9,1.7429057225601823,0.056877533634,0.371,-0.036990145241,1.86,-0.753,3.006
2024-05-16 00:30:00,o,2.15,1.15,0.95,1.7542412781022039,0.045837376127,0.364,-0.029102295605,1.9,-0.816,2.551
2024-05-16 00:30:00,o,2.2,0.05,0.0,2.169195211701871,-0.072821665756,0.227,0.029451004837,2.7,-2.441,2.26
2024-05-16 00:30:00,o,2.2,0.05,0.05,2.169195211701871,-0.072821665756,0.227,0.029451004837,2.7,-2.441,2.26
2024-05-16 00:30:00,o,2.2,0.05,0.1,2.1955315909720623,-0.071198575937,0.216,0.027424951095,2.77,-2.601,2.749
2024-05-16 00:30:00,o,2.2,0.05,0.15,2.164352855784437,-0.071975269267,0.216,0.027783713206,2.77,-2.601,2.649
2024-05-16 00:30:00,o,2.2,0.05,0.2,2.164352855784437,-0.071975269267,0.216,0.027783713206,2.77,-2.601,2.649
2024-05-16 00:30:00,o,2.2,0.05,0.25,2.116032952889115,-0.050737476563,0.23,0.020549534313,2.68,-2.396,2.148
2024-05-16 00:30:00,o,2.2,0.05,0.3,2.009293637429948,-0.027837918256,0.268,0.013847195962,2.46,-1.904,1.915
2024-05-16 00:30:00,o,2.2,0.05,0.35,1.9568740658590333,-0.0093240041315,0.289,0.0046250666091,2.34,-1.646,1.907
2024-05-16 00:30:00,o,2.2,0.05,0.4,1.9568740658590333,-0.0093240041315,0.289,0.0046250666091,2.34,-1.646,1.907
2024-05-16 00:30:00,o,2.2,0.05,0.45,1.820739887269882,0.035125362323,0.35,-0.023556862956,1.99,-0.966,1.773
2024-05-16 00:30:00,o,2.2,0.05,0.5,1.820739887269882,0.035125362323,0.35,-0.023556862956,1.99,-0.966,1.773
2024-05-16 00:30:00,o,2.2,0.05,0.55,1.820739887269882,0.035125362323,0.35,-0.023556862956,1.99,-0.966,1.773
2024-05-16 00:30:00,o,2.2,0.05,0.6,1.7598943740254993,0.061593698707,0.371,-0.042054973158,1.86,-0.753,1.737
2024-05-16 00:30:00,o,2.2,0.05,0.65,1.7453012530311502,0.067475383487,0.372,-0.044617024375,1.84,-0.722,1.853
2024-05-16 00:30:00,o,2.2,0.05,0.7,1.7459331584594429,0.083080925195,0.37,-0.049,1.86,-0.753,1.953
2024-05-16 00:30:00,o,2.2,0.05,0.75,1.7445902361523886,0.099689039625,0.37,-0.049,1.86,-0.753,1.886
2024-05-16 00:30:00,o,2.2,0.05,0.8,1.7556767112408604,0.11370711354,0.363,-0.056,1.91,-0.832,2.29
2024-05-16 00:30:00,o,2.2,0.05,0.85,1.7556767112408604,0.11370711354,0.363,-0.056,1.91,-0.832,2.29
2024-05-16 00:30:00,o,2.2,0.05,0.9,1.7632257749219908,0.070440524554,0.359,-0.04443581344,1.94,-0.881,2.272
2024-05-16 00:30:00,o,2.2,0.05,0.95,1.7585712840987728,0.06336988802,0.362,-0.039819674499,1.92,-0.848,2.177
2024-05-16 00:30:00,o,2.2,0.1,0.0,2.20527746222877,-0.060054600759,0.212,0.022928325384,2.79,-2.646,2.136
2024-05-16 00:30:00,o,2.2,0.1,0.95,1.7632257749219908,0.070440524554,0.359,-0.04443581344,1.94,-0.881,2.272
2024-05-16 00:30:00,o,2.2,0.15,0.0,2.196690067865919,-0.056332765745,0.215,0.021499081551,2.78,-2.623,2.069
2024-05-16 00:30:00,o,2.2,0.15,0.95,1.7739326474676453,0.090588372423,0.353,-0.056813366141,1.97,-0.931,1.96
2024-05-16 00:30:00,o,2.2,0.2,0.0,2.196690067865919,-0.056332765745,0.215,0.021499081551,2.78,-2.623,2.069
2024-05-16 00:30:00,o,2.2,0.2,0.95,1.7766721332186817,0.10992957566,0.351,-0.068,1.99,-0.966,1.906
2024-05-16 00:30:00,o,2.2,0.25,0.0,2.194450511165822,-0.041176398328,0.216,0.016061979958,2.77,-2.601,1.804
2024-05-16 00:30:00,o,2.2,0.25,0.95,1.7766721332186817,0.10992957566,0.351,-0.068,1.99,-0.966,1.906
2024-05-16 00:30:00,o,2.2,0.3,0.0,2.178214105280843,-0.041907063721,0.223,0.017144025618,2.73,-2.51,1.801
2024-05-16 00:30:00,o,2.2,0.3,0.95,1.783796421033452,0.10782571302,0.347,-0.067864384446,2.01,-1.001,1.731
2024-05-16 00:30:00,o,2.2,0.35,0.0,2.172667136669263,-0.05351502641,0.225,0.021477849407,2.71,-2.464,1.755
2024-05-16 00:30:00,o,2.2,0.35,0.95,1.7887974301398937,0.10905165184,0.344,-0.068270667933,2.03,-1.036,1.761
2024-05-16 00:30:00,o,2.2,0.4,0.0,2.172667136669263,-0.05351502641,0.225,0.021477849407,2.71,-2.464,1.755
2024-05-16 00:30:00,o,2.2,0.4,0.95,1.787304582291352,0.097596249448,0.345,-0.060503350173,2.02,-1.018,1.798
2024-05-16 00:30:00,o,2.2,0.45,0.0,2.1488370118789404,-0.046863427951,0.235,0.0194663658,2.65,-2.328,1.68
2024-05-16 00:30:00,o,2.2,0.45,0.95,1.7852942356434038,0.091549704303,0.346,-0.056793382096,2.02,-1.018,1.799
2024-05-16 00:30:00,o,2.2,0.5,0.0,2.1028211731994686,-0.033344283615,0.257,0.015923574306,2.52,-2.037,1.647
2024-05-16 00:30:00,o,2.2,0.5,0.95,1.784317675869075,0.091497185052,0.347,-0.05641219476,2.01,-1.001,1.782
2024-05-16 00:30:00,o,2.2,0.55,0.0,2.1028211731994686,-0.033344283615,0.257,0.015923574306,2.52,-2.037,1.647
2024-05-16 00:30:00,o,2.2,0.55,0.95,1.789206888864434,0.10543962744,0.344,-0.065525485555,2.03,-1.036,1.751
2024-05-16 00:30:00,o,2.2,0.6,0.0,2.110397770329012,-0.04527524607,0.253,0.020610128865,2.54,-2.081,1.693
2024-05-16 00:30:00,o,2.2,0.6,0.95,1.7850449583315442,0.097159433483,0.346,-0.060733181564,2.02,-1.018,1.732
2024-05-16 00:30:00,o,2.2,0.65,0.0,2.110397770329012,-0.04527524607,0.253,0.020610128865,2.54,-2.081,1.693
2024-05-16 00:30:00,o,2.2,0.65,0.95,1.7496899471349117,0.062830332801,0.367,-0.040426993383,1.88,-0.784,1.837
2024-05-16 00:30:00,o,2.2,0.7,0.0,2.110397770329012,-0.04527524607,0.253,0.020610128865,2.54,-2.081,1.693
2024-05-16 00:30:00,o,2.2,0.7,0.95,1.7494425651740608,0.066359487395,0.367,-0.04299123562,1.88,-0.784,1.819
2024-05-16 00:30:00,o,2.2,0.75,0.0,2.1517956607202384,-0.052088110085,0.234,0.021758980128,2.65,-2.328,1.719
2024-05-16 00:30:00,o,2.2,0.75,0.95,1.7494425651740608,0.066359487395,0.367,-0.04299123562,1.88,-0.784,1.819
2024-05-16 00:30:00,o,2.2,0.8,0.0,2.174126706611605,-0.080177207592,0.224,0.030964850509,2.71,-2.464,1.878
2024-05-16 00:30:00,o,2.2,0.8,0.95,1.7494425651740608,0.066359487395,0.367,-0.04299123562,1.88,-0.784,1.819
2024-05-16 00:30:00,o,2.2,0.85,0.0,2.174126706611605,-0.080177207592,0.224,0.030964850509,2.71,-2.464,1.878
2024-05-16 00:30:00,o,2.2,0.85,0.95,1.7216375222008327,0.030158182797,0.385,-0.019312030426,1.73,-0.565,1.95
2024-05-16 00:30:00,o,2.2,0.9,0.0,2.174126706611605,-0.080177207592,0.224,0.030964850509,2.71,-2.464,1.878
2024-05-16 00:30:00,o,2.2,0.9,0.95,1.7216375222008327,0.030158182797,0.385,-0.019312030426,1.73,-0.565,1.95
2024-05-16 00:30:00,o,2.2,0.95,0.0,2.2517330979538155,-0.083114556539,0.194,0.028105232977,2.93,-2.966,2.14
2024-05-16 00:30:00,o,2.2,0.95,0.95,1.7067092499448508,0.023608153517,0.394,-0.015978962846,1.65,-0.463,2.107
2024-05-16 00:30:00,o,2.2,1.0,0.0,2.2517330979538155,-0.083114556539,0.194,0.028105232977,2.93,-2.966,2.14
2024-05-16 00:30:00,o,2.2,1.0,0.95,1.7255849722706944,0.025591240481,0.382,-0.016633253177,1.77,-0.62,2.179
2024-05-16 00:30:00,o,2.2,1.05,0.0,2.2517330979538155,-0.083114556539,0.194,0.028105232977,2.93,-2.966,2.14
2024-05-16 00:30:00,o,2.2,1.05,0.95,1.7255849722706944,0.025591240481,0.382,-0.016633253177,1.77,-0.62,2.179
2024-05-16 00:30:00,o,2.2,1.1,0.0,2.228654392865199,-0.087198446402,0.203,0.03107013318,2.86,-2.806,2.711
2024-05-16 00:30:00,o,2.2,1.1,0.95,1.732996528111129,0.0043749460963,0.377,-0.0031180645056,1.81,-0.678,2.942
2024-05-16 00:30:00,o,2.2,1.15,0.0,2.228654392865199,-0.087198446402,0.203,0.03107013318,2.86,-2.806,2.711
2024-05-16 00:30:00,o,2.2,1.15,0.05,2.228654392865199,-0.087198446402,0.203,0.03107013318,2.86,-2.806,2.711
2024-05-16 00:30:00,o,2.2,1.15,0.1,2.2785821350763227,-0.078128105166,0.184,0.024789723272,3.0,-3.126,2.546
2024-05-16 00:30:00,o,2.2,1.15,0.15,2.203598516335235,-0.05983159814,0.199,0.021154056509,2.89,-2.875,2.842
2024-05-16 00:30:00,o,2.2,1.15,0.2,2.203598516335235,-0.05983159814,0.199,0.021154056509,2.89,-2.875,2.842
2024-05-16 00:30:00,o,2.2,1.15,0.25,2.152077262677704,-0.082169135034,0.221,0.031783325674,2.74,-2.532,3.476
2024-05-16 00:30:00,o,2.2,1.15,0.3,1.8752175812696552,-0.07822799087,0.335,0.046430098245,2.09,-1.146,2.19
2024-05-16 00:30:00,o,2.2,1.15,0.35,1.8752175812696552,-0.07822799087,0.335,0.046430098245,2.09,-1.146,2.19
2024-05-16 00:30:00,o,2.2,1.15,0.4,1.8752175812696552,-0.07822799087,0.335,0.046430098245,2.09,-1.146,2.19
2024-05-16 00:30:00,o,2.2,1.15,0.45,1.815956097010759,-0.082681339456,0.364,0.052467678001,1.9,-0.816,2.242
2024-05-16 00:30:00,o,2.2,1.15,0.5,1.7151589898587485,-0.071642103652,0.424,0.053049577108,0.79,0.17,2.13
2024-05-16 00:30:00,o,2.2,1.15,0.55,1.7056242713789194,-0.057908539237,0.426,0.041676278431,0.63,0.226,2.097
2024-05-16 00:30:00,o,2.2,1.15,0.6,1.6613109228616147,-0.03116585154,0.423,0.0018388959125,0.98,0.086,1.996
2024-05-16 00:30:00,o,2.2,1.15,0.65,1.6291444558223702,-0.0092050056985,0.419,0.0,1.13,0.002,2.246
2024-05-16 00:30:00,o,2.2,1.15,0.7,1.6291444558223702,-0.0092050056985,0.419,0.0,1.13,0.002,2.246
2024-05-16 00:30:00,o,2.2,1.15,0.75,1.6291444558223702,-0.0092050056985,0.419,0.0,1.13,0.002,2.246
2024-05-16 00:30:00,o,2.2,1.15,0.8,1.6706539723046137,0.029626284127,0.419,0.0,1.13,0.002,2.768
2024-05-16 00:30:00,o,2.2,1.15,0.85,1.6706539723046137,0.029626284127,0.419,0.0,1.13,0.002,2.768
2024-05-16 00:30:00,o,2.2,1.15,0.9,1.732996528111129,0.0043749460963,0.377,-0.0031180645056,1.81,-0.678,2.942
2024-05-16 00:30:00,o,2.2,1.15,0.95,1.7459019748246263,0.030734616976,0.369,-0.019710025243,1.86,-0.753,2.486
2024-05-16 00:30:00,o,2.25,0.05,0.0,2.20527746222877,-0.060054600759,0.212,0.022928325384,2.79,-2.646,2.136
2024-05-16 00:30:00,o,2.25,0.05,0.05,2.209868740029657,-0.071285121535,0.21,0.026472915808,2.81,-2.692,2.804
2024-05-16 00:30:00,o,2.25,0.05,0.1,2.209868740029657,-0.071285121535,0.21,0.026472915808,2.81,-2.692,2.804
2024-05-16 00:30:00,o,2.25,0.05,0.15,2.1996921122386452,-0.070814369111,0.207,0.025705169346,2.83,-2.738,2.756
2024-05-16 00:30:00,o,2.25,0.05,0.2,2.164352855784437,-0.071975269267,0.216,0.027783713206,2.77,-2.601,2.649
2024-05-16 00:30:00,o,2.25,0.05,0.25,2.116032952889115,-0.050737476563,0.23,0.020549534313,2.68,-2.396,2.148
2024-05-16 00:30:00,o,2.25,0.05,0.3,2.009293637429948,-0.027837918256,0.268,0.013847195962,2.46,-1.904,1.915
2024-05-16 00:30:00,o,2.25,0.05,0.35,2.009293637429948,-0.027837918256,0.268,0.013847195962,2.46,-1.904,1.915
2024-05-16 00:30:00,o,2.25,0.05,0.4,1.9062542102482167,0.0090836428953,0.309,-0.0058501670788,2.23,-1.418,1.738
2024-05-16 00:30:00,o,2.25,0.05,0.45,1.8883367777948052,0.017289516489,0.32,-0.010789437997,2.17,-1.299,1.734
2024-05-16 00:30:00,o,2.25,0.05,0.5,1.7980910186919257,0.040323113676,0.359,-0.027314890244,1.94,-0.881,1.766
2024-05-16 00:30:00,o,2.25,0.05,0.55,1.7980910186919257,0.040323113676,0.359,-0.027314890244,1.94,-0.881,1.766
2024-05-16 00:30:00,o,2.25,0.05,0.6,1.7598943740254993,0.061593698707,0.371,-0.042054973158,1.86,-0.753,1.737
2024-05-16 00:30:00,o,2.25,0.05,0.65,1.7453012530311502,0.067475383487,0.372,-0.044617024375,1.84,-0.722,1.853
2024-05-16 00:30:00,o,2.25,0.05,0.7,1.7453012530311502,0.067475383487,0.372,-0.044617024375,1.84,-0.722,1.853
2024-05-16 00:30:00,o,2.25,0.05,0.75,1.7453012530311502,0.067475383487,0.372,-0.044617024375,1.84,-0.722,1.853
2024-05-16 00:30:00,o,2.25,0.05,0.8,1.7447466034335128,0.05418728609,0.37,-0.034930472894,1.86,-0.753,2.456
2024-05-16 00:30:00,o,2.25,0.05,0.85,1.7369459952260415,0.028967263612,0.375,-0.018380058615,1.82,-0.692,2.667
2024-05-16 00:30:00,o,2.25,0.05,0.9,1.74171085581828,0.025106597284,0.372,-0.015783223819,1.84,-0.722,2.649
2024-05-16 00:30:00,o,2.25,0.05,0.95,1.7454885801411462,0.032628515477,0.37,-0.020202866421,1.86,-0.753,2.68
2024-05-16 00:30:00,o,2.25,0.1,0.0,2.20527746222877,-0.060054600759,0.212,0.022928325384,2.79,-2.646,2.136
2024-05-16 00:30:00,o,2.25,0.1,0.95,1.7598717264083008,0.061371013576,0.361,-0.038623241387,1.92,-0.848,2.026
2024-05-16 00:30:00,o,2.25,0.15,0.0,2.196690067865919,-0.056332765745,0.215,0.021499081551,2.78,-2.623,2.069
2024-05-16 00:30:00,o,2.25,0.15,0.95,1.7674452992697696,0.076868270802,0.356,-0.04891855848,1.96,-0.914,2.016
2024-05-16 00:30:00,o,2.25,0.2,0.0,2.194450511165822,-0.041176398328,0.216,0.016061979958,2.77,-2.601,1.804
2024-05-16 00:30:00,o,2.25,0.2,0.95,1.7739326474676453,0.090588372423,0.353,-0.056813366141,1.97,-0.931,1.96
2024-05-16 00:30:00,o,2.25,0.25,0.0,2.194450511165822,-0.041176398328,0.216,0.016061979958,2.77,-2.601,1.804
2024-05-16 00:30:00,o,2.25,0.25,0.95,1.777680509664295,0.095679921184,0.35,-0.060729209873,1.99,-0.966,1.811
2024-05-16 00:30:00,o,2.25,0.3,0.0,2.178214105280843,-0.041907063721,0.223,0.017144025618,2.73,-2.51,1.801
2024-05-16 00:30:00,o,2.25,0.3,0.95,1.784074977478697,0.10878251103,0.347,-0.068332106351,2.01,-1.001,1.766
2024-05-16 00:30:00,o,2.25,0.35,0.0,2.178214105280843,-0.041907063721,0.223,0.017144025618,2.73,-2.51,1.801
2024-05-16 00:30:00,o,2.25,0.35,0.95,1.7887974301398937,0.10905165184,0.344,-0.068270667933,2.03,-1.036,1.761
2024-05-16 00:30:00,o,2.25,0.4,0.0,2.178214105280843,-0.041907063721,0.223,0.017144025618,2.73,-2.51,1.801
2024-05-16 00:30:00,o,2.25,0.4,0.95,1.7887974301398937,0.10905165184,0.344,-0.068270667933,2.03,-1.036,1.761
2024-05-16 00:30:00,o,2.25,0.45,0.0,2.1028211731994686,-0.033344283615,0.257,0.015923574306,2.52,-2.037,1.647
2024-05-16 00:30:00,o,2.25,0.45,0.95,1.788564289821101,0.10173147083,0.344,-0.063445130626,2.03,-1.036,1.759
2024-05-16 00:30:00,o,2.25,0.5,0.0,2.1028211731994686,-0.033344283615,0.257,0.015923574306,2.52,-2.037,1.647
2024-05-16 00:30:00,o,2.25,0.5,0.95,1.789206888864434,0.10543962744,0.344,-0.065525485555,2.03,-1.036,1.751
2024-05-16 00:30:00,o,2.25,0.55,0.0,2.1028211731994686,-0.033344283615,0.257,0.015923574306,2.52,-2.037,1.647
2024-05-16 00:30:00,o,2.25,0.55,0.95,1.789206888864434,0.10543962744,0.344,-0.065525485555,2.03,-1.036,1.751
2024-05-16 00:30:00,o,2.25,0.6,0.0,2.110397770329012,-0.04527524607,0.253,0.020610128865,2.54,-2.081,1.693
2024-05-16 00:30:00,o,2.25,0.6,0.95,1.7833675234771682,0.10450330334,0.347,-0.065874900221,2.01,-1.001,1.698
2024-05-16 00:30:00,o,2.25,0.65,0.0,2.110397770329012,-0.04527524607,0.253,0.020610128865,2.54,-2.081,1.693
2024-05-16 00:30:00,o,2.25,0.65,0.95,1.7612510743086627,0.081795921576,0.36,-0.052469768987,1.93,-0.864,1.75
2024-05-16 00:30:00,o,2.25,0.7,0.0,2.105677058036484,-0.047713971962,0.255,0.021610365922,2.53,-2.059,1.684
2024-05-16 00:30:00,o,2.25,0.7,0.95,1.7612510743086627,0.081795921576,0.36,-0.052469768987,1.93,-0.864,1.75
2024-05-16 00:30:00,o,2.25,0.75,0.0,2.105677058036484,-0.047713971962,0.255,0.021610365922,2.53,-2.059,1.684
2024-05-16 00:30:00,o,2.25,0.75,0.95,1.7494425651740608,0.066359487395,0.367,-0.04299123562,1.88,-0.784,1.819
2024-05-16 00:30:00,o,2.25,0.8,0.0,2.1439729397189558,-0.072791849432,0.238,0.030840136552,2.62,-2.26,1.811
2024-05-16 00:30:00,o,2.25,0.8,0.95,1.7498676659208519,0.061056443351,0.367,-0.039108156614,1.88,-0.784,1.851
2024-05-16 00:30:00,o,2.25,0.85,0.0,2.174126706611605,-0.080177207592,0.224,0.030964850509,2.71,-2.464,1.878
2024-05-16 00:30:00,o,2.25,0.85,0.95,1.737693462843155,0.039262317827,0.374,-0.025669430186,1.83,-0.707,1.913
2024-05-16 00:30:00,o,2.25,0.9,0.0,2.174126706611605,-0.080177207592,0.224,0.030964850509,2.71,-2.464,1.878
2024-05-16 00:30:00,o,2.25,0.9,0.95,1.7216375222008327,0.030158182797,0.385,-0.019312030426,1.73,-0.565,1.95
2024-05-16 00:30:00,o,2.25,0.95,0.0,2.2517330979538155,-0.083114556539,0.194,0.028105232977,2.93,-2.966,2.14
2024-05-16 00:30:00,o,2.25,0.95,0.95,1.7271181425000357,-0.0033007236954,0.381,0.002015221458,1.77,-0.62,2.087
2024-05-16 00:30:00,o,2.25,1.0,0.0,2.2516771470605494,-0.086769385547,0.194,0.029224580122,2.93,-2.966,2.242
2024-05-16 00:30:00,o,2.25,1.0,0.95,1.7271181425000357,-0.0033007236954,0.381,0.002015221458,1.77,-0.62,2.087
2024-05-16 00:30:00,o,2.25,1.05,0.0,2.2516771470605494,-0.086769385547,0.194,0.029224580122,2.93,-2.966,2.242
2024-05-16 00:30:00,o,2.25,1.05,0.95,1.736292896740358,-0.012762851797,0.375,0.0075694665084,1.82,-0.692,2.343
2024-05-16 00:30:00,o,2.25,1.1,0.0,2.2548331629778584,-0.080604677457,0.193,0.02728931643,2.93,-2.966,2.621
2024-05-16 00:30:00,o,2.25,1.1,0.95,1.736292896740358,-0.012762851797,0.375,0.0075694665084,1.82,-0.692,2.343
2024-05-16 00:30:00,o,2.25,1.15,0.0,2.2548331629778584,-0.080604677457,0.193,0.02728931643,2.93,-2.966,2.621
2024-05-16 00:30:00,o,2.25,1.15,0.05,2.2548331629778584,-0.080604677457,0.193,0.02728931643,2.93,-2.966,2.621
2024-05-16 00:30:00,o,2.25,1.15,0.1,2.2524428050749337,-0.072442304321,0.193,0.02460157156,2.93,-2.966,3.094
2024-05-16 00:30:00,o,2.25,1.15,0.15,2.226329192242924,-0.063473733608,0.194,0.022050388345,2.93,-2.966,3.086
2024-05-16 00:30:00,o,2.25,1.15,0.2,2.226329192242924,-0.063473733608,0.194,0.022050388345,2.93,-2.966,3.086
2024-05-16 00:30:00,o,2.25,1.15,0.25,1.9647591822478674,-0.098300075555,0.294,0.049682204862,2.31,-1.583,2.105
2024-05-16 00:30:00,o,2.25,1.15,0.3,1.8974621380130632,-0.08938570305,0.323,0.050019867215,2.15,-1.26,2.133
2024-05-16 00:30:00,o,2.25,1.15,0.35,1.815956097010759,-0.082681339456,0.364,0.052467678001,1.9,-0.816,2.242
2024-05-16 00:30:00,o,2.25,1.15,0.4,1.815956097010759,-0.082681339456,0.364,0.052467678001,1.9,-0.816,2.242
2024-05-16 00:30:00,o,2.25,1.15,0.45,1.815956097010759,-0.082681339456,0.364,0.052467678001,1.9,-0.816,2.242
2024-05-16 00:30:00,o,2.25,1.15,0.5,1.7151589898587485,-0.071642103652,0.424,0.053049577108,0.79,0.17,2.13
2024-05-16 00:30:00,o,2.25,1.15,0.55,1.7151589898587485,-0.071642103652,0.424,0.053049577108,0.79,0.17,2.13
2024-05-16 00:30:00,o,2.25,1.15,0.6,1.6381696583885421,-0.051565292976,0.422,0.0041691932409,0.98,0.086,2.13
2024-05-16 00:30:00,o,2.25,1.15,0.65,1.6369891018122291,-0.031788062802,0.42,0.0,1.08,0.032,2.11
2024-05-16 00:30:00,o,2.25,1.15,0.7,1.6369891018122291,-0.031788062802,0.42,0.0,1.08,0.032,2.11
2024-05-16 00:30:00,o,2.25,1.15,0.75,1.6291444558223702,-0.0092050056985,0.419,0.0,1.13,0.002,2.246
2024-05-16 00:30:00,o,2.25,1.15,0.8,1.6706539723046137,0.029626284127,0.419,0.0,1.13,0.002,2.768
2024-05-16 00:30:00,o,2.25,1.15,0.85,1.6848991964665259,-0.0061026824465,0.409,0.004367136732,1.42,-0.217,3.016
2024-05-16 00:30:00,o,2.25,1.15,0.9,1.7161453013197563,-0.013173408765,0.388,0.0083219146203,1.71,-0.539,3.033
2024-05-16 00:30:00,o,2.25,1.15,0.95,1.7161453013197563,-0.013173408765,0.388,0.0083219146203,1.71,-0.539,3.033
2024-05-16 00:30:00,o,2.3,0.05,0.0,2.233262700602947,-0.030799170115,0.201,0.011476001855,2.87,-2.829,2.216
2024-05-16 00:30:00,o,2.3,0.05,0.05,2.2183096343656685,-0.048697735299,0.207,0.018523262253,2.83,-2.738,2.257
2024-05-16 00:30:00,o,2.3,0.05,0.1,2.2183096343656685,-0.048697735299,0.207,0.018523262253,2.83,-2.738,2.257
2024-05-16 00:30:00,o,2.3,0.05,0.15,2.1996921122386452,-0.070814369111,0.207,0.025705169346,2.83,-2.738,2.756
2024-05-16 00:30:00,o,2.3,0.05,0.2,2.1996921122386452,-0.070814369111,0.207,0.025705169346,2.83,-2.738,2.756
2024-05-16 00:30:00,o,2.3,0.05,0.25,2.116032952889115,-0.050737476563,0.23,0.020549534313,2.68,-2.396,2.148
2024-05-16 00:30:00,o,2.3,0.05,0.3,1.9712944079347878,-0.010243334109,0.282,0.0051259937404,2.38,-1.731,1.773
2024-05-16 00:30:00,o,2.3,0.05,0.35,1.9712944079347878,-0.010243334109,0.282,0.0051259937404,2.38,-1.731,1.773
2024-05-16 00:30:00,o,2.3,0.05,0.4,1.9062542102482167,0.0090836428953,0.309,-0.0058501670788,2.23,-1.418,1.738
2024-05-16 00:30:00,o,2.3,0.05,0.45,1.9062542102482167,0.0090836428953,0.309,-0.0058501670788,2.23,-1.418,1.738
2024-05-16 00:30:00,o,2.3,0.05,0.5,1.8349672019384444,0.026540148666,0.34,-0.017139475027,2.06,-1.09,1.703
2024-05-16 00:30:00,o,2.3,0.05,0.55,1.7980910186919257,0.040323113676,0.359,-0.027314890244,1.94,-0.881,1.766
2024-05-16 00:30:00,o,2.3,0.05,0.6,1.7598943740254993,0.061593698707,0.371,-0.042054973158,1.86,-0.753,1.737
2024-05-16 00:30:00,o,2.3,0.05,0.65,1.7453012530311502,0.067475383487,0.372,-0.044617024375,1.84,-0.722,1.853
2024-05-16 00:30:00,o,2.3,0.05,0.7,1.7454495603226186,0.05842028052,0.37,-0.037312168896,1.86,-0.753,1.882
2024-05-16 00:30:00,o,2.3,0.05,0.75,1.7454495603226186,0.05842028052,0.37,-0.037312168896,1.86,-0.753,1.882
2024-05-16 00:30:00,o,2.3,0.05,0.8,1.7369459952260415,0.028967263612,0.375,-0.018380058615,1.82,-0.692,2.667
2024-05-16 00:30:00,o,2.3,0.05,0.85,1.7369459952260415,0.028967263612,0.375,-0.018380058615,1.82,-0.692,2.667
2024-05-16 00:30:00,o,2.3,0.05,0.9,1.74171085581828,0.025106597284,0.372,-0.015783223819,1.84,-0.722,2.649
2024-05-16 00:30:00,o,2.3,0.05,0.95,1.7454885801411462,0.032628515477,0.37,-0.020202866421,1.86,-0.753,2.68
2024-05-16 00:30:00,o,2.3,0.1,0.0,2.20527746222877,-0.060054600759,0.212,0.022928325384,2.79,-2.646,2.136
2024-05-16 00:30:00,o,2.3,0.1,0.95,1.74171085581828,0.025106597284,0.372,-0.015783223819,1.84,-0.722,2.649
2024-05-16 00:30:00,o,2.3,0.15,0.0,2.194450511165822,-0.041176398328,0.216,0.016061979958,2.77,-2.601,1.804
2024-05-16 00:30:00,o,2.3,0.15,0.95,1.7674452992697696,0.076868270802,0.356,-0.04891855848,1.96,-0.914,2.016
2024-05-16 00:30:00,o,2.3,0.2,0.0,2.194450511165822,-0.041176398328,0.216,0.016061979958,2.77,-2.601,1.804
2024-05-16 00:30:00,o,2.3,0.2,0.95,1.77326702829461,0.086157403767,0.353,-0.054257805294,1.97,-0.931,1.891
2024-05-16 00:30:00,o,2.3,0.25,0.0,2.194450511165822,-0.041176398328,0.216,0.016061979958,2.77,-2.601,1.804
2024-05-16 00:30:00,o,2.3,0.25,0.95,1.777680509664295,0.095679921184,0.35,-0.060729209873,1.99,-0.966,1.811
2024-05-16 00:30:00,o,2.3,0.3,0.0,2.178214105280843,-0.041907063721,0.223,0.017144025618,2.73,-2.51,1.801
2024-05-16 00:30:00,o,2.3,0.3,0.95,1.784074977478697,0.10878251103,0.347,-0.068332106351,2.01,-1.001,1.766
2024-05-16 00:30:00,o,2.3,0.35,0.0,2.178214105280843,-0.041907063721,0.223,0.017144025618,2.73,-2.51,1.801
2024-05-16 00:30:00,o,2.3,0.35,0.95,1.790545521888855,0.11940972079,0.343,-0.075210123691,2.04,-1.054,1.755
2024-05-16 00:30:00,o,2.3,0.4,0.0,2.138012018420136,-0.0050340249175,0.24,0.0020238963607,2.61,-2.238,1.646
2024-05-16 00:30:00,o,2.3,0.4,0.95,1.790545521888855,0.11940972079,0.343,-0.075210123691,2.04,-1.054,1.755
2024-05-16 00:30:00,o,2.3,0.45,0.0,2.1182151085009986,-0.010971896666,0.249,0.0047378962667,2.56,-2.126,1.633
2024-05-16 00:30:00,o,2.3,0.45,0.95,1.788564289821101,0.10173147083,0.344,-0.063445130626,2.03,-1.036,1.759
2024-05-16 00:30:00,o,2.3,0.5,0.0,2.1182151085009986,-0.010971896666,0.249,0.0047378962667,2.56,-2.126,1.633
2024-05-16 00:30:00,o,2.3,0.5,0.95,1.792496748035694,0.12304969163,0.342,-0.077,2.04,-1.054,1.731
2024-05-16 00:30:00,o,2.3,0.55,0.0,2.1028211731994686,-0.033344283615,0.257,0.015923574306,2.52,-2.037,1.647
2024-05-16 00:30:00,o,2.3,0.55,0.95,1.792496748035694,0.12304969163,0.342,-0.077,2.04,-1.054,1.731
2024-05-16 00:30:00,o,2.3,0.6,0.0,2.110397770329012,-0.04527524607,0.253,0.020610128865,2.54,-2.081,1.693
2024-05-16 00:30:00,o,2.3,0.6,0.95,1.7860127775945422,0.11659361273,0.346,-0.073,2.02,-1.018,1.715
2024-05-16 00:30:00,o,2.3,0.65,0.0,2.105677058036484,-0.047713971962,0.255,0.021610365922,2.53,-2.059,1.684
2024-05-16 00:30:00,o,2.3,0.65,0.95,1.7860127775945422,0.11659361273,0.346,-0.073,2.02,-1.018,1.715
2024-05-16 00:30:00,o,2.3,0.7,0.0,2.105677058036484,-0.047713971962,0.255,0.021610365922,2.53,-2.059,1.684
2024-05-16 00:30:00,o,2.3,0.7,0.95,1.759403411038759,0.077159027115,0.361,-0.04956288941,1.92,-0.848,1.791
2024-05-16 00:30:00,o,2.3,0.75,0.0,2.105677058036484,-0.047713971962,0.255,0.021610365922,2.53,-2.059,1.684
2024-05-16 00:30:00,o,2.3,0.75,0.95,1.759403411038759,0.077159027115,0.361,-0.04956288941,1.92,-0.848,1.791
2024-05-16 00:30:00,o,2.3,0.8,0.0,2.1439729397189558,-0.072791849432,0.238,0.030840136552,2.62,-2.26,1.811
2024-05-16 00:30:00,o,2.3,0.8,0.95,1.7498676659208519,0.061056443351,0.367,-0.039108156614,1.88,-0.784,1.851
2024-05-16 00:30:00,o,2.3,0.85,0.0,2.1439729397189558,-0.072791849432,0.238,0.030840136552,2.62,-2.26,1.811
2024-05-16 00:30:00,o,2.3,0.85,0.95,1.737693462843155,0.039262317827,0.374,-0.025669430186,1.83,-0.707,1.913
2024-05-16 00:30:00,o,2.3,0.9,0.0,2.1439729397189558,-0.072791849432,0.238,0.030840136552,2.62,-2.26,1.811
2024-05-16 00:30:00,o,2.3,0.9,0.95,1.739627715444244,0.026111972241,0.373,-0.016778053842,1.84,-0.722,1.912
2024-05-16 00:30:00,o,2.3,0.95,0.0,2.2516771470605494,-0.086769385547,0.194,0.029224580122,2.93,-2.966,2.242
2024-05-16 00:30:00,o,2.3,0.95,0.95,1.7271181425000357,-0.0033007236954,0.381,0.002015221458,1.77,-0.62,2.087
2024-05-16 00:30:00,o,2.3,1.0,0.0,2.2516771470605494,-0.086769385547,0.194,0.029224580122,2.93,-2.966,2.242
2024-05-16 00:30:00,o,2.3,1.0,0.95,1.7271181425000357,-0.0033007236954,0.381,0.002015221458,1.77,-0.62,2.087
2024-05-16 00:30:00,o,2.3,1.05,0.0,2.2516771470605494,-0.086769385547,0.194,0.029224580122,2.93,-2.966,2.242
2024-05-16 00:30:00,o,2.3,1.05,0.95,1.7262298894292227,-0.049715342268,0.382,0.03062208471,1.77,-0.62,2.376
2024-05-16 00:30:00,o,2.3,1.1,0.0,2.2548331629778584,-0.080604677457,0.193,0.02728931643,2.93,-2.966,2.621
2024-05-16 00:30:00,o,2.3,1.1,0.95,1.7348957956663347,-0.042015948307,0.376,0.025185833564,1.81,-0.678,2.539
2024-05-16 00:30:00,o,2.3,1.15,0.0,2.1925005478779336,-0.091864754856,0.217,0.034578325336,2.77,-2.601,2.745
2024-05-16 00:30:00,o,2.3,1.15,0.05,2.2461710130402044,-0.076325314557,0.196,0.026205491479,2.9,-2.898,3.147
2024-05-16 00:30:00,o,2.3,1.15,0.1,2.2524428050749337,-0.072442304321,0.193,0.02460157156,2.93,-2.966,3.094
2024-05-16 00:30:00,o,2.3,1.15,0.15,2.226329192242924,-0.063473733608,0.194,0.022050388345,2.93,-2.966,3.086
2024-05-16 00:30:00,o,2.3,1.15,0.2,2.0966528345424305,-0.096563624083,0.241,0.039942923317,2.61,-2.238,2.18
2024-05-16 00:30:00,o,2.3,1.15,0.25,1.9647591822478674,-0.098300075555,0.294,0.049682204862,2.31,-1.583,2.105
2024-05-16 00:30:00,o,2.3,1.15,0.3,1.9647591822478674,-0.098300075555,0.294,0.049682204862,2.31,-1.583,2.105
2024-05-16 00:30:00,o,2.3,1.15,0.35,1.9647591822478674,-0.098300075555,0.294,0.049682204862,2.31,-1.583,2.105
2024-05-16 00:30:00,o,2.3,1.15,0.4,1.8974621380130632,-0.08938570305,0.323,0.050019867215,2.15,-1.26,2.133
2024-05-16 00:30:00,o,2.3,1.15,0.45,1.8974621380130632,-0.08938570305,0.323,0.050019867215,2.15,-1.26,2.133
2024-05-16 00:30:00,o,2.3,1.15,0.5,1.666920265359489,-0.063886226796,0.425,0.021743905753,0.79,0.17,2.105
2024-05-16 00:30:00,o,2.3,1.15,0.55,1.666920265359489,-0.063886226796,0.425,0.021743905753,0.79,0.17,2.105
2024-05-16 00:30:00,o,2.3,1.15,0.6,1.666920265359489,-0.063886226796,0.425,0.021743905753,0.79,0.17,2.105
2024-05-16 00:30:00,o,2.3,1.15,0.65,1.6381696583885421,-0.051565292976,0.422,0.0041691932409,0.98,0.086,2.13
2024-05-16 00:30:00,o,2.3,1.15,0.7,1.6432058481294989,-0.052372132991,0.419,0.016823409262,1.13,0.002,2.13
2024-05-16 00:30:00,o,2.3,1.15,0.75,1.6432058481294989,-0.052372132991,0.419,0.016823409262,1.13,0.002,2.13
2024-05-16 00:30:00,o,2.3,1.15,0.8,1.6942541120252785,-0.039127749207,0.402,0.024876179951,1.54,-0.336,2.392
2024-05-16 00:30:00,o,2.3,1.15,0.85,1.6942541120252785,-0.039127749207,0.402,0.024876179951,1.54,-0.336,2.392
2024-05-16 00:30:00,o,2.3,1.15,0.9,1.7348957956663347,-0.042015948307,0.376,0.025185833564,1.81,-0.678,2.539
2024-05-16 00:30:00,o,2.3,1.15,0.95,1.7348957956663347,-0.042015948307,0.376,0.025185833564,1.81,-0.678,2.539
2024-05-16 00:30:00,o,2.35,0.05,0.0,2.233262700602947,-0.030799170115,0.201,0.011476001855,2.87,-2.829,2.216
2024-05-16 00:30:00,o,2.35,0.05,0.05,2.2403245550904343,-0.0097512911052,0.198,0.003423359741,2.89,-2.875,2.112
2024-05-16 00:30:00,o,2.35,0.05,0.1,2.2403245550904343,-0.0097512911052,0.198,0.003423359741,2.89,-2.875,2.112
2024-05-16 00:30:00,o,2.35,0.05,0.15,2.2037588252409877,-0.032044756,0.204,0.011585504058,2.85,-2.783,2.012
2024-05-16 00:30:00,o,2.35,0.05,0.2,2.2037588252409877,-0.032044756,0.204,0.011585504058,2.85,-2.783,2.012
2024-05-16 00:30:00,o,2.35,0.05,0.25,2.0968683187364365,-0.0040705732948,0.239,0.0018881318855,2.62,-2.26,1.675
2024-05-16 00:30:00,o,2.35,0.05,0.3,2.0162391910426387,-0.00029274991463,0.265,-0.000218618519,2.47,-1.926,1.743
2024-05-16 00:30:00,o,2.35,0.05,0.35,1.9712944079347878,-0.010243334109,0.282,0.0051259937404,2.38,-1.731,1.773
2024-05-16 00:30:00,o,2.35,0.05,0.4,1.9062542102482167,0.0090836428953,0.309,-0.0058501670788,2.23,-1.418,1.738
2024-05-16 00:30:00,o,2.35,0.05,0.45,1.9062542102482167,0.0090836428953,0.309,-0.0058501670788,2.23,-1.418,1.738
2024-05-16 00:30:00,o,2.35,0.05,0.5,1.8349672019384444,0.026540148666,0.34,-0.017139475027,2.06,-1.09,1.703
2024-05-16 00:30:00,o,2.35,0.05,0.55,1.8172611908216498,0.036987094213,0.346,-0.024054636275,2.02,-1.018,1.684
2024-05-16 00:30:00,o,2.35,0.05,0.6,1.78522302815318,0.049448530162,0.356,-0.032208221495,1.96,-0.914,1.707
2024-05-16 00:30:00,o,2.35,0.05,0.65,1.7647139954475382,0.061491421905,0.361,-0.038855766706,1.92,-0.848,1.702
2024-05-16 00:30:00,o,2.35,0.05,0.7,1.7440738243123215,0.052302961695,0.37,-0.034116264501,1.86,-0.753,1.891
2024-05-16 00:30:00,o,2.35,0.05,0.75,1.7440738243123215,0.052302961695,0.37,-0.034116264501,1.86,-0.753,1.891
2024-05-16 00:30:00,o,2.35,0.05,0.8,1.7386695931643517,0.048322865671,0.374,-0.031073511128,1.83,-0.707,2.065
2024-05-16 00:30:00,o,2.35,0.05,0.85,1.7386695931643517,0.048322865671,0.374,-0.031073511128,1.83,-0.707,2.065
2024-05-16 00:30:00,o,2.35,0.05,0.9,1.7419076059742735,0.063134369956,0.372,-0.0409373124,1.84,-0.722,2.242
2024-05-16 00:30:00,o,2.35,0.05,0.95,1.7398333173513887,0.0558861866,0.373,-0.036403129459,1.84,-0.722,2.315
2024-05-16 00:30:00,o,2.35,0.1,0.0,2.243541538317741,0.010796934385,0.197,-0.0040250652905,2.9,-2.898,1.965
2024-05-16 00:30:00,o,2.35,0.1,0.95,1.7419076059742735,0.063134369956,0.372,-0.0409373124,1.84,-0.722,2.242
2024-05-16 00:30:00,o,2.35,0.15,0.0,2.2262208597905593,0.0060029039125,0.204,-0.001818496531,2.85,-2.783,1.866
2024-05-16 00:30:00,o,2.35,0.15,0.95,1.74171085581828,0.025106597284,0.372,-0.015783223819,1.84,-0.722,2.649
2024-05-16 00:30:00,o,2.35,0.2,0.0,2.2262208597905593,0.0060029039125,0.204,-0.001818496531,2.85,-2.783,1.866
2024-05-16 00:30:00,o,2.35,0.2,0.95,1.7720795493940338,0.081936651538,0.354,-0.051210702616,1.97,-0.931,1.835
2024-05-16 00:30:00,o,2.35,0.25,0.0,2.194450511165822,-0.041176398328,0.216,0.016061979958,2.77,-2.601,1.804
2024-05-16 00:30:00,o,2.35,0.25,0.95,1.777680509664295,0.095679921184,0.35,-0.060729209873,1.99,-0.966,1.811
2024-05-16 00:30:00,o,2.35,0.3,0.0,2.178214105280843,-0.041907063721,0.223,0.017144025618,2.73,-2.51,1.801
2024-05-16 00:30:00,o,2.35,0.3,0.95,1.784074977478697,0.10878251103,0.347,-0.068332106351,2.01,-1.001,1.766
2024-05-16 00:30:00,o,2.35,0.35,0.0,2.138012018420136,-0.0050340249175,0.24,0.0020238963607,2.61,-2.238,1.646
2024-05-16 00:30:00,o,2.35,0.35,0.95,1.790545521888855,0.11940972079,0.343,-0.075210123691,2.04,-1.054,1.755
2024-05-16 00:30:00,o,2.35,0.4,0.0,2.138012018420136,-0.0050340249175,0.24,0.0020238963607,2.61,-2.238,1.646
2024-05-16 00:30:00,o,2.35,0.4,0.95,1.790545521888855,0.11940972079,0.343,-0.075210123691,2.04,-1.054,1.755
2024-05-16 00:30:00,o,2.35,0.45,0.0,2.1182151085009986,-0.010971896666,0.249,0.0047378962667,2.56,-2.126,1.633
2024-05-16 00:30:00,o,2.35,0.45,0.95,1.7928117712481468,0.13106532304,0.342,-0.077,2.04,-1.054,1.708
2024-05-16 00:30:00,o,2.35,0.5,0.0,2.1182151085009986,-0.010971896666,0.249,0.0047378962667,2.56,-2.126,1.633
2024-05-16 00:30:00,o,2.35,0.5,0.95,1.795504624718734,0.13753140947,0.34,-0.079,2.06,-1.09,1.713
2024-05-16 00:30:00,o,2.35,0.55,0.0,2.1182151085009986,-0.010971896666,0.249,0.0047378962667,2.56,-2.126,1.633
2024-05-16 00:30:00,o,2.35,0.55,0.95,1.792496748035694,0.12304969163,0.342,-0.077,2.04,-1.054,1.731
2024-05-16 00:30:00,o,2.35,0.6,0.0,2.0923837428776353,-0.026195096366,0.262,0.012814426498,2.49,-1.97,1.65
2024-05-16 00:30:00,o,2.35,0.6,0.95,1.7860127775945422,0.11659361273,0.346,-0.073,2.02,-1.018,1.715
2024-05-16 00:30:00,o,2.35,0.65,0.0,2.105677058036484,-0.047713971962,0.255,0.021610365922,2.53,-2.059,1.684
2024-05-16 00:30:00,o,2.35,0.65,0.95,1.7860127775945422,0.11659361273,0.346,-0.073,2.02,-1.018,1.715
2024-05-16 00:30:00,o,2.35,0.7,0.0,2.105677058036484,-0.047713971962,0.255,0.021610365922,2.53,-2.059,1.684
2024-05-16 00:30:00,o,2.35,0.7,0.95,1.7716462646498756,0.096509760182,0.354,-0.061439733782,1.97,-0.931,1.767
2024-05-16 00:30:00,o,2.35,0.75,0.0,2.105677058036484,-0.047713971962,0.255,0.021610365922,2.53,-2.059,1.684
2024-05-16 00:30:00,o,2.35,0.75,0.95,1.7716462646498756,0.096509760182,0.354,-0.061439733782,1.97,-0.931,1.767
2024-05-16 00:30:00,o,2.35,0.8,0.0,2.1439729397189558,-0.072791849432,0.238,0.030840136552,2.62,-2.26,1.811
2024-05-16 00:30:00,o,2.35,0.8,0.95,1.753896985507329,0.067332210933,0.364,-0.043626609073,1.9,-0.816,1.788
2024-05-16 00:30:00,o,2.35,0.85,0.0,2.13629240174786,-0.070123263463,0.241,0.029767478784,2.61,-2.238,1.81
2024-05-16 00:30:00,o,2.35,0.85,0.95,1.744934169885334,0.041393466517,0.37,-0.026291156877,1.86,-0.753,1.84
2024-05-16 00:30:00,o,2.35,0.9,0.0,2.13629240174786,-0.070123263463,0.241,0.029767478784,2.61,-2.238,1.81
2024-05-16 00:30:00,o,2.35,0.9,0.95,1.739627715444244,0.026111972241,0.373,-0.016778053842,1.84,-0.722,1.912
2024-05-16 00:30:00,o,2.35,0.95,0.0,2.1734630793428673,-0.080794887881,0.225,0.031948164733,2.71,-2.464,2.024
2024-05-16 00:30:00,o,2.35,0.95,0.95,1.7343517072947652,-0.001335000425,0.377,0.0013174561634,1.81,-0.678,2.015
2024-05-16 00:30:00,o,2.35,1.0,0.0,2.1734630793428673,-0.080794887881,0.225,0.031948164733,2.71,-2.464,2.024
2024-05-16 00:30:00,o,2.35,1.0,0.95,1.731137315580699,-0.022859160271,0.379,0.014573034289,1.8,-0.663,2.036
2024-05-16 00:30:00,o,2.35,1.05,0.0,2.1734630793428673,-0.080794887881,0.225,0.031948164733,2.71,-2.464,2.024
2024-05-16 00:30:00,o,2.35,1.05,0.95,1.7227737296909198,-0.023471142029,0.384,0.014849642787,1.75,-0.592,2.153
2024-05-16 00:30:00,o,2.35,1.1,0.0,2.1925005478779336,-0.091864754856,0.217,0.034578325336,2.77,-2.601,2.745
2024-05-16 00:30:00,o,2.35,1.1,0.95,1.7453949266862783,-0.080433489864,0.37,0.046567462536,1.86,-0.753,2.819
2024-05-16 00:30:00,o,2.35,1.15,0.0,2.1925005478779336,-0.091864754856,0.217,0.034578325336,2.77,-2.601,2.745
2024-05-16 00:30:00,o,2.35,1.15,0.05,2.1925005478779336,-0.091864754856,0.217,0.034578325336,2.77,-2.601,2.745
2024-05-16 00:30:00,o,2.35,1.15,0.1,2.1296641172812305,-0.12198140217,0.244,0.049997070748,2.59,-2.193,2.754
2024-05-16 00:30:00,o,2.35,1.15,0.15,2.0977985385670666,-0.11250927763,0.246,0.046664969244,2.58,-2.17,2.149
2024-05-16 00:30:00,o,2.35,1.15,0.2,2.0977985385670666,-0.11250927763,0.246,0.046664969244,2.58,-2.17,2.149
2024-05-16 00:30:00,o,2.35,1.15,0.25,1.9647591822478674,-0.098300075555,0.294,0.049682204862,2.31,-1.583,2.105
2024-05-16 00:30:00,o,2.35,1.15,0.3,1.9119774644600376,-0.095736182967,0.326,0.053904144241,2.14,-1.24,2.098
2024-05-16 00:30:00,o,2.35,1.15,0.35,1.9119774644600376,-0.095736182967,0.326,0.053904144241,2.14,-1.24,2.098
2024-05-16 00:30:00,o,2.35,1.15,0.4,1.9119774644600376,-0.095736182967,0.326,0.053904144241,2.14,-1.24,2.098
2024-05-16 00:30:00,o,2.35,1.15,0.45,1.7836392077727452,-0.061775131583,0.387,0.043114036782,1.71,-0.539,1.99
2024-05-16 00:30:00,o,2.35,1.15,0.5,1.6921680791705507,-0.057707312005,0.426,0.031870336667,0.63,0.226,2.029
2024-05-16 00:30:00,o,2.35,1.15,0.55,1.666920265359489,-0.063886226796,0.425,0.021743905753,0.79,0.17,2.105
2024-05-16 00:30:00,o,2.35,1.15,0.6,1.666920265359489,-0.063886226796,0.425,0.021743905753,0.79,0.17,2.105
2024-05-16 00:30:00,o,2.35,1.15,0.65,1.6432058481294989,-0.052372132991,0.419,0.016823409262,1.13,0.002,2.13
2024-05-16 00:30:00,o,2.35,1.15,0.7,1.6432058481294989,-0.052372132991,0.419,0.016823409262,1.13,0.002,2.13
2024-05-16 00:30:00,o,2.35,1.15,0.75,1.6632013408111141,-0.061336665198,0.419,0.036294404293,1.13,0.002,2.211
2024-05-16 00:30:00,o,2.35,1.15,0.8,1.6915853704877748,-0.064662665676,0.404,0.040933647083,1.52,-0.315,2.471
2024-05-16 00:30:00,o,2.35,1.15,0.85,1.6915853704877748,-0.064662665676,0.404,0.040933647083,1.52,-0.315,2.471
2024-05-16 00:30:00,o,2.35,1.15,0.9,1.7453949266862783,-0.080433489864,0.37,0.046567462536,1.86,-0.753,2.819
2024-05-16 00:30:00,o,2.35,1.15,0.95,1.7554174628109362,-0.087179296894,0.364,0.049453152919,1.9,-0.816,2.833
2024-05-16 00:30:00,o,2.4,0.05,0.0,2.243541538317741,0.010796934385,0.197,-0.0040250652905,2.9,-2.898,1.965
2024-05-16 00:30:00,o,2.4,0.05,0.05,2.2403245550904343,-0.0097512911052,0.198,0.003423359741,2.89,-2.875,2.112
2024-05-16 00:30:00,o,2.4,0.05,0.1,2.2554317172262315,0.014159247325,0.193,-0.0048258320724,2.93,-2.966,2.298
2024-05-16 00:30:00,o,2.4,0.05,0.15,2.241962148462074,0.0087578298146,0.19,-0.002994726757,2.96,-3.035,2.346
2024-05-16 00:30:00,o,2.4,0.05,0.2,2.2222715465730207,0.03511477032,0.191,-0.013538191673,2.94,-2.989,2.071
2024-05-16 00:30:00,o,2.4,0.05,0.25,2.1315513017830603,0.01718388428,0.222,-0.0075623078562,2.73,-2.51,1.749
2024-05-16 00:30:00,o,2.4,0.05,0.3,2.04531515359036,0.010534339664,0.25,-0.0046932127994,2.56,-2.126,1.763
2024-05-16 00:30:00,o,2.4,0.05,0.35,2.0162391910426387,-0.00029274991463,0.265,-0.000218618519,2.47,-1.926,1.743
2024-05-16 00:30:00,o,2.4,0.05,0.4,2.0162391910426387,-0.00029274991463,0.265,-0.000218618519,2.47,-1.926,1.743
2024-05-16 00:30:00,o,2.4,0.05,0.45,1.9538031673138772,0.014288906615,0.289,-0.0083857785369,2.34,-1.646,1.648
2024-05-16 00:30:00,o,2.4,0.05,0.5,1.8172611908216498,0.036987094213,0.346,-0.024054636275,2.02,-1.018,1.684
2024-05-16 00:30:00,o,2.4,0.05,0.55,1.8172611908216498,0.036987094213,0.346,-0.024054636275,2.02,-1.018,1.684
2024-05-16 00:30:00,o,2.4,0.05,0.6,1.78522302815318,0.049448530162,0.356,-0.032208221495,1.96,-0.914,1.707
2024-05-16 00:30:00,o,2.4,0.05,0.65,1.7610478392558366,0.048154125959,0.363,-0.030422975473,1.91,-0.832,1.739
2024-05-16 00:30:00,o,2.4,0.05,0.7,1.754501229386917,0.055279407271,0.364,-0.035144783004,1.9,-0.816,1.792
2024-05-16 00:30:00,o,2.4,0.05,0.75,1.754501229386917,0.055279407271,0.364,-0.035144783004,1.9,-0.816,1.792
2024-05-16 00:30:00,o,2.4,0.05,0.8,1.7394615812784744,0.071439282106,0.373,-0.046,1.84,-0.722,2.179
2024-05-16 00:30:00,o,2.4,0.05,0.85,1.7394615812784744,0.071439282106,0.373,-0.046,1.84,-0.722,2.179
2024-05-16 00:30:00,o,2.4,0.05,0.9,1.7419076059742735,0.063134369956,0.372,-0.0409373124,1.84,-0.722,2.242
2024-05-16 00:30:00,o,2.4,0.05,0.95,1.7398333173513887,0.0558861866,0.373,-0.036403129459,1.84,-0.722,2.315
2024-05-16 00:30:00,o,2.4,0.1,0.0,2.243541538317741,0.010796934385,0.197,-0.0040250652905,2.9,-2.898,1.965
2024-05-16 00:30:00,o,2.4,0.1,0.95,1.750747460992621,0.048558266305,0.366,-0.031181942764,1.88,-0.784,1.994
2024-05-16 00:30:00,o,2.4,0.15,0.0,2.2262208597905593,0.0060029039125,0.204,-0.001818496531,2.85,-2.783,1.866
2024-05-16 00:30:00,o,2.4,0.15,0.95,1.761860209446906,0.061779831909,0.36,-0.038575875629,1.93,-0.864,1.902
2024-05-16 00:30:00,o,2.4,0.2,0.0,2.2262208597905593,0.0060029039125,0.204,-0.001818496531,2.85,-2.783,1.866
2024-05-16 00:30:00,o,2.4,0.2,0.95,1.761860209446906,0.061779831909,0.36,-0.038575875629,1.93,-0.864,1.902
2024-05-16 00:30:00,o,2.4,0.25,0.0,2.2174418287676065,0.027726986444,0.207,-0.010974277006,2.83,-2.738,1.719
2024-05-16 00:30:00,o,2.4,0.25,0.95,1.7786937794759377,0.099838656895,0.35,-0.062881140426,1.99,-0.966,1.732
2024-05-16 00:30:00,o,2.4,0.3,0.0,2.1691246066716343,0.023251018,0.227,-0.0097136289899,2.7,-2.441,1.66
2024-05-16 00:30:00,o,2.4,0.3,0.95,1.7786937794759377,0.099838656895,0.35,-0.062881140426,1.99,-0.966,1.732
2024-05-16 00:30:00,o,2.4,0.35,0.0,2.138012018420136,-0.0050340249175,0.24,0.0020238963607,2.61,-2.238,1.646
2024-05-16 00:30:00,o,2.4,0.35,0.95,1.785543369956593,0.12319169907,0.346,-0.073,2.02,-1.018,1.675
2024-05-16 00:30:00,o,2.4,0.4,0.0,2.138012018420136,-0.0050340249175,0.24,0.0020238963607,2.61,-2.238,1.646
2024-05-16 00:30:00,o,2.4,0.4,0.95,1.7928117712481468,0.13106532304,0.342,-0.077,2.04,-1.054,1.708
2024-05-16 00:30:00,o,2.4,0.45,0.0,2.1182151085009986,-0.010971896666,0.249,0.0047378962667,2.56,-2.126,1.633
2024-05-16 00:30:00,o,2.4,0.45,0.95,1.7928117712481468,0.13106532304,0.342,-0.077,2.04,-1.054,1.708
2024-05-16 00:30:00,o,2.4,0.5,0.0,2.107684719655842,-0.0044273997605,0.254,0.001764527034,2.54,-2.081,1.619
2024-05-16 00:30:00,o,2.4,0.5,0.95,1.795504624718734,0.13753140947,0.34,-0.079,2.06,-1.09,1.713
2024-05-16 00:30:00,o,2.4,0.55,0.0,2.107684719655842,-0.0044273997605,0.254,0.001764527034,2.54,-2.081,1.619
2024-05-16 00:30:00,o,2.4,0.55,0.95,1.795504624718734,0.13753140947,0.34,-0.079,2.06,-1.09,1.713
2024-05-16 00:30:00,o,2.4,0.6,0.0,2.0923837428776353,-0.026195096366,0.262,0.012814426498,2.49,-1.97,1.65
2024-05-16 00:30:00,o,2.4,0.6,0.95,1.7860127775945422,0.11659361273,0.346,-0.073,2.02,-1.018,1.715
2024-05-16 00:30:00,o,2.4,0.65,0.0,2.0923837428776353,-0.026195096366,0.262,0.012814426498,2.49,-1.97,1.65
2024-05-16 00:30:00,o,2.4,0.65,0.95,1.7860127775945422,0.11659361273,0.346,-0.073,2.02,-1.018,1.715
2024-05-16 00:30:00,o,2.4,0.7,0.0,2.0923837428776353,-0.026195096366,0.262,0.012814426498,2.49,-1.97,1.65
2024-05-16 00:30:00,o,2.4,0.7,0.95,1.765400296946214,0.090750386704,0.358,-0.05777570571,1.95,-0.897,1.765
2024-05-16 00:30:00,o,2.4,0.75,0.0,2.0923837428776353,-0.026195096366,0.262,0.012814426498,2.49,-1.97,1.65
2024-05-16 00:30:00,o,2.4,0.75,0.95,1.765400296946214,0.090750386704,0.358,-0.05777570571,1.95,-0.897,1.765
2024-05-16 00:30:00,o,2.4,0.8,0.0,2.13629240174786,-0.070123263463,0.241,0.029767478784,2.61,-2.238,1.81
2024-05-16 00:30:00,o,2.4,0.8,0.95,1.753896985507329,0.067332210933,0.364,-0.043626609073,1.9,-0.816,1.788
2024-05-16 00:30:00,o,2.4,0.85,0.0,2.13629240174786,-0.070123263463,0.241,0.029767478784,2.61,-2.238,1.81
2024-05-16 00:30:00,o,2.4,0.85,0.95,1.744934169885334,0.041393466517,0.37,-0.026291156877,1.86,-0.753,1.84
2024-05-16 00:30:00,o,2.4,0.9,0.0,2.13629240174786,-0.070123263463,0.241,0.029767478784,2.61,-2.238,1.81
2024-05-16 00:30:00,o,2.4,0.9,0.95,1.739327045152532,0.029235078121,0.373,-0.019001419639,1.84,-0.722,1.848
2024-05-16 00:30:00,o,2.4,0.95,0.0,2.1734630793428673,-0.080794887881,0.225,0.031948164733,2.71,-2.464,2.024
2024-05-16 00:30:00,o,2.4,0.95,0.95,1.731137315580699,-0.022859160271,0.379,0.014573034289,1.8,-0.663,2.036
2024-05-16 00:30:00,o,2.4,1.0,0.0,2.1734630793428673,-0.080794887881,0.225,0.031948164733,2.71,-2.464,2.024
2024-05-16 00:30:00,o,2.4,1.0,0.95,1.7421121316265797,-0.051217181459,0.372,0.030624904539,1.84,-0.722,2.176
2024-05-16 00:30:00,o,2.4,1.05,0.0,2.1658731968427074,-0.063004315563,0.228,0.025507193169,2.69,-2.419,2.119
2024-05-16 00:30:00,o,2.4,1.05,0.95,1.7421121316265797,-0.051217181459,0.372,0.030624904539,1.84,-0.722,2.176
2024-05-16 00:30:00,o,2.4,1.1,0.0,2.1630718820038193,-0.064092110665,0.229,0.025853410901,2.69,-2.419,2.489
2024-05-16 00:30:00,o,2.4,1.1,0.95,1.7477146983893923,-0.072959562684,0.368,0.041786120679,1.87,-0.768,2.328
2024-05-16 00:30:00,o,2.4,1.15,0.0,2.1630718820038193,-0.064092110665,0.229,0.025853410901,2.69,-2.419,2.489
2024-05-16 00:30:00,o,2.4,1.15,0.05,2.144583547175469,-0.10613889203,0.237,0.042659892811,2.64,-2.305,2.883
2024-05-16 00:30:00,o,2.4,1.15,0.1,2.1296641172812305,-0.12198140217,0.244,0.049997070748,2.59,-2.193,2.754
2024-05-16 00:30:00,o,2.4,1.15,0.15,2.0870001207959907,-0.12799199762,0.254,0.054648643088,2.54,-2.081,2.642
2024-05-16 00:30:00,o,2.4,1.15,0.2,2.0870001207959907,-0.12799199762,0.254,0.054648643088,2.54,-2.081,2.642
2024-05-16 00:30:00,o,2.4,1.15,0.25,2.0307170829940677,-0.093421815691,0.274,0.04412907571,2.42,-1.817,1.951
2024-05-16 00:30:00,o,2.4,1.15,0.3,1.9119774644600376,-0.095736182967,0.326,0.053904144241,2.14,-1.24,2.098
2024-05-16 00:30:00,o,2.4,1.15,0.35,1.8103333486611493,-0.071803965279,0.379,0.04819755048,1.8,-0.663,2.008
2024-05-16 00:30:00,o,2.4,1.15,0.4,1.7601283302734176,-0.063632725439,0.407,0.045961559118,1.45,-0.245,2.085
2024-05-16 00:30:00,o,2.4,1.15,0.45,1.7601283302734176,-0.063632725439,0.407,0.045961559118,1.45,-0.245,2.085
2024-05-16 00:30:00,o,2.4,1.15,0.5,1.6961553608644666,-0.058582747397,0.427,0.032320717353,0.63,0.226,2.007
2024-05-16 00:30:00,o,2.4,1.15,0.55,1.6921680791705507,-0.057707312005,0.426,0.031870336667,0.63,0.226,2.029
2024-05-16 00:30:00,o,2.4,1.15,0.6,1.6921680791705507,-0.057707312005,0.426,0.031870336667,0.63,0.226,2.029
2024-05-16 00:30:00,o,2.4,1.15,0.65,1.6545134467957618,-0.043804626747,0.419,0.018656619692,1.13,0.002,2.011
2024-05-16 00:30:00,o,2.4,1.15,0.7,1.6432058481294989,-0.052372132991,0.419,0.016823409262,1.13,0.002,2.13
2024-05-16 00:30:00,o,2.4,1.15,0.75,1.6632013408111141,-0.061336665198,0.419,0.036294404293,1.13,0.002,2.211
2024-05-16 00:30:00,o,2.4,1.15,0.8,1.6632013408111141,-0.061336665198,0.419,0.036294404293,1.13,0.002,2.211
2024-05-16 00:30:00,o,2.4,1.15,0.85,1.71869263680883,-0.078519488112,0.386,0.046819885032,1.73,-0.565,2.829
2024-05-16 00:30:00,o,2.4,1.15,0.9,1.7453949266862783,-0.080433489864,0.37,0.046567462536,1.86,-0.753,2.819
2024-05-16 00:30:00,o,2.4,1.15,0.95,1.7554174628109362,-0.087179296894,0.364,0.049453152919,1.9,-0.816,2.833
2024-05-16 00:30:00,o,2.45,0.05,0.0,2.2274264684558505,0.057173556417,0.203,-0.023102578791,2.86,-2.806,2.007
2024-05-16 00:30:00,o,2.45,0.05,0.05,2.250868704057308,0.032795572026,0.194,-0.012650618044,2.93,-2.966,2.223
2024-05-16 00:30:00,o,2.45,0.05,0.1,2.250868704057308,0.032795572026,0.194,-0.012650618044,2.93,-2.966,2.223
2024-05-16 00:30:00,o,2.45,0.05,0.15,2.2222715465730207,0.03511477032,0.191,-0.013538191673,2.94,-2.989,2.071
2024-05-16 00:30:00,o,2.45,0.05,0.2,2.2222715465730207,0.03511477032,0.191,-0.013538191673,2.94,-2.989,2.071
2024-05-16 00:30:00,o,2.45,0.05,0.25,2.1315513017830603,0.01718388428,0.222,-0.0075623078562,2.73,-2.51,1.749
2024-05-16 00:30:00,o,2.45,0.05,0.3,2.04531515359036,0.010534339664,0.25,-0.0046932127994,2.56,-2.126,1.763
2024-05-16 00:30:00,o,2.45,0.05,0.35,2.04531515359036,0.010534339664,0.25,-0.0046932127994,2.56,-2.126,1.763
2024-05-16 00:30:00,o,2.45,0.05,0.4,1.9900545608689946,0.027813116994,0.27,-0.01435163565,2.44,-1.861,1.649
2024-05-16 00:30:00,o,2.45,0.05,0.45,1.9200763447792126,0.033314974927,0.299,-0.019688208639,2.29,-1.541,1.623
2024-05-16 00:30:00,o,2.45,0.05,0.5,1.8451972959812992,0.039975182559,0.331,-0.026113489041,2.11,-1.183,1.655
2024-05-16 00:30:00,o,2.45,0.05,0.55,1.8451972959812992,0.039975182559,0.331,-0.026113489041,2.11,-1.183,1.655
2024-05-16 00:30:00,o,2.45,0.05,0.6,1.78522302815318,0.049448530162,0.356,-0.032208221495,1.96,-0.914,1.707
2024-05-16 00:30:00,o,2.45,0.05,0.65,1.7610478392558366,0.048154125959,0.363,-0.030422975473,1.91,-0.832,1.739
2024-05-16 00:30:00,o,2.45,0.05,0.7,1.7610478392558366,0.048154125959,0.363,-0.030422975473,1.91,-0.832,1.739
2024-05-16 00:30:00,o,2.45,0.05,0.75,1.7414037474803374,0.046675735151,0.372,-0.030135806009,1.84,-0.722,1.783
2024-05-16 00:30:00,o,2.45,0.05,0.8,1.7440268473180731,0.046553391542,0.371,-0.029305820455,1.86,-0.753,1.992
2024-05-16 00:30:00,o,2.45,0.05,0.85,1.7440268473180731,0.046553391542,0.371,-0.029305820455,1.86,-0.753,1.992
2024-05-16 00:30:00,o,2.45,0.05,0.9,1.7419076059742735,0.063134369956,0.372,-0.0409373124,1.84,-0.722,2.242
2024-05-16 00:30:00,o,2.45,0.05,0.95,1.744512031394303,0.035853226854,0.37,-0.022935862279,1.86,-0.753,2.043
2024-05-16 00:30:00,o,2.45,0.1,0.0,2.243541538317741,0.010796934385,0.197,-0.0040250652905,2.9,-2.898,1.965
2024-05-16 00:30:00,o,2.45,0.1,0.95,1.750747460992621,0.048558266305,0.366,-0.031181942764,1.88,-0.784,1.994
2024-05-16 00:30:00,o,2.45,0.15,0.0,2.2262208597905593,0.0060029039125,0.204,-0.001818496531,2.85,-2.783,1.866
2024-05-16 00:30:00,o,2.45,0.15,0.95,1.7594411971336976,0.055788773721,0.361,-0.035217611118,1.92,-0.848,1.881
2024-05-16 00:30:00,o,2.45,0.2,0.0,2.2174418287676065,0.027726986444,0.207,-0.010974277006,2.83,-2.738,1.719
2024-05-16 00:30:00,o,2.45,0.2,0.95,1.7594411971336976,0.055788773721,0.361,-0.035217611118,1.92,-0.848,1.881
2024-05-16 00:30:00,o,2.45,0.25,0.0,2.2174418287676065,0.027726986444,0.207,-0.010974277006,2.83,-2.738,1.719
2024-05-16 00:30:00,o,2.45,0.25,0.95,1.7640116523903984,0.074525204026,0.358,-0.047652854539,1.95,-0.897,1.804
2024-05-16 00:30:00,o,2.45,0.3,0.0,2.1691246066716343,0.023251018,0.227,-0.0097136289899,2.7,-2.441,1.66
2024-05-16 00:30:00,o,2.45,0.3,0.95,1.7780354230774755,0.11240753454,0.35,-0.069,1.99,-0.966,1.752
2024-05-16 00:30:00,o,2.45,0.35,0.0,2.1691246066716343,0.023251018,0.227,-0.0097136289899,2.7,-2.441,1.66
2024-05-16 00:30:00,o,2.45,0.35,0.95,1.785543369956593,0.12319169907,0.346,-0.073,2.02,-1.018,1.675
2024-05-16 00:30:00,o,2.45,0.4,0.0,2.1691246066716343,0.023251018,0.227,-0.0097136289899,2.7,-2.441,1.66
2024-05-16 00:30:00,o,2.45,0.4,0.95,1.785543369956593,0.12319169907,0.346,-0.073,2.02,-1.018,1.675
2024-05-16 00:30:00,o,2.45,0.45,0.0,2.107684719655842,-0.0044273997605,0.254,0.001764527034,2.54,-2.081,1.619
2024-05-16 00:30:00,o,2.45,0.45,0.95,1.7928117712481468,0.13106532304,0.342,-0.077,2.04,-1.054,1.708
2024-05-16 00:30:00,o,2.45,0.5,0.0,2.107684719655842,-0.0044273997605,0.254,0.001764527034,2.54,-2.081,1.619
2024-05-16 00:30:00,o,2.45,0.5,0.95,1.793350281508317,0.14570329367,0.341,-0.078,2.05,-1.072,1.68
2024-05-16 00:30:00,o,2.45,0.55,0.0,2.107684719655842,-0.0044273997605,0.254,0.001764527034,2.54,-2.081,1.619
2024-05-16 00:30:00,o,2.45,0.55,0.95,1.793350281508317,0.14570329367,0.341,-0.078,2.05,-1.072,1.68
2024-05-16 00:30:00,o,2.45,0.6,0.0,2.107684719655842,-0.0044273997605,0.254,0.001764527034,2.54,-2.081,1.619
2024-05-16 00:30:00,o,2.45,0.6,0.95,1.793350281508317,0.14570329367,0.341,-0.078,2.05,-1.072,1.68
2024-05-16 00:30:00,o,2.45,0.65,0.0,2.0923837428776353,-0.026195096366,0.262,0.012814426498,2.49,-1.97,1.65
2024-05-16 00:30:00,o,2.45,0.65,0.95,1.7754502427931576,0.11802147773,0.352,-0.067,1.98,-0.948,1.655
2024-05-16 00:30:00,o,2.45,0.7,0.0,2.0923837428776353,-0.026195096366,0.262,0.012814426498,2.49,-1.97,1.65
2024-05-16 00:30:00,o,2.45,0.7,0.95,1.765400296946214,0.090750386704,0.358,-0.05777570571,1.95,-0.897,1.765
2024-05-16 00:30:00,o,2.45,0.75,0.0,2.0844726067963353,-0.025567996819,0.266,0.01277966552,2.47,-1.926,1.634
2024-05-16 00:30:00,o,2.45,0.75,0.95,1.765400296946214,0.090750386704,0.358,-0.05777570571,1.95,-0.897,1.765
2024-05-16 00:30:00,o,2.45,0.8,0.0,2.1050262303890097,-0.047900852127,0.256,0.022406579994,2.53,-2.059,1.742
2024-05-16 00:30:00,o,2.45,0.8,0.95,1.753896985507329,0.067332210933,0.364,-0.043626609073,1.9,-0.816,1.788
2024-05-16 00:30:00,o,2.45,0.85,0.0,2.1050262303890097,-0.047900852127,0.256,0.022406579994,2.53,-2.059,1.742
2024-05-16 00:30:00,o,2.45,0.85,0.95,1.739327045152532,0.029235078121,0.373,-0.019001419639,1.84,-0.722,1.848
2024-05-16 00:30:00,o,2.45,0.9,0.0,2.13629240174786,-0.070123263463,0.241,0.029767478784,2.61,-2.238,1.81
2024-05-16 00:30:00,o,2.45,0.9,0.95,1.739327045152532,0.029235078121,0.373,-0.019001419639,1.84,-0.722,1.848
2024-05-16 00:30:00,o,2.45,0.95,0.0,2.1734630793428673,-0.080794887881,0.225,0.031948164733,2.71,-2.464,2.024
2024-05-16 00:30:00,o,2.45,0.95,0.95,1.723980776891,-0.026974795829,0.383,0.01672732619,1.75,-0.592,1.987
2024-05-16 00:30:00,o,2.45,1.0,0.0,2.1658731968427074,-0.063004315563,0.228,0.025507193169,2.69,-2.419,2.119
2024-05-16 00:30:00,o,2.45,1.0,0.95,1.7379714469030225,-0.044744772505,0.374,0.026552501436,1.83,-0.707,2.082
2024-05-16 00:30:00,o,2.45,1.05,0.0,2.1658731968427074,-0.063004315563,0.228,0.025507193169,2.69,-2.419,2.119
2024-05-16 00:30:00,o,2.45,1.05,0.95,1.7379714469030225,-0.044744772505,0.374,0.026552501436,1.83,-0.707,2.082
2024-05-16 00:30:00,o,2.45,1.1,0.0,2.1630718820038193,-0.064092110665,0.229,0.025853410901,2.69,-2.419,2.489
2024-05-16 00:30:00,o,2.45,1.1,0.95,1.7477146983893923,-0.072959562684,0.368,0.041786120679,1.87,-0.768,2.328
2024-05-16 00:30:00,o,2.45,1.15,0.0,2.1630718820038193,-0.064092110665,0.229,0.025853410901,2.69,-2.419,2.489
2024-05-16 00:30:00,o,2.45,1.15,0.05,2.1630718820038193,-0.064092110665,0.229,0.025853410901,2.69,-2.419,2.489
2024-05-16 00:30:00,o,2.45,1.15,0.1,2.1296641172812305,-0.12198140217,0.244,0.049997070748,2.59,-2.193,2.754
2024-05-16 00:30:00,o,2.45,1.15,0.15,2.0870001207959907,-0.12799199762,0.254,0.054648643088,2.54,-2.081,2.642
2024-05-16 00:30:00,o,2.45,1.15,0.2,2.0956574403284893,-0.073025624653,0.248,0.032008706658,2.57,-2.148,2.502
2024-05-16 00:30:00,o,2.45,1.15,0.25,2.0486515194730215,-0.061564334706,0.265,0.029018498652,2.47,-1.926,2.0
2024-05-16 00:30:00,o,2.45,1.15,0.3,1.8849651982007327,-0.033364006564,0.337,0.020895872816,2.07,-1.109,1.966
2024-05-16 00:30:00,o,2.45,1.15,0.35,1.8193267339960044,-0.046179946442,0.372,0.030640836027,1.84,-0.722,1.977
2024-05-16 00:30:00,o,2.45,1.15,0.4,1.7601283302734176,-0.063632725439,0.407,0.045961559118,1.45,-0.245,2.085
2024-05-16 00:30:00,o,2.45,1.15,0.45,1.7601283302734176,-0.063632725439,0.407,0.045961559118,1.45,-0.245,2.085
2024-05-16 00:30:00,o,2.45,1.15,0.5,1.6961553608644666,-0.058582747397,0.427,0.032320717353,0.63,0.226,2.007
2024-05-16 00:30:00,o,2.45,1.15,0.55,1.6961553608644666,-0.058582747397,0.427,0.032320717353,0.63,0.226,2.007
2024-05-16 00:30:00,o,2.45,1.15,0.6,1.6730116863413735,-0.04553152009,0.425,0.011163919076,0.79,0.17,1.975
2024-05-16 00:30:00,o,2.45,1.15,0.65,1.659640520906919,-0.041789296811,0.422,0.011190120513,0.98,0.086,1.956
2024-05-16 00:30:00,o,2.45,1.15,0.7,1.659640520906919,-0.058321078135,0.419,0.032090231546,1.13,0.002,2.114
2024-05-16 00:30:00,o,2.45,1.15,0.75,1.659640520906919,-0.058321078135,0.419,0.032090231546,1.13,0.002,2.114
2024-05-16 00:30:00,o,2.45,1.15,0.8,1.6995515693801528,-0.068738661055,0.399,0.043124942119,1.57,-0.369,2.474
2024-05-16 00:30:00,o,2.45,1.15,0.85,1.6995515693801528,-0.068738661055,0.399,0.043124942119,1.57,-0.369,2.474
2024-05-16 00:30:00,o,2.45,1.15,0.9,1.7453949266862783,-0.080433489864,0.37,0.046567462536,1.86,-0.753,2.819
2024-05-16 00:30:00,o,2.45,1.15,0.95,1.7557605526104016,-0.08380547605,0.363,0.046865414374,1.91,-0.832,2.381
2024-05-16 00:30:00,o,2.5,0.05,0.0,2.2274264684558505,0.057173556417,0.203,-0.023102578791,2.86,-2.806,2.007
2024-05-16 00:30:00,o,2.5,0.05,0.05,2.2274264684558505,0.057173556417,0.203,-0.023102578791,2.86,-2.806,2.007
2024-05-16 00:30:00,o,2.5,0.05,0.1,2.2100615598412765,0.072935417933,0.21,-0.030641136698,2.81,-2.692,2.265
2024-05-16 00:30:00,o,2.5,0.05,0.15,2.2147405584195163,0.049291452698,0.198,-0.019011599091,2.89,-2.875,2.021
2024-05-16 00:30:00,o,2.5,0.05,0.2,2.2147405584195163,0.049291452698,0.198,-0.019011599091,2.89,-2.875,2.021
2024-05-16 00:30:00,o,2.5,0.05,0.25,2.1565854924457226,0.036281434069,0.215,-0.015667183269,2.78,-2.623,1.681
2024-05-16 00:30:00,o,2.5,0.05,0.3,2.04531515359036,0.010534339664,0.25,-0.0046932127994,2.56,-2.126,1.763
2024-05-16 00:30:00,o,2.5,0.05,0.35,1.9900545608689946,0.027813116994,0.27,-0.01435163565,2.44,-1.861,1.649
2024-05-16 00:30:00,o,2.5,0.05,0.4,1.9266047964992195,0.034281970788,0.297,-0.019549750408,2.3,-1.562,1.726
2024-05-16 00:30:00,o,2.5,0.05,0.45,1.9266047964992195,0.034281970788,0.297,-0.019549750408,2.3,-1.562,1.726
2024-05-16 00:30:00,o,2.5,0.05,0.5,1.850082327740316,0.037409570059,0.331,-0.023899088154,2.11,-1.183,1.669
2024-05-16 00:30:00,o,2.5,0.05,0.55,1.8451972959812992,0.039975182559,0.331,-0.026113489041,2.11,-1.183,1.655
2024-05-16 00:30:00,o,2.5,0.05,0.6,1.8080218143875961,0.054017686377,0.345,-0.034550249237,2.02,-1.018,1.633
2024-05-16 00:30:00,o,2.5,0.05,0.65,1.750994100987553,0.044139823173,0.366,-0.028115608489,1.88,-0.784,1.739
2024-05-16 00:30:00,o,2.5,0.05,0.7,1.750994100987553,0.044139823173,0.366,-0.028115608489,1.88,-0.784,1.739
2024-05-16 00:30:00,o,2.5,0.05,0.75,1.7237183038260322,0.021468761124,0.383,-0.014142124423,1.75,-0.592,1.892
2024-05-16 00:30:00,o,2.5,0.05,0.8,1.7323294151333326,0.020008083444,0.378,-0.012552256715,1.8,-0.663,2.024
2024-05-16 00:30:00,o,2.5,0.05,0.85,1.7323294151333326,0.020008083444,0.378,-0.012552256715,1.8,-0.663,2.024
2024-05-16 00:30:00,o,2.5,0.05,0.9,1.7424265985183494,-0.016931464866,0.371,0.0098046789782,1.86,-0.753,2.171
2024-05-16 00:30:00,o,2.5,0.05,0.95,1.7423794429980906,0.010758449361,0.372,-0.0062286578184,1.84,-0.722,2.022
2024-05-16 00:30:00,o,2.5,0.1,0.0,2.2274264684558505,0.057173556417,0.203,-0.023102578791,2.86,-2.806,2.007
2024-05-16 00:30:00,o,2.5,0.1,0.95,1.7501842887178596,0.033171549169,0.367,-0.020520157044,1.88,-0.784,1.941
2024-05-16 00:30:00,o,2.5,0.15,0.0,2.229197885927266,0.054797873547,0.202,-0.022345499523,2.86,-2.806,1.837
2024-05-16 00:30:00,o,2.5,0.15,0.95,1.7594411971336976,0.055788773721,0.361,-0.035217611118,1.92,-0.848,1.881
2024-05-16 00:30:00,o,2.5,0.2,0.0,2.2174418287676065,0.027726986444,0.207,-0.010974277006,2.83,-2.738,1.719
2024-05-16 00:30:00,o,2.5,0.2,0.95,1.7594411971336976,0.055788773721,0.361,-0.035217611118,1.92,-0.848,1.881
2024-05-16 00:30:00,o,2.5,0.25,0.0,2.2174418287676065,0.027726986444,0.207,-0.010974277006,2.83,-2.738,1.719
2024-05-16 00:30:00,o,2.5,0.25,0.95,1.765072201102792,0.084066270306,0.358,-0.053408476946,1.95,-0.897,1.773
2024-05-16 00:30:00,o,2.5,0.3,0.0,2.1691246066716343,0.023251018,0.227,-0.0097136289899,2.7,-2.441,1.66
2024-05-16 00:30:00,o,2.5,0.3,0.95,1.7780354230774755,0.11240753454,0.35,-0.069,1.99,-0.966,1.752
2024-05-16 00:30:00,o,2.5,0.35,0.0,2.1691246066716343,0.023251018,0.227,-0.0097136289899,2.7,-2.441,1.66
2024-05-16 00:30:00,o,2.5,0.35,0.95,1.7780354230774755,0.11240753454,0.35,-0.069,1.99,-0.966,1.752
2024-05-16 00:30:00,o,2.5,0.4,0.0,2.164994898829145,0.021346303861,0.228,-0.0097065061957,2.69,-2.419,1.66
2024-05-16 00:30:00,o,2.5,0.4,0.95,1.785543369956593,0.12319169907,0.346,-0.073,2.02,-1.018,1.675
2024-05-16 00:30:00,o,2.5,0.45,0.0,2.1335963847187362,0.013088260693,0.242,-0.0062828273688,2.61,-2.238,1.621
2024-05-16 00:30:00,o,2.5,0.45,0.95,1.7909533365733306,0.14399117077,0.343,-0.076,2.04,-1.054,1.622
2024-05-16 00:30:00,o,2.5,0.5,0.0,2.1335963847187362,0.013088260693,0.242,-0.0062828273688,2.61,-2.238,1.621
2024-05-16 00:30:00,o,2.5,0.5,0.95,1.793350281508317,0.14570329367,0.341,-0.078,2.05,-1.072,1.68
2024-05-16 00:30:00,o,2.5,0.55,0.0,2.107684719655842,-0.0044273997605,0.254,0.001764527034,2.54,-2.081,1.619
2024-05-16 00:30:00,o,2.5,0.55,0.95,1.787970276368677,0.14954092623,0.344,-0.075,2.03,-1.036,1.688
2024-05-16 00:30:00,o,2.5,0.6,0.0,2.107684719655842,-0.0044273997605,0.254,0.001764527034,2.54,-2.081,1.619
2024-05-16 00:30:00,o,2.5,0.6,0.95,1.787970276368677,0.14954092623,0.344,-0.075,2.03,-1.036,1.688
2024-05-16 00:30:00,o,2.5,0.65,0.0,2.0844726067963353,-0.025567996819,0.266,0.01277966552,2.47,-1.926,1.634
2024-05-16 00:30:00,o,2.5,0.65,0.95,1.7779123227074614,0.13413404744,0.35,-0.069,1.99,-0.966,1.668
2024-05-16 00:30:00,o,2.5,0.7,0.0,2.0844726067963353,-0.025567996819,0.266,0.01277966552,2.47,-1.926,1.634
2024-05-16 00:30:00,o,2.5,0.7,0.95,1.7665169463261197,0.10119867505,0.357,-0.062,1.95,-0.897,1.717
2024-05-16 00:30:00,o,2.5,0.75,0.0,2.0844726067963353,-0.025567996819,0.266,0.01277966552,2.47,-1.926,1.634
2024-05-16 00:30:00,o,2.5,0.75,0.95,1.7665169463261197,0.10119867505,0.357,-0.062,1.95,-0.897,1.717
2024-05-16 00:30:00,o,2.5,0.8,0.0,2.1050262303890097,-0.047900852127,0.256,0.022406579994,2.53,-2.059,1.742
2024-05-16 00:30:00,o,2.5,0.8,0.95,1.7453949266862783,0.056521468354,0.37,-0.036066169916,1.86,-0.753,1.767
2024-05-16 00:30:00,o,2.5,0.85,0.0,2.1050262303890097,-0.047900852127,0.256,0.022406579994,2.53,-2.059,1.742
2024-05-16 00:30:00,o,2.5,0.85,0.95,1.742544464923302,0.026691480019,0.371,-0.017267519583,1.86,-0.753,1.864
2024-05-16 00:30:00,o,2.5,0.9,0.0,2.1050262303890097,-0.047900852127,0.256,0.022406579994,2.53,-2.059,1.742
2024-05-16 00:30:00,o,2.5,0.9,0.95,1.742544464923302,0.026691480019,0.371,-0.017267519583,1.86,-0.753,1.864
2024-05-16 00:30:00,o,2.5,0.95,0.0,2.084844278240215,0.01623917211,0.266,-0.0077480969637,2.47,-1.926,1.778
2024-05-16 00:30:00,o,2.5,0.95,0.95,1.7363885334974443,-0.0008836430381,0.375,0.00030568914917,1.82,-0.692,1.926
2024-05-16 00:30:00,o,2.5,1.0,0.0,2.1514250147090315,-0.031186480884,0.234,0.01309342937,2.65,-2.328,2.184
2024-05-16 00:30:00,o,2.5,1.0,0.95,1.7379714469030225,-0.044744772505,0.374,0.026552501436,1.83,-0.707,2.082
2024-05-16 00:30:00,o,2.5,1.05,0.0,2.1514250147090315,-0.031186480884,0.234,0.01309342937,2.65,-2.328,2.184
2024-05-16 00:30:00,o,2.5,1.05,0.95,1.7379714469030225,-0.044744772505,0.374,0.026552501436,1.83,-0.707,2.082
2024-05-16 00:30:00,o,2.5,1.1,0.0,2.1754683237545955,0.020220368927,0.224,-0.0085757700942,2.71,-2.464,2.283
2024-05-16 00:30:00,o,2.5,1.1,0.95,1.735431216887467,-0.063329886874,0.376,0.037691590262,1.81,-0.678,2.198
2024-05-16 00:30:00,o,2.5,1.15,0.0,2.1716270078415945,-0.021132741294,0.226,0.009270725661,2.7,-2.441,2.416
2024-05-16 00:30:00,o,2.5,1.15,0.05,2.1754683237545955,0.020220368927,0.224,-0.0085757700942,2.71,-2.464,2.283
2024-05-16 00:30:00,o,2.5,1.15,0.1,2.162373203181907,0.0014367145988,0.229,-0.0011001876005,2.69,-2.419,2.247
2024-05-16 00:30:00,o,2.5,1.15,0.15,2.110121497278811,-0.028064320464,0.241,0.012243907487,2.61,-2.238,2.992
2024-05-16 00:30:00,o,2.5,1.15,0.2,2.0507894935937627,-0.012036830037,0.262,0.005431537739,2.49,-1.97,2.392
2024-05-16 00:30:00,o,2.5,1.15,0.25,1.9825109336235238,-0.029448382485,0.292,0.01566815075,2.32,-1.604,2.145
2024-05-16 00:30:00,o,2.5,1.15,0.3,1.8849651982007327,-0.033364006564,0.337,0.020895872816,2.07,-1.109,1.966
2024-05-16 00:30:00,o,2.5,1.15,0.35,1.8849651982007327,-0.033364006564,0.337,0.020895872816,2.07,-1.109,1.966
2024-05-16 00:30:00,o,2.5,1.15,0.4,1.8193267339960044,-0.046179946442,0.372,0.030640836027,1.84,-0.722,1.977
2024-05-16 00:30:00,o,2.5,1.15,0.45,1.7601283302734176,-0.063632725439,0.407,0.045961559118,1.45,-0.245,2.085
2024-05-16 00:30:00,o,2.5,1.15,0.5,1.6730116863413735,-0.04553152009,0.425,0.011163919076,0.79,0.17,1.975
2024-05-16 00:30:00,o,2.5,1.15,0.55,1.6730116863413735,-0.04553152009,0.425,0.011163919076,0.79,0.17,1.975
2024-05-16 00:30:00,o,2.5,1.15,0.6,1.659640520906919,-0.041789296811,0.422,0.011190120513,0.98,0.086,1.956
2024-05-16 00:30:00,o,2.5,1.15,0.65,1.6551096089997692,-0.048491254887,0.419,0.022183055639,1.13,0.002,2.018
2024-05-16 00:30:00,o,2.5,1.15,0.7,1.6551096089997692,-0.048491254887,0.419,0.022183055639,1.13,0.002,2.018
2024-05-16 00:30:00,o,2.5,1.15,0.75,1.659640520906919,-0.058321078135,0.419,0.032090231546,1.13,0.002,2.114
2024-05-16 00:30:00,o,2.5,1.15,0.8,1.7031881671667193,-0.058972534919,0.397,0.03748252085,1.61,-0.415,2.408
2024-05-16 00:30:00,o,2.5,1.15,0.85,1.7031881671667193,-0.058972534919,0.397,0.03748252085,1.61,-0.415,2.408
2024-05-16 00:30:00,o,2.5,1.15,0.9,1.7338229688589113,-0.060274525182,0.377,0.036060286806,1.81,-0.678,2.694
2024-05-16 00:30:00,o,2.5,1.15,0.95,1.7338229688589113,-0.060274525182,0.377,0.036060286806,1.81,-0.678,2.694
2024-05-16 00:30:00,o,2.55,0.05,0.0,2.2074458539842516,0.068414153279,0.211,-0.028780047159,2.81,-2.692,1.937
2024-05-16 00:30:00,o,2.55,0.05,0.05,2.2100615598412765,0.072935417933,0.21,-0.030641136698,2.81,-2.692,2.265
2024-05-16 00:30:00,o,2.55,0.05,0.1,2.182303353780082,0.079057392412,0.22,-0.035514628772,2.74,-2.532,2.403
2024-05-16 00:30:00,o,2.55,0.05,0.15,2.180105795034237,0.071980700296,0.211,-0.030620903284,2.81,-2.692,2.135
2024-05-16 00:30:00,o,2.55,0.05,0.2,2.180105795034237,0.071980700296,0.211,-0.030620903284,2.81,-2.692,2.135
2024-05-16 00:30:00,o,2.55,0.05,0.25,2.2147405584195163,0.049291452698,0.198,-0.019011599091,2.89,-2.875,2.021
2024-05-16 00:30:00,o,2.55,0.05,0.3,2.0710236119647365,0.03770442144,0.239,-0.017953914021,2.62,-2.26,1.664
2024-05-16 00:30:00,o,2.55,0.05,0.35,1.9266047964992195,0.034281970788,0.297,-0.019549750408,2.3,-1.562,1.726
2024-05-16 00:30:00,o,2.55,0.05,0.4,1.9266047964992195,0.034281970788,0.297,-0.019549750408,2.3,-1.562,1.726
2024-05-16 00:30:00,o,2.55,0.05,0.45,1.9266047964992195,0.034281970788,0.297,-0.019549750408,2.3,-1.562,1.726
2024-05-16 00:30:00,o,2.55,0.05,0.5,1.850082327740316,0.037409570059,0.331,-0.023899088154,2.11,-1.183,1.669
2024-05-16 00:30:00,o,2.55,0.05,0.55,1.7873825353996726,0.040328254712,0.363,-0.027902564321,1.91,-0.832,1.715
2024-05-16 00:30:00,o,2.55,0.05,0.6,1.7873825353996726,0.040328254712,0.363,-0.027902564321,1.91,-0.832,1.715
2024-05-16 00:30:00,o,2.55,0.05,0.65,1.7273216143986532,0.027804743469,0.381,-0.017949182327,1.77,-0.62,1.84
2024-05-16 00:30:00,o,2.55,0.05,0.7,1.7273216143986532,0.027804743469,0.381,-0.017949182327,1.77,-0.62,1.84
2024-05-16 00:30:00,o,2.55,0.05,0.75,1.7237183038260322,0.021468761124,0.383,-0.014142124423,1.75,-0.592,1.892
2024-05-16 00:30:00,o,2.55,0.05,0.8,1.7323294151333326,0.020008083444,0.378,-0.012552256715,1.8,-0.663,2.024
2024-05-16 00:30:00,o,2.55,0.05,0.85,1.7250618046339863,-0.024813586541,0.382,0.015069451066,1.77,-0.62,2.215
2024-05-16 00:30:00,o,2.55,0.05,0.9,1.732996528111129,-0.031724932968,0.377,0.019008742844,1.81,-0.678,2.229
2024-05-16 00:30:00,o,2.55,0.05,0.95,1.7424265985183494,-0.016931464866,0.371,0.0098046789782,1.86,-0.753,2.171
2024-05-16 00:30:00,o,2.55,0.1,0.0,2.2074458539842516,0.068414153279,0.211,-0.028780047159,2.81,-2.692,1.937
2024-05-16 00:30:00,o,2.55,0.1,0.95,1.7424265985183494,-0.016931464866,0.371,0.0098046789782,1.86,-0.753,2.171
2024-05-16 00:30:00,o,2.55,0.15,0.0,2.229197885927266,0.054797873547,0.202,-0.022345499523,2.86,-2.806,1.837
2024-05-16 00:30:00,o,2.55,0.15,0.95,1.7448482119837652,0.023598338595,0.37,-0.014801895209,1.86,-0.753,1.957
2024-05-16 00:30:00,o,2.55,0.2,0.0,2.229197885927266,0.054797873547,0.202,-0.022345499523,2.86,-2.806,1.837
2024-05-16 00:30:00,o,2.55,0.2,0.95,1.7578589282243442,0.055350846116,0.362,-0.034971582209,1.92,-0.848,1.834
2024-05-16 00:30:00,o,2.55,0.25,0.0,2.229197885927266,0.054797873547,0.202,-0.022345499523,2.86,-2.806,1.837
2024-05-16 00:30:00,o,2.55,0.25,0.95,1.765072201102792,0.084066270306,0.358,-0.053408476946,1.95,-0.897,1.773
2024-05-16 00:30:00,o,2.55,0.3,0.0,2.1691246066716343,0.023251018,0.227,-0.0097136289899,2.7,-2.441,1.66
2024-05-16 00:30:00,o,2.55,0.3,0.95,1.7780354230774755,0.11240753454,0.35,-0.069,1.99,-0.966,1.752
2024-05-16 00:30:00,o,2.55,0.35,0.0,2.164994898829145,0.021346303861,0.228,-0.0097065061957,2.69,-2.419,1.66
2024-05-16 00:30:00,o,2.55,0.35,0.95,1.77526083313605,0.11945033864,0.352,-0.067,1.98,-0.948,1.703
2024-05-16 00:30:00,o,2.55,0.4,0.0,2.164994898829145,0.021346303861,0.228,-0.0097065061957,2.69,-2.419,1.66
2024-05-16 00:30:00,o,2.55,0.4,0.95,1.77526083313605,0.11945033864,0.352,-0.067,1.98,-0.948,1.703
2024-05-16 00:30:00,o,2.55,0.45,0.0,2.1335963847187362,0.013088260693,0.242,-0.0062828273688,2.61,-2.238,1.621
2024-05-16 00:30:00,o,2.55,0.45,0.95,1.783767841036936,0.14989557838,0.347,-0.072,2.01,-1.001,1.635
2024-05-16 00:30:00,o,2.55,0.5,0.0,2.1335963847187362,0.013088260693,0.242,-0.0062828273688,2.61,-2.238,1.621
2024-05-16 00:30:00,o,2.55,0.5,0.95,1.783767841036936,0.14989557838,0.347,-0.072,2.01,-1.001,1.635
2024-05-16 00:30:00,o,2.55,0.55,0.0,2.1335963847187362,0.013088260693,0.242,-0.0062828273688,2.61,-2.238,1.621
2024-05-16 00:30:00,o,2.55,0.55,0.95,1.787970276368677,0.14954092623,0.344,-0.075,2.03,-1.036,1.688
2024-05-16 00:30:00,o,2.55,0.6,0.0,2.1161293582429033,0.0092520226605,0.25,-0.004731672706,2.56,-2.126,1.622
2024-05-16 00:30:00,o,2.55,0.6,0.95,1.787970276368677,0.14954092623,0.344,-0.075,2.03,-1.036,1.688
2024-05-16 00:30:00,o,2.55,0.65,0.0,2.072760748043998,0.0018108972116,0.272,-0.00054327334009,2.43,-1.839,1.599
2024-05-16 00:30:00,o,2.55,0.65,0.95,1.7779123227074614,0.13413404744,0.35,-0.069,1.99,-0.966,1.668
2024-05-16 00:30:00,o,2.55,0.7,0.0,2.0844726067963353,-0.025567996819,0.266,0.01277966552,2.47,-1.926,1.634
2024-05-16 00:30:00,o,2.55,0.7,0.95,1.7712566738459108,0.11677209438,0.354,-0.065,1.97,-0.931,1.712
2024-05-16 00:30:00,o,2.55,0.75,0.0,2.0844726067963353,-0.025567996819,0.266,0.01277966552,2.47,-1.926,1.634
2024-05-16 00:30:00,o,2.55,0.75,0.95,1.7665169463261197,0.10119867505,0.357,-0.062,1.95,-0.897,1.717
2024-05-16 00:30:00,o,2.55,0.8,0.0,2.1050262303890097,-0.047900852127,0.256,0.022406579994,2.53,-2.059,1.742
2024-05-16 00:30:00,o,2.55,0.8,0.95,1.7474195769489884,0.049162400242,0.368,-0.03178495793,1.87,-0.768,1.756
2024-05-16 00:30:00,o,2.55,0.85,0.0,2.1050262303890097,-0.047900852127,0.256,0.022406579994,2.53,-2.059,1.742
2024-05-16 00:30:00,o,2.55,0.85,0.95,1.7474195769489884,0.049162400242,0.368,-0.03178495793,1.87,-0.768,1.756
2024-05-16 00:30:00,o,2.55,0.9,0.0,2.084844278240215,0.01623917211,0.266,-0.0077480969637,2.47,-1.926,1.778
2024-05-16 00:30:00,o,2.55,0.9,0.95,1.742544464923302,0.026691480019,0.371,-0.017267519583,1.86,-0.753,1.864
2024-05-16 00:30:00,o,2.55,0.95,0.0,2.1028383097960948,0.029640691904,0.257,-0.014393259256,2.52,-2.037,1.897
2024-05-16 00:30:00,o,2.55,0.95,0.95,1.7363885334974443,-0.0008836430381,0.375,0.00030568914917,1.82,-0.692,1.926
2024-05-16 00:30:00,o,2.55,1.0,0.0,2.1028383097960948,0.029640691904,0.257,-0.014393259256,2.52,-2.037,1.897
2024-05-16 00:30:00,o,2.55,1.0,0.95,1.7416085105003511,-0.026481753168,0.372,0.016006697884,1.84,-0.722,2.011
2024-05-16 00:30:00,o,2.55,1.05,0.0,2.1514250147090315,-0.031186480884,0.234,0.01309342937,2.65,-2.328,2.184
2024-05-16 00:30:00,o,2.55,1.05,0.95,1.743901550485179,-0.030790557529,0.371,0.018889811744,1.86,-0.753,2.148
2024-05-16 00:30:00,o,2.55,1.1,0.0,2.1754683237545955,0.020220368927,0.224,-0.0085757700942,2.71,-2.464,2.283
2024-05-16 00:30:00,o,2.55,1.1,0.95,1.7338229688589113,-0.060274525182,0.377,0.036060286806,1.81,-0.678,2.694
2024-05-16 00:30:00,o,2.55,1.15,0.0,2.1754683237545955,0.020220368927,0.224,-0.0085757700942,2.71,-2.464,2.283
2024-05-16 00:30:00,o,2.55,1.15,0.05,2.174077260602006,0.063080379742,0.224,-0.0287652143,2.71,-2.464,2.653
2024-05-16 00:30:00,o,2.55,1.15,0.1,2.161574617349424,0.054551298715,0.229,-0.024705389614,2.69,-2.419,2.74
2024-05-16 00:30:00,o,2.55,1.15,0.15,2.083602940301066,0.033610083381,0.253,-0.016703806123,2.54,-2.081,2.603
2024-05-16 00:30:00,o,2.55,1.15,0.2,2.083602940301066,0.033610083381,0.253,-0.016703806123,2.54,-2.081,2.603
2024-05-16 00:30:00,o,2.55,1.15,0.25,1.9825109336235238,-0.029448382485,0.292,0.01566815075,2.32,-1.604,2.145
2024-05-16 00:30:00,o,2.55,1.15,0.3,1.8849651982007327,-0.033364006564,0.337,0.020895872816,2.07,-1.109,1.966
2024-05-16 00:30:00,o,2.55,1.15,0.35,1.878291949249796,-0.016073965807,0.339,0.010138380969,2.06,-1.09,1.907
2024-05-16 00:30:00,o,2.55,1.15,0.4,1.878291949249796,-0.016073965807,0.339,0.010138380969,2.06,-1.09,1.907
2024-05-16 00:30:00,o,2.55,1.15,0.45,1.7954420277224432,-0.013679805132,0.379,0.0092310199864,1.8,-0.663,1.879
2024-05-16 00:30:00,o,2.55,1.15,0.5,1.694157513347289,-0.028871043,0.426,0.01319683256,0.63,0.226,1.912
2024-05-16 00:30:00,o,2.55,1.15,0.55,1.6730116863413735,-0.04553152009,0.425,0.011163919076,0.79,0.17,1.975
2024-05-16 00:30:00,o,2.55,1.15,0.6,1.659640520906919,-0.041789296811,0.422,0.011190120513,0.98,0.086,1.956
2024-05-16 00:30:00,o,2.55,1.15,0.65,1.6551096089997692,-0.048491254887,0.419,0.022183055639,1.13,0.002,2.018
2024-05-16 00:30:00,o,2.55,1.15,0.7,1.6551096089997692,-0.048491254887,0.419,0.022183055639,1.13,0.002,2.018
2024-05-16 00:30:00,o,2.55,1.15,0.75,1.6691494542790102,-0.03506113867,0.42,0.020808160209,1.08,0.032,1.987
2024-05-16 00:30:00,o,2.55,1.15,0.8,1.7031881671667193,-0.058972534919,0.397,0.03748252085,1.61,-0.415,2.408
2024-05-16 00:30:00,o,2.55,1.15,0.85,1.6965835256348845,-0.04993391178,0.401,0.032016762861,1.56,-0.358,2.785
2024-05-16 00:30:00,o,2.55,1.15,0.9,1.7188337183038622,-0.053443969856,0.386,0.032474620484,1.73,-0.565,2.792
2024-05-16 00:30:00,o,2.55,1.15,0.95,1.7338229688589113,-0.060274525182,0.377,0.036060286806,1.81,-0.678,2.694
2024-05-16 00:30:00,o,2.6,0.05,0.0,2.15324457380452,0.059178929327,0.233,-0.02794562225,2.66,-2.351,2.294
2024-05-16 00:30:00,o,2.6,0.05,0.05,2.1756538490772526,0.065091072604,0.224,-0.028971715744,2.71,-2.464,2.112
2024-05-16 00:30:00,o,2.6,0.05,0.1,2.1756538490772526,0.065091072604,0.224,-0.028971715744,2.71,-2.464,2.112
2024-05-16 00:30:00,o,2.6,0.05,0.15,2.180105795034237,0.071980700296,0.211,-0.030620903284,2.81,-2.692,2.135
2024-05-16 00:30:00,o,2.6,0.05,0.2,2.1261346555256924,0.054142248402,0.227,-0.024226659336,2.7,-2.441,1.91
2024-05-16 00:30:00,o,2.6,0.05,0.25,2.1261346555256924,0.054142248402,0.227,-0.024226659336,2.7,-2.441,1.91
2024-05-16 00:30:00,o,2.6,0.05,0.3,2.05347028468924,0.046132250707,0.246,-0.022841199388,2.58,-2.17,1.747
2024-05-16 00:30:00,o,2.6,0.05,0.35,1.9502479881202526,0.040670565589,0.289,-0.023318233601,2.34,-1.646,1.811
2024-05-16 00:30:00,o,2.6,0.05,0.4,1.9502479881202526,0.040670565589,0.289,-0.023318233601,2.34,-1.646,1.811
2024-05-16 00:30:00,o,2.6,0.05,0.45,1.9266047964992195,0.034281970788,0.297,-0.019549750408,2.3,-1.562,1.726
2024-05-16 00:30:00,o,2.6,0.05,0.5,1.7873825353996726,0.040328254712,0.363,-0.027902564321,1.91,-0.832,1.715
2024-05-16 00:30:00,o,2.6,0.05,0.55,1.7873825353996726,0.040328254712,0.363,-0.027902564321,1.91,-0.832,1.715
2024-05-16 00:30:00,o,2.6,0.05,0.6,1.7421042670361229,0.033224667893,0.388,-0.023250529123,1.71,-0.539,1.774
2024-05-16 00:30:00,o,2.6,0.05,0.65,1.712515015788978,0.025075241243,0.395,-0.016961096695,1.63,-0.438,1.793
2024-05-16 00:30:00,o,2.6,0.05,0.7,1.712515015788978,0.025075241243,0.395,-0.016961096695,1.63,-0.438,1.793
2024-05-16 00:30:00,o,2.6,0.05,0.75,1.6978132418370582,0.0068025162911,0.4,-0.0046269163983,1.57,-0.369,1.927
2024-05-16 00:30:00,o,2.6,0.05,0.8,1.7002709373564369,-0.02033483937,0.398,0.012786127679,1.6,-0.403,2.085
2024-05-16 00:30:00,o,2.6,0.05,0.85,1.7250618046339863,-0.024813586541,0.382,0.015069451066,1.77,-0.62,2.215
2024-05-16 00:30:00,o,2.6,0.05,0.9,1.732996528111129,-0.031724932968,0.377,0.019008742844,1.81,-0.678,2.229
2024-05-16 00:30:00,o,2.6,0.05,0.95,1.7232093104051114,-0.047303966693,0.384,0.029436830453,1.75,-0.592,2.133
2024-05-16 00:30:00,o,2.6,0.1,0.0,2.2074458539842516,0.068414153279,0.211,-0.028780047159,2.81,-2.692,1.937
2024-05-16 00:30:00,o,2.6,0.1,0.95,1.7232093104051114,-0.047303966693,0.384,0.029436830453,1.75,-0.592,2.133
2024-05-16 00:30:00,o,2.6,0.15,0.0,2.229197885927266,0.054797873547,0.202,-0.022345499523,2.86,-2.806,1.837
2024-05-16 00:30:00,o,2.6,0.15,0.95,1.7448482119837652,0.023598338595,0.37,-0.014801895209,1.86,-0.753,1.957
2024-05-16 00:30:00,o,2.6,0.2,0.0,2.229197885927266,0.054797873547,0.202,-0.022345499523,2.86,-2.806,1.837
2024-05-16 00:30:00,o,2.6,0.2,0.95,1.7448482119837652,0.023598338595,0.37,-0.014801895209,1.86,-0.753,1.957
2024-05-16 00:30:00,o,2.6,0.25,0.0,2.230418264215168,0.042021378534,0.202,-0.016515378998,2.86,-2.806,1.806
2024-05-16 00:30:00,o,2.6,0.25,0.95,1.7424265985183494,0.078951828913,0.371,-0.048,1.86,-0.753,1.765
2024-05-16 00:30:00,o,2.6,0.3,0.0,2.1827996969049597,0.022607377254,0.221,-0.0094225369547,2.74,-2.532,1.699
2024-05-16 00:30:00,o,2.6,0.3,0.95,1.7575782120363739,0.089789161246,0.362,-0.057,1.92,-0.848,1.708
2024-05-16 00:30:00,o,2.6,0.35,0.0,2.1827996969049597,0.022607377254,0.221,-0.0094225369547,2.74,-2.532,1.699
2024-05-16 00:30:00,o,2.6,0.35,0.95,1.7703069614262603,0.12861476691,0.355,-0.064,1.97,-0.931,1.71
2024-05-16 00:30:00,o,2.6,0.4,0.0,2.164994898829145,0.021346303861,0.228,-0.0097065061957,2.69,-2.419,1.66
2024-05-16 00:30:00,o,2.6,0.4,0.95,1.7703069614262603,0.12861476691,0.355,-0.064,1.97,-0.931,1.71
2024-05-16 00:30:00,o,2.6,0.45,0.0,2.1335963847187362,0.013088260693,0.242,-0.0062828273688,2.61,-2.238,1.621
2024-05-16 00:30:00,o,2.6,0.45,0.95,1.7763306410324564,0.14471440612,0.351,-0.068,1.99,-0.966,1.703
2024-05-16 00:30:00,o,2.6,0.5,0.0,2.1335963847187362,0.013088260693,0.242,-0.0062828273688,2.61,-2.238,1.621
2024-05-16 00:30:00,o,2.6,0.5,0.95,1.783767841036936,0.14989557838,0.347,-0.072,2.01,-1.001,1.635
2024-05-16 00:30:00,o,2.6,0.55,0.0,2.1161293582429033,0.0092520226605,0.25,-0.004731672706,2.56,-2.126,1.622
2024-05-16 00:30:00,o,2.6,0.55,0.95,1.783767841036936,0.14989557838,0.347,-0.072,2.01,-1.001,1.635
2024-05-16 00:30:00,o,2.6,0.6,0.0,2.1161293582429033,0.0092520226605,0.25,-0.004731672706,2.56,-2.126,1.622
2024-05-16 00:30:00,o,2.6,0.6,0.95,1.7779123227074614,0.13413404744,0.35,-0.069,1.99,-0.966,1.668
2024-05-16 00:30:00,o,2.6,0.65,0.0,2.072760748043998,0.0018108972116,0.272,-0.00054327334009,2.43,-1.839,1.599
2024-05-16 00:30:00,o,2.6,0.65,0.95,1.7779123227074614,0.13413404744,0.35,-0.069,1.99,-0.966,1.668
2024-05-16 00:30:00,o,2.6,0.7,0.0,2.072760748043998,0.0018108972116,0.272,-0.00054327334009,2.43,-1.839,1.599
2024-05-16 00:30:00,o,2.6,0.7,0.95,1.7712566738459108,0.11677209438,0.354,-0.065,1.97,-0.931,1.712
2024-05-16 00:30:00,o,2.6,0.75,0.0,2.072760748043998,0.0018108972116,0.272,-0.00054327334009,2.43,-1.839,1.599
2024-05-16 00:30:00,o,2.6,0.75,0.95,1.7654524711664392,0.10538424712,0.358,-0.061,1.95,-0.897,1.713
2024-05-16 00:30:00,o,2.6,0.8,0.0,2.084844278240215,0.01623917211,0.266,-0.0077480969637,2.47,-1.926,1.778
2024-05-16 00:30:00,o,2.6,0.8,0.95,1.7549290455449749,0.067989055095,0.364,-0.04337259321,1.9,-0.816,1.736
2024-05-16 00:30:00,o,2.6,0.85,0.0,2.084844278240215,0.01623917211,0.266,-0.0077480969637,2.47,-1.926,1.778
2024-05-16 00:30:00,o,2.6,0.85,0.95,1.7474195769489884,0.049162400242,0.368,-0.03178495793,1.87,-0.768,1.756
2024-05-16 00:30:00,o,2.6,0.9,0.0,2.084844278240215,0.01623917211,0.266,-0.0077480969637,2.47,-1.926,1.778
2024-05-16 00:30:00,o,2.6,0.9,0.95,1.7474195769489884,0.049162400242,0.368,-0.03178495793,1.87,-0.768,1.756
2024-05-16 00:30:00,o,2.6,0.95,0.0,2.1028383097960948,0.029640691904,0.257,-0.014393259256,2.52,-2.037,1.897
2024-05-16 00:30:00,o,2.6,0.95,0.95,1.7363885334974443,-0.0008836430381,0.375,0.00030568914917,1.82,-0.692,1.926
2024-05-16 00:30:00,o,2.6,1.0,0.0,2.1028383097960948,0.029640691904,0.257,-0.014393259256,2.52,-2.037,1.897
2024-05-16 00:30:00,o,2.6,1.0,0.95,1.743901550485179,-0.030790557529,0.371,0.018889811744,1.86,-0.753,2.148
2024-05-16 00:30:00,o,2.6,1.05,0.0,2.1028383097960948,0.029640691904,0.257,-0.014393259256,2.52,-2.037,1.897
2024-05-16 00:30:00,o,2.6,1.05,0.95,1.743901550485179,-0.030790557529,0.371,0.018889811744,1.86,-0.753,2.148
2024-05-16 00:30:00,o,2.6,1.1,0.0,2.1754683237545955,0.020220368927,0.224,-0.0085757700942,2.71,-2.464,2.283
2024-05-16 00:30:00,o,2.6,1.1,0.95,1.7337989199918555,-0.047058223768,0.377,0.028477746262,1.81,-0.678,2.436
2024-05-16 00:30:00,o,2.6,1.15,0.0,2.1508607807695688,0.083473715695,0.235,-0.039376075742,2.65,-2.328,2.388
2024-05-16 00:30:00,o,2.6,1.15,0.05,2.174077260602006,0.063080379742,0.224,-0.0287652143,2.71,-2.464,2.653
2024-05-16 00:30:00,o,2.6,1.15,0.1,2.161574617349424,0.054551298715,0.229,-0.024705389614,2.69,-2.419,2.74
2024-05-16 00:30:00,o,2.6,1.15,0.15,2.083602940301066,0.033610083381,0.253,-0.016703806123,2.54,-2.081,2.603
2024-05-16 00:30:00,o,2.6,1.15,0.2,2.043228628387238,0.034577366162,0.269,-0.017780196345,2.44,-1.861,2.068
2024-05-16 00:30:00,o,2.6,1.15,0.25,1.9821897951891745,0.018732535072,0.291,-0.010781183679,2.33,-1.625,1.935
2024-05-16 00:30:00,o,2.6,1.15,0.3,1.878291949249796,-0.016073965807,0.339,0.010138380969,2.06,-1.09,1.907
2024-05-16 00:30:00,o,2.6,1.15,0.35,1.8582182770714613,-0.0071996033001,0.345,0.0042278704028,2.02,-1.018,1.904
2024-05-16 00:30:00,o,2.6,1.15,0.4,1.8582182770714613,-0.0071996033001,0.345,0.0042278704028,2.02,-1.018,1.904
2024-05-16 00:30:00,o,2.6,1.15,0.45,1.7376537363055085,-0.019415689593,0.411,0.014449581144,1.38,-0.182,1.85
2024-05-16 00:30:00,o,2.6,1.15,0.5,1.7016543173257481,-0.024893596185,0.426,0.012983939539,0.63,0.226,1.89
2024-05-16 00:30:00,o,2.6,1.15,0.55,1.694157513347289,-0.028871043,0.426,0.01319683256,0.63,0.226,1.912
2024-05-16 00:30:00,o,2.6,1.15,0.6,1.6788369269009216,-0.024041460159,0.423,0.010186149777,0.98,0.086,1.867
2024-05-16 00:30:00,o,2.6,1.15,0.65,1.6691494542790102,-0.03506113867,0.42,0.020808160209,1.08,0.032,1.987
2024-05-16 00:30:00,o,2.6,1.15,0.7,1.6691494542790102,-0.03506113867,0.42,0.020808160209,1.08,0.032,1.987
2024-05-16 00:30:00,o,2.6,1.15,0.75,1.6800452823574643,-0.035941357322,0.412,0.023818682902,1.35,-0.156,2.078
2024-05-16 00:30:00,o,2.6,1.15,0.8,1.6905416054966977,-0.041594718348,0.405,0.027095015275,1.49,-0.285,2.367
2024-05-16 00:30:00,o,2.6,1.15,0.85,1.6965835256348845,-0.04993391178,0.401,0.032016762861,1.56,-0.358,2.785
2024-05-16 00:30:00,o,2.6,1.15,0.9,1.7188337183038622,-0.053443969856,0.386,0.032474620484,1.73,-0.565,2.792
2024-05-16 00:30:00,o,2.6,1.15,0.95,1.7337989199918555,-0.047058223768,0.377,0.028477746262,1.81,-0.678,2.436
2024-05-16 00:30:00,o,2.65,0.05,0.0,2.15324457380452,0.059178929327,0.233,-0.02794562225,2.66,-2.351,2.294
2024-05-16 00:30:00,o,2.65,0.05,0.05,2.15324457380452,0.059178929327,0.233,-0.02794562225,2.66,-2.351,2.294
2024-05-16 00:30:00,o,2.65,0.05,0.1,2.1656567545173004,0.044001723937,0.227,-0.019817347242,2.7,-2.441,2.666
2024-05-16 00:30:00,o,2.65,0.05,0.15,2.136945581177627,0.03832261894,0.229,-0.016982398221,2.69,-2.419,2.626
2024-05-16 00:30:00,o,2.65,0.05,0.2,2.136945581177627,0.03832261894,0.229,-0.016982398221,2.69,-2.419,2.626
2024-05-16 00:30:00,o,2.65,0.05,0.25,2.1261346555256924,0.054142248402,0.227,-0.024226659336,2.7,-2.441,1.91
2024-05-16 00:30:00,o,2.65,0.05,0.3,2.05347028468924,0.046132250707,0.246,-0.022841199388,2.58,-2.17,1.747
2024-05-16 00:30:00,o,2.65,0.05,0.35,1.9502479881202526,0.040670565589,0.289,-0.023318233601,2.34,-1.646,1.811
2024-05-16 00:30:00,o,2.65,0.05,0.4,1.873524038856849,0.037763732244,0.323,-0.023927425881,2.15,-1.26,1.821
2024-05-16 00:30:00,o,2.65,0.05,0.45,1.873524038856849,0.037763732244,0.323,-0.023927425881,2.15,-1.26,1.821
2024-05-16 00:30:00,o,2.65,0.05,0.5,1.740741544838336,0.038293774827,0.391,-0.027396374333,1.67,-0.487,1.772
2024-05-16 00:30:00,o,2.65,0.05,0.55,1.740741544838336,0.038293774827,0.391,-0.027396374333,1.67,-0.487,1.772
2024-05-16 00:30:00,o,2.65,0.05,0.6,1.7421042670361229,0.033224667893,0.388,-0.023250529123,1.71,-0.539,1.774
2024-05-16 00:30:00,o,2.65,0.05,0.65,1.712515015788978,0.025075241243,0.395,-0.016961096695,1.63,-0.438,1.793
2024-05-16 00:30:00,o,2.65,0.05,0.7,1.6794914915660188,0.018029032083,0.412,-0.007,1.35,-0.156,1.937
2024-05-16 00:30:00,o,2.65,0.05,0.75,1.67655644233987,0.0046249418081,0.414,-0.0036576532667,1.32,-0.132,2.004
2024-05-16 00:30:00,o,2.65,0.05,0.8,1.67655644233987,0.0046249418081,0.414,-0.0036576532667,1.32,-0.132,2.004
2024-05-16 00:30:00,o,2.65,0.05,0.85,1.7002709373564369,-0.02033483937,0.398,0.012786127679,1.6,-0.403,2.085
2024-05-16 00:30:00,o,2.65,0.05,0.9,1.7046308931822618,-0.028108556111,0.396,0.018473479796,1.61,-0.415,2.095
2024-05-16 00:30:00,o,2.65,0.05,0.95,1.7127843457088674,-0.075596169611,0.39,0.045806713021,1.69,-0.513,2.179
2024-05-16 00:30:00,o,2.65,0.1,0.0,2.15324457380452,0.059178929327,0.233,-0.02794562225,2.66,-2.351,2.294
2024-05-16 00:30:00,o,2.65,0.1,0.95,1.7046308931822618,-0.028108556111,0.396,0.018473479796,1.61,-0.415,2.095
2024-05-16 00:30:00,o,2.65,0.15,0.0,2.230418264215168,0.042021378534,0.202,-0.016515378998,2.86,-2.806,1.806
2024-05-16 00:30:00,o,2.65,0.15,0.95,1.7073061129149343,0.019509701534,0.394,-0.012793401121,1.65,-0.463,1.945
2024-05-16 00:30:00,o,2.65,0.2,0.0,2.230418264215168,0.042021378534,0.202,-0.016515378998,2.86,-2.806,1.806
2024-05-16 00:30:00,o,2.65,0.2,0.95,1.7330928934483867,0.041693094349,0.377,-0.027365460413,1.81,-0.678,1.825
2024-05-16 00:30:00,o,2.65,0.25,0.0,2.230418264215168,0.042021378534,0.202,-0.016515378998,2.86,-2.806,1.806
2024-05-16 00:30:00,o,2.65,0.25,0.95,1.7424265985183494,0.078951828913,0.371,-0.048,1.86,-0.753,1.765
2024-05-16 00:30:00,o,2.65,0.3,0.0,2.1827996969049597,0.022607377254,0.221,-0.0094225369547,2.74,-2.532,1.699
2024-05-16 00:30:00,o,2.65,0.3,0.95,1.7424265985183494,0.078951828913,0.371,-0.048,1.86,-0.753,1.765
2024-05-16 00:30:00,o,2.65,0.35,0.0,2.1827996969049597,0.022607377254,0.221,-0.0094225369547,2.74,-2.532,1.699
2024-05-16 00:30:00,o,2.65,0.35,0.95,1.751933133091522,0.10946861285,0.366,-0.053,1.88,-0.784,1.754
2024-05-16 00:30:00,o,2.65,0.4,0.0,2.1827996969049597,0.022607377254,0.221,-0.0094225369547,2.74,-2.532,1.699
2024-05-16 00:30:00,o,2.65,0.4,0.95,1.7703069614262603,0.12861476691,0.355,-0.064,1.97,-0.931,1.71
2024-05-16 00:30:00,o,2.65,0.45,0.0,2.1513177440434803,0.0058198923579,0.234,-0.0028810056813,2.65,-2.328,1.721
2024-05-16 00:30:00,o,2.65,0.45,0.95,1.7763306410324564,0.14471440612,0.351,-0.068,1.99,-0.966,1.703
2024-05-16 00:30:00,o,2.65,0.5,0.0,2.1161293582429033,0.0092520226605,0.25,-0.004731672706,2.56,-2.126,1.622
2024-05-16 00:30:00,o,2.65,0.5,0.95,1.7763306410324564,0.14471440612,0.351,-0.068,1.99,-0.966,1.703
2024-05-16 00:30:00,o,2.65,0.55,0.0,2.1161293582429033,0.0092520226605,0.25,-0.004731672706,2.56,-2.126,1.622
2024-05-16 00:30:00,o,2.65,0.55,0.95,1.7740349599312522,0.14448265839,0.352,-0.067,1.98,-0.948,1.629
2024-05-16 00:30:00,o,2.65,0.6,0.0,2.1161293582429033,0.0092520226605,0.25,-0.004731672706,2.56,-2.126,1.622
2024-05-16 00:30:00,o,2.65,0.6,0.95,1.7720795493940338,0.13536102669,0.354,-0.065,1.97,-0.931,1.642
2024-05-16 00:30:00,o,2.65,0.65,0.0,2.072760748043998,0.0018108972116,0.272,-0.00054327334009,2.43,-1.839,1.599
2024-05-16 00:30:00,o,2.65,0.65,0.95,1.7720795493940338,0.13536102669,0.354,-0.065,1.97,-0.931,1.642
2024-05-16 00:30:00,o,2.65,0.7,0.0,2.072760748043998,0.0018108972116,0.272,-0.00054327334009,2.43,-1.839,1.599
2024-05-16 00:30:00,o,2.65,0.7,0.95,1.7654524711664392,0.10538424712,0.358,-0.061,1.95,-0.897,1.713
2024-05-16 00:30:00,o,2.65,0.75,0.0,2.065206128054312,0.0093921915244,0.276,-0.0044151094046,2.41,-1.796,1.586
2024-05-16 00:30:00,o,2.65,0.75,0.95,1.7654524711664392,0.10538424712,0.358,-0.061,1.95,-0.897,1.713
2024-05-16 00:30:00,o,2.65,0.8,0.0,2.0576508919277647,0.014111787903,0.279,-0.0079656197071,2.4,-1.774,1.59
2024-05-16 00:30:00,o,2.65,0.8,0.95,1.7549290455449749,0.067989055095,0.364,-0.04337259321,1.9,-0.816,1.736
2024-05-16 00:30:00,o,2.65,0.85,0.0,2.0576508919277647,0.014111787903,0.279,-0.0079656197071,2.4,-1.774,1.59
2024-05-16 00:30:00,o,2.65,0.85,0.95,1.7549290455449749,0.067989055095,0.364,-0.04337259321,1.9,-0.816,1.736
2024-05-16 00:30:00,o,2.65,0.9,0.0,2.084844278240215,0.01623917211,0.266,-0.0077480969637,2.47,-1.926,1.778
2024-05-16 00:30:00,o,2.65,0.9,0.95,1.742544464923302,0.016796131928,0.371,-0.010936848705,1.86,-0.753,1.925
2024-05-16 00:30:00,o,2.65,0.95,0.0,2.1028383097960948,0.029640691904,0.257,-0.014393259256,2.52,-2.037,1.897
2024-05-16 00:30:00,o,2.65,0.95,0.95,1.742544464923302,0.016796131928,0.371,-0.010936848705,1.86,-0.753,1.925
2024-05-16 00:30:00,o,2.65,1.0,0.0,2.1028383097960948,0.029640691904,0.257,-0.014393259256,2.52,-2.037,1.897
2024-05-16 00:30:00,o,2.65,1.0,0.95,1.7454261467486107,-0.01516218137,0.37,0.0095421575502,1.86,-0.753,2.083
2024-05-16 00:30:00,o,2.65,1.05,0.0,2.104493939788302,0.045063064402,0.256,-0.022513592552,2.53,-2.059,1.9
2024-05-16 00:30:00,o,2.65,1.05,0.95,1.7454261467486107,-0.01516218137,0.37,0.0095421575502,1.86,-0.753,2.083
2024-05-16 00:30:00,o,2.65,1.1,0.0,2.116295524130523,0.068794804452,0.25,-0.03483493506,2.56,-2.126,2.151
2024-05-16 00:30:00,o,2.65,1.1,0.95,1.736268984260046,-0.032886706454,0.375,0.019636252926,1.82,-0.692,2.273
2024-05-16 00:30:00,o,2.65,1.15,0.0,2.1508607807695688,0.083473715695,0.235,-0.039376075742,2.65,-2.328,2.388
2024-05-16 00:30:00,o,2.65,1.15,0.05,2.1144541829595074,0.074473272969,0.251,-0.037892914234,2.55,-2.103,2.69
2024-05-16 00:30:00,o,2.65,1.15,0.1,2.103423974763229,0.061486788916,0.256,-0.031831701705,2.53,-2.059,2.652
2024-05-16 00:30:00,o,2.65,1.15,0.15,2.063985999179687,0.043090465234,0.264,-0.022359595664,2.48,-1.948,2.105
2024-05-16 00:30:00,o,2.65,1.15,0.2,2.063985999179687,0.043090465234,0.264,-0.022359595664,2.48,-1.948,2.105
2024-05-16 00:30:00,o,2.65,1.15,0.25,1.9821897951891745,0.018732535072,0.291,-0.010781183679,2.33,-1.625,1.935
2024-05-16 00:30:00,o,2.65,1.15,0.3,1.9145282614771808,0.008247105705,0.319,-0.0049852870706,2.17,-1.299,1.863
2024-05-16 00:30:00,o,2.65,1.15,0.35,1.9145282614771808,0.008247105705,0.319,-0.0049852870706,2.17,-1.299,1.863
2024-05-16 00:30:00,o,2.65,1.15,0.4,1.8582182770714613,-0.0071996033001,0.345,0.0042278704028,2.02,-1.018,1.904
2024-05-16 00:30:00,o,2.65,1.15,0.45,1.7376537363055085,-0.019415689593,0.411,0.014449581144,1.38,-0.182,1.85
2024-05-16 00:30:00,o,2.65,1.15,0.5,1.7016543173257481,-0.024893596185,0.426,0.012983939539,0.63,0.226,1.89
2024-05-16 00:30:00,o,2.65,1.15,0.55,1.7016543173257481,-0.024893596185,0.426,0.012983939539,0.63,0.226,1.89
2024-05-16 00:30:00,o,2.65,1.15,0.6,1.6919651027673603,-0.023954714666,0.425,0.010641343502,0.79,0.17,1.882
2024-05-16 00:30:00,o,2.65,1.15,0.65,1.6717095914878397,-0.034683842053,0.42,0.022286914868,1.08,0.032,2.029
2024-05-16 00:30:00,o,2.65,1.15,0.7,1.6717095914878397,-0.034683842053,0.42,0.022286914868,1.08,0.032,2.029
2024-05-16 00:30:00,o,2.65,1.15,0.75,1.6800452823574643,-0.035941357322,0.412,0.023818682902,1.35,-0.156,2.078
2024-05-16 00:30:00,o,2.65,1.15,0.8,1.6905416054966977,-0.041594718348,0.405,0.027095015275,1.49,-0.285,2.367
2024-05-16 00:30:00,o,2.65,1.15,0.85,1.7019045839021418,-0.032519174239,0.397,0.020528386811,1.61,-0.415,2.247
2024-05-16 00:30:00,o,2.65,1.15,0.9,1.736268984260046,-0.032886706454,0.375,0.019636252926,1.82,-0.692,2.273
2024-05-16 00:30:00,o,2.65,1.15,0.95,1.7477535152321828,-0.044056390534,0.368,0.025762111268,1.87,-0.768,2.881
2024-05-16 00:30:00,o,2.7,0.05,0.0,2.1603994947194285,0.035513962444,0.23,-0.016246671242,2.68,-2.396,2.188
2024-05-16 00:30:00,o,2.7,0.05,0.05,2.151507748265417,0.043714587152,0.234,-0.020293186529,2.65,-2.328,2.744
2024-05-16 00:30:00,o,2.7,0.05,0.1,2.1656567545173004,0.044001723937,0.227,-0.019817347242,2.7,-2.441,2.666
2024-05-16 00:30:00,o,2.7,0.05,0.15,2.136945581177627,0.03832261894,0.229,-0.016982398221,2.69,-2.419,2.626
2024-05-16 00:30:00,o,2.7,0.05,0.2,2.136945581177627,0.03832261894,0.229,-0.016982398221,2.69,-2.419,2.626
2024-05-16 00:30:00,o,2.7,0.05,0.25,2.1396681820812793,0.024980485937,0.224,-0.010880655035,2.71,-2.464,2.434
2024-05-16 00:30:00,o,2.7,0.05,0.3,2.0538387537370855,0.03875995531,0.248,-0.018448410807,2.57,-2.148,1.662
2024-05-16 00:30:00,o,2.7,0.05,0.35,1.873524038856849,0.037763732244,0.323,-0.023927425881,2.15,-1.26,1.821
2024-05-16 00:30:00,o,2.7,0.05,0.4,1.873524038856849,0.037763732244,0.323,-0.023927425881,2.15,-1.26,1.821
2024-05-16 00:30:00,o,2.7,0.05,0.45,1.8360771433858927,0.032797605807,0.349,-0.022016242035,2.0,-0.983,1.919
2024-05-16 00:30:00,o,2.7,0.05,0.5,1.7550893680155706,0.036571071646,0.39,-0.027760238127,1.69,-0.513,1.81
2024-05-16 00:30:00,o,2.7,0.05,0.55,1.7550893680155706,0.036571071646,0.39,-0.027760238127,1.69,-0.513,1.81
2024-05-16 00:30:00,o,2.7,0.05,0.6,1.740741544838336,0.038293774827,0.391,-0.027396374333,1.67,-0.487,1.772
2024-05-16 00:30:00,o,2.7,0.05,0.65,1.6925384871257463,0.041405908575,0.409,-0.011,1.42,-0.217,1.752
2024-05-16 00:30:00,o,2.7,0.05,0.7,1.6623894693147085,0.03096599491,0.419,0.0,1.13,0.002,1.87
2024-05-16 00:30:00,o,2.7,0.05,0.75,1.6623894693147085,0.03096599491,0.419,0.0,1.13,0.002,1.87
2024-05-16 00:30:00,o,2.7,0.05,0.8,1.6635030455194446,0.025393338055,0.419,0.0,1.13,0.002,1.834
2024-05-16 00:30:00,o,2.7,0.05,0.85,1.6488672048817026,-0.028675876307,0.419,0.0052179142291,1.13,0.002,2.773
2024-05-16 00:30:00,o,2.7,0.05,0.9,1.6844862921887342,-0.048710972918,0.409,0.031760508656,1.42,-0.217,2.755
2024-05-16 00:30:00,o,2.7,0.05,0.95,1.6984572342534907,-0.063756032675,0.4,0.040513915011,1.57,-0.369,2.675
2024-05-16 00:30:00,o,2.7,0.1,0.0,2.1603994947194285,0.035513962444,0.23,-0.016246671242,2.68,-2.396,2.188
2024-05-16 00:30:00,o,2.7,0.1,0.95,1.6809968779969966,-0.0031120714791,0.411,0.001706916479,1.38,-0.182,2.148
2024-05-16 00:30:00,o,2.7,0.15,0.0,2.228662088550952,0.033194178949,0.203,-0.012627936814,2.86,-2.806,1.914
2024-05-16 00:30:00,o,2.7,0.15,0.95,1.7073061129149343,0.019509701534,0.394,-0.012793401121,1.65,-0.463,1.945
2024-05-16 00:30:00,o,2.7,0.2,0.0,2.228662088550952,0.033194178949,0.203,-0.012627936814,2.86,-2.806,1.914
2024-05-16 00:30:00,o,2.7,0.2,0.95,1.7073061129149343,0.019509701534,0.394,-0.012793401121,1.65,-0.463,1.945
2024-05-16 00:30:00,o,2.7,0.25,0.0,2.230418264215168,0.042021378534,0.202,-0.016515378998,2.86,-2.806,1.806
2024-05-16 00:30:00,o,2.7,0.25,0.95,1.7424265985183494,0.078951828913,0.371,-0.048,1.86,-0.753,1.765
2024-05-16 00:30:00,o,2.7,0.3,0.0,2.1827996969049597,0.022607377254,0.221,-0.0094225369547,2.74,-2.532,1.699
2024-05-16 00:30:00,o,2.7,0.3,0.95,1.7424265985183494,0.078951828913,0.371,-0.048,1.86,-0.753,1.765
2024-05-16 00:30:00,o,2.7,0.35,0.0,2.1827996969049597,0.022607377254,0.221,-0.0094225369547,2.74,-2.532,1.699
2024-05-16 00:30:00,o,2.7,0.35,0.95,1.751933133091522,0.10946861285,0.366,-0.053,1.88,-0.784,1.754
2024-05-16 00:30:00,o,2.7,0.4,0.0,2.1513177440434803,0.0058198923579,0.234,-0.0028810056813,2.65,-2.328,1.721
2024-05-16 00:30:00,o,2.7,0.4,0.95,1.751933133091522,0.10946861285,0.366,-0.053,1.88,-0.784,1.754
2024-05-16 00:30:00,o,2.7,0.45,0.0,2.1513177440434803,0.0058198923579,0.234,-0.0028810056813,2.65,-2.328,1.721
2024-05-16 00:30:00,o,2.7,0.45,0.95,1.768038405399137,0.14309660074,0.356,-0.063,1.96,-0.914,1.685
2024-05-16 00:30:00,o,2.7,0.5,0.0,2.127538875844126,0.0073270075871,0.245,-0.0034212377913,2.59,-2.193,1.615
2024-05-16 00:30:00,o,2.7,0.5,0.95,1.768038405399137,0.14309660074,0.356,-0.063,1.96,-0.914,1.685
2024-05-16 00:30:00,o,2.7,0.55,0.0,2.127538875844126,0.0073270075871,0.245,-0.0034212377913,2.59,-2.193,1.615
2024-05-16 00:30:00,o,2.7,0.55,0.95,1.7740349599312522,0.14448265839,0.352,-0.067,1.98,-0.948,1.629
2024-05-16 00:30:00,o,2.7,0.6,0.0,2.1161293582429033,0.0092520226605,0.25,-0.004731672706,2.56,-2.126,1.622
2024-05-16 00:30:00,o,2.7,0.6,0.95,1.7720795493940338,0.13536102669,0.354,-0.065,1.97,-0.931,1.642
2024-05-16 00:30:00,o,2.7,0.65,0.0,2.072760748043998,0.0018108972116,0.272,-0.00054327334009,2.43,-1.839,1.599
2024-05-16 00:30:00,o,2.7,0.65,0.95,1.7720795493940338,0.13536102669,0.354,-0.065,1.97,-0.931,1.642
2024-05-16 00:30:00,o,2.7,0.7,0.0,2.065206128054312,0.0093921915244,0.276,-0.0044151094046,2.41,-1.796,1.586
2024-05-16 00:30:00,o,2.7,0.7,0.95,1.7665987210642644,0.12067563158,0.357,-0.062,1.95,-0.897,1.684
2024-05-16 00:30:00,o,2.7,0.75,0.0,2.065206128054312,0.0093921915244,0.276,-0.0044151094046,2.41,-1.796,1.586
2024-05-16 00:30:00,o,2.7,0.75,0.95,1.7665987210642644,0.12067563158,0.357,-0.062,1.95,-0.897,1.684
2024-05-16 00:30:00,o,2.7,0.8,0.0,2.0576508919277647,0.014111787903,0.279,-0.0079656197071,2.4,-1.774,1.59
2024-05-16 00:30:00,o,2.7,0.8,0.95,1.7489628612561614,0.040057793035,0.367,-0.025775136457,1.88,-0.784,1.785
2024-05-16 00:30:00,o,2.7,0.85,0.0,2.0576508919277647,0.014111787903,0.279,-0.0079656197071,2.4,-1.774,1.59
2024-05-16 00:30:00,o,2.7,0.85,0.95,1.7489628612561614,0.040057793035,0.367,-0.025775136457,1.88,-0.784,1.785
2024-05-16 00:30:00,o,2.7,0.9,0.0,2.0576508919277647,0.014111787903,0.279,-0.0079656197071,2.4,-1.774,1.59
2024-05-16 00:30:00,o,2.7,0.9,0.95,1.7489628612561614,0.040057793035,0.367,-0.025775136457,1.88,-0.784,1.785
2024-05-16 00:30:00,o,2.7,0.95,0.0,2.104493939788302,0.045063064402,0.256,-0.022513592552,2.53,-2.059,1.9
2024-05-16 00:30:00,o,2.7,0.95,0.95,1.7489628612561614,0.040057793035,0.367,-0.025775136457,1.88,-0.784,1.785
2024-05-16 00:30:00,o,2.7,1.0,0.0,2.104493939788302,0.045063064402,0.256,-0.022513592552,2.53,-2.059,1.9
2024-05-16 00:30:00,o,2.7,1.0,0.95,1.7590026761801882,0.0036691210055,0.361,-0.0026183580089,1.92,-0.848,1.914
2024-05-16 00:30:00,o,2.7,1.05,0.0,2.104493939788302,0.045063064402,0.256,-0.022513592552,2.53,-2.059,1.9
2024-05-16 00:30:00,o,2.7,1.05,0.95,1.7556004777659848,-0.013621715434,0.363,0.0076755119468,1.91,-0.832,2.062
2024-05-16 00:30:00,o,2.7,1.1,0.0,2.116295524130523,0.068794804452,0.25,-0.03483493506,2.56,-2.126,2.151
2024-05-16 00:30:00,o,2.7,1.1,0.95,1.758563711990535,-0.028627458978,0.362,0.017125956837,1.92,-0.848,2.287
2024-05-16 00:30:00,o,2.7,1.15,0.0,2.116295524130523,0.068794804452,0.25,-0.03483493506,2.56,-2.126,2.151
2024-05-16 00:30:00,o,2.7,1.15,0.05,2.1144541829595074,0.074473272969,0.251,-0.037892914234,2.55,-2.103,2.69
2024-05-16 00:30:00,o,2.7,1.15,0.1,2.103423974763229,0.061486788916,0.256,-0.031831701705,2.53,-2.059,2.652
2024-05-16 00:30:00,o,2.7,1.15,0.15,2.083330587947684,0.050893156706,0.257,-0.025709314626,2.52,-2.037,2.622
2024-05-16 00:30:00,o,2.7,1.15,0.2,2.063985999179687,0.043090465234,0.264,-0.022359595664,2.48,-1.948,2.105
2024-05-16 00:30:00,o,2.7,1.15,0.25,1.9981328688064934,0.021778303824,0.286,-0.012303984238,2.35,-1.667,1.766
2024-05-16 00:30:00,o,2.7,1.15,0.3,1.9092296509261317,0.0087587410209,0.322,-0.0055576788487,2.16,-1.279,1.882
2024-05-16 00:30:00,o,2.7,1.15,0.35,1.9092296509261317,0.0087587410209,0.322,-0.0055576788487,2.16,-1.279,1.882
2024-05-16 00:30:00,o,2.7,1.15,0.4,1.7920272896792346,-0.0043249832007,0.383,0.0034792437365,1.75,-0.592,1.78
2024-05-16 00:30:00,o,2.7,1.15,0.45,1.774115331389871,-0.0087011522416,0.389,0.0062453344071,1.69,-0.513,1.816
2024-05-16 00:30:00,o,2.7,1.15,0.5,1.6919651027673603,-0.023954714666,0.425,0.010641343502,0.79,0.17,1.882
2024-05-16 00:30:00,o,2.7,1.15,0.55,1.6919651027673603,-0.023954714666,0.425,0.010641343502,0.79,0.17,1.882
2024-05-16 00:30:00,o,2.7,1.15,0.6,1.6919651027673603,-0.023954714666,0.425,0.010641343502,0.79,0.17,1.882
2024-05-16 00:30:00,o,2.7,1.15,0.65,1.677223582548266,-0.028169674295,0.421,0.0159504811,1.03,0.06,1.934
2024-05-16 00:30:00,o,2.7,1.15,0.7,1.6717095914878397,-0.034683842053,0.42,0.022286914868,1.08,0.032,2.029
2024-05-16 00:30:00,o,2.7,1.15,0.75,1.6877429345225774,-0.027407687185,0.407,0.018279166901,1.45,-0.245,2.013
2024-05-16 00:30:00,o,2.7,1.15,0.8,1.7019045839021418,-0.032519174239,0.397,0.020528386811,1.61,-0.415,2.247
2024-05-16 00:30:00,o,2.7,1.15,0.85,1.721357130022457,-0.026675764108,0.385,0.016944566443,1.73,-0.565,2.21
2024-05-16 00:30:00,o,2.7,1.15,0.9,1.7412067688750579,-0.038230981106,0.372,0.022654939188,1.84,-0.722,2.898
2024-05-16 00:30:00,o,2.7,1.15,0.95,1.7477535152321828,-0.044056390534,0.368,0.025762111268,1.87,-0.768,2.881
2024-05-16 00:30:00,o,2.75,0.05,0.0,2.1125748411483056,0.026417965967,0.252,-0.012856983287,2.55,-2.103,2.303
2024-05-16 00:30:00,o,2.75,0.05,0.05,2.1603994947194285,0.035513962444,0.23,-0.016246671242,2.68,-2.396,2.188
2024-05-16 00:30:00,o,2.75,0.05,0.1,2.2028396428487222,0.033347427376,0.213,-0.01342636774,2.79,-2.646,2.068
2024-05-16 00:30:00,o,2.75,0.05,0.15,2.1396681820812793,0.024980485937,0.224,-0.010880655035,2.71,-2.464,2.434
2024-05-16 00:30:00,o,2.75,0.05,0.2,2.1396681820812793,0.024980485937,0.224,-0.010880655035,2.71,-2.464,2.434
2024-05-16 00:30:00,o,2.75,0.05,0.25,2.0853262624239886,0.0084419833591,0.247,-0.0042594036626,2.58,-2.17,2.393
2024-05-16 00:30:00,o,2.75,0.05,0.3,1.9434351549726565,0.0083664355506,0.301,-0.0052733808175,2.28,-1.52,1.974
2024-05-16 00:30:00,o,2.75,0.05,0.35,1.895588275666263,0.023373712269,0.319,-0.014194902383,2.17,-1.299,1.82
2024-05-16 00:30:00,o,2.75,0.05,0.4,1.8360771433858927,0.032797605807,0.349,-0.022016242035,2.0,-0.983,1.919
2024-05-16 00:30:00,o,2.75,0.05,0.45,1.8360771433858927,0.032797605807,0.349,-0.022016242035,2.0,-0.983,1.919
2024-05-16 00:30:00,o,2.75,0.05,0.5,1.7550893680155706,0.036571071646,0.39,-0.027760238127,1.69,-0.513,1.81
2024-05-16 00:30:00,o,2.75,0.05,0.55,1.7550893680155706,0.036571071646,0.39,-0.027760238127,1.69,-0.513,1.81
2024-05-16 00:30:00,o,2.75,0.05,0.6,1.7075020461296575,0.038194465331,0.417,-0.007,1.23,-0.064,1.839
2024-05-16 00:30:00,o,2.75,0.05,0.65,1.6547539332529302,0.042680357782,0.42,0.0,1.08,0.032,1.841
2024-05-16 00:30:00,o,2.75,0.05,0.7,1.6373796409223318,0.036962213557,0.419,0.0,1.13,0.002,1.989
2024-05-16 00:30:00,o,2.75,0.05,0.75,1.6373796409223318,0.036962213557,0.419,0.0,1.13,0.002,1.989
2024-05-16 00:30:00,o,2.75,0.05,0.8,1.6339731557896735,0.034057349185,0.419,0.0,1.13,0.002,2.017
2024-05-16 00:30:00,o,2.75,0.05,0.85,1.6173778243970791,0.019649738621,0.419,0.0,1.13,0.002,2.487
2024-05-16 00:30:00,o,2.75,0.05,0.9,1.6809968779969966,-0.0031120714791,0.411,0.001706916479,1.38,-0.182,2.148
2024-05-16 00:30:00,o,2.75,0.05,0.95,1.6975083178660846,-0.025873460353,0.4,0.016558573683,1.57,-0.369,2.093
2024-05-16 00:30:00,o,2.75,0.1,0.0,2.1603994947194285,0.035513962444,0.23,-0.016246671242,2.68,-2.396,2.188
2024-05-16 00:30:00,o,2.75,0.1,0.95,1.6809968779969966,-0.0031120714791,0.411,0.001706916479,1.38,-0.182,2.148
2024-05-16 00:30:00,o,2.75,0.15,0.0,2.228662088550952,0.033194178949,0.203,-0.012627936814,2.86,-2.806,1.914
2024-05-16 00:30:00,o,2.75,0.15,0.95,1.685464059562619,0.028886768167,0.408,-0.011,1.45,-0.245,1.903
2024-05-16 00:30:00,o,2.75,0.2,0.0,2.228662088550952,0.033194178949,0.203,-0.012627936814,2.86,-2.806,1.914
2024-05-16 00:30:00,o,2.75,0.2,0.95,1.7000890411617542,0.040087321059,0.399,-0.02,1.57,-0.369,1.851
2024-05-16 00:30:00,o,2.75,0.25,0.0,2.228662088550952,0.033194178949,0.203,-0.012627936814,2.86,-2.806,1.914
2024-05-16 00:30:00,o,2.75,0.25,0.95,1.7206057767261207,0.068204703564,0.385,-0.034,1.73,-0.565,1.714
2024-05-16 00:30:00,o,2.75,0.3,0.0,2.1450658183495404,0.0011864147598,0.237,-0.00060331727141,2.64,-2.305,1.739
2024-05-16 00:30:00,o,2.75,0.3,0.95,1.7368982408204767,0.11212126944,0.375,-0.044,1.82,-0.692,1.71
2024-05-16 00:30:00,o,2.75,0.35,0.0,2.1513177440434803,0.0058198923579,0.234,-0.0028810056813,2.65,-2.328,1.721
2024-05-16 00:30:00,o,2.75,0.35,0.95,1.7368982408204767,0.11212126944,0.375,-0.044,1.82,-0.692,1.71
2024-05-16 00:30:00,o,2.75,0.4,0.0,2.1513177440434803,0.0058198923579,0.234,-0.0028810056813,2.65,-2.328,1.721
2024-05-16 00:30:00,o,2.75,0.4,0.95,1.7368982408204767,0.11212126944,0.375,-0.044,1.82,-0.692,1.71
2024-05-16 00:30:00,o,2.75,0.45,0.0,2.1513177440434803,0.0058198923579,0.234,-0.0028810056813,2.65,-2.328,1.721
2024-05-16 00:30:00,o,2.75,0.45,0.95,1.7492878798604499,0.12701167121,0.367,-0.052,1.88,-0.784,1.678
2024-05-16 00:30:00,o,2.75,0.5,0.0,2.127538875844126,0.0073270075871,0.245,-0.0034212377913,2.59,-2.193,1.615
2024-05-16 00:30:00,o,2.75,0.5,0.95,1.768038405399137,0.14309660074,0.356,-0.063,1.96,-0.914,1.685
2024-05-16 00:30:00,o,2.75,0.55,0.0,2.127538875844126,0.0073270075871,0.245,-0.0034212377913,2.59,-2.193,1.615
2024-05-16 00:30:00,o,2.75,0.55,0.95,1.7740349599312522,0.14448265839,0.352,-0.067,1.98,-0.948,1.629
2024-05-16 00:30:00,o,2.75,0.6,0.0,2.0975210695556457,0.0091687737561,0.259,-0.0047653747485,2.5,-1.992,1.605
2024-05-16 00:30:00,o,2.75,0.6,0.95,1.7720795493940338,0.13536102669,0.354,-0.065,1.97,-0.931,1.642
2024-05-16 00:30:00,o,2.75,0.65,0.0,2.057753562468009,0.011840188168,0.279,-0.0066867544933,2.4,-1.774,1.557
2024-05-16 00:30:00,o,2.75,0.65,0.95,1.7665987210642644,0.12067563158,0.357,-0.062,1.95,-0.897,1.684
2024-05-16 00:30:00,o,2.75,0.7,0.0,2.065206128054312,0.0093921915244,0.276,-0.0044151094046,2.41,-1.796,1.586
2024-05-16 00:30:00,o,2.75,0.7,0.95,1.759546980712811,0.11033872853,0.361,-0.058,1.92,-0.848,1.64
2024-05-16 00:30:00,o,2.75,0.75,0.0,2.065206128054312,0.0093921915244,0.276,-0.0044151094046,2.41,-1.796,1.586
2024-05-16 00:30:00,o,2.75,0.75,0.95,1.750994100987553,0.087264914404,0.366,-0.053,1.88,-0.784,1.617
2024-05-16 00:30:00,o,2.75,0.8,0.0,2.0576508919277647,0.014111787903,0.279,-0.0079656197071,2.4,-1.774,1.59
2024-05-16 00:30:00,o,2.75,0.8,0.95,1.7450669804599805,0.059585000762,0.37,-0.038360534364,1.86,-0.753,1.639
2024-05-16 00:30:00,o,2.75,0.85,0.0,2.0576508919277647,0.014111787903,0.279,-0.0079656197071,2.4,-1.774,1.59
2024-05-16 00:30:00,o,2.75,0.85,0.95,1.7489473781109377,0.032910628493,0.367,-0.021149002937,1.88,-0.784,1.808
2024-05-16 00:30:00,o,2.75,0.9,0.0,2.046268788365042,0.016061849415,0.285,-0.0092538544184,2.36,-1.688,1.618
2024-05-16 00:30:00,o,2.75,0.9,0.95,1.7489473781109377,0.032910628493,0.367,-0.021149002937,1.88,-0.784,1.808
2024-05-16 00:30:00,o,2.75,0.95,0.0,2.079871948559608,0.026536079347,0.268,-0.013725381395,2.46,-1.904,1.749
2024-05-16 00:30:00,o,2.75,0.95,0.95,1.753069567964804,0.027019179526,0.365,-0.016745237138,1.9,-0.816,1.835
2024-05-16 00:30:00,o,2.75,1.0,0.0,2.079871948559608,0.026536079347,0.268,-0.013725381395,2.46,-1.904,1.749
2024-05-16 00:30:00,o,2.75,1.0,0.95,1.7590026761801882,0.0036691210055,0.361,-0.0026183580089,1.92,-0.848,1.914
2024-05-16 00:30:00,o,2.75,1.05,0.0,2.104493939788302,0.045063064402,0.256,-0.022513592552,2.53,-2.059,1.9
2024-05-16 00:30:00,o,2.75,1.05,0.95,1.7556004777659848,-0.013621715434,0.363,0.0076755119468,1.91,-0.832,2.062
2024-05-16 00:30:00,o,2.75,1.1,0.0,2.116295524130523,0.068794804452,0.25,-0.03483493506,2.56,-2.126,2.151
2024-05-16 00:30:00,o,2.75,1.1,0.95,1.758563711990535,-0.028627458978,0.362,0.017125956837,1.92,-0.848,2.287
2024-05-16 00:30:00,o,2.75,1.15,0.0,2.1168931954590056,0.060964698575,0.25,-0.03035468349,2.56,-2.126,2.126
2024-05-16 00:30:00,o,2.75,1.15,0.05,2.116295524130523,0.068794804452,0.25,-0.03483493506,2.56,-2.126,2.151
2024-05-16 00:30:00,o,2.75,1.15,0.1,2.1111347611998696,0.057039031876,0.253,-0.028322957713,2.54,-2.081,1.988
2024-05-16 00:30:00,o,2.75,1.15,0.15,2.0848728551807763,0.040070559263,0.256,-0.019684394271,2.53,-2.059,2.409
2024-05-16 00:30:00,o,2.75,1.15,0.2,2.012166290961589,0.017202797921,0.281,-0.0094697034265,2.39,-1.752,2.041
2024-05-16 00:30:00,o,2.75,1.15,0.25,1.958157587278824,0.014237888621,0.302,-0.0082284051139,2.27,-1.5,1.847
2024-05-16 00:30:00,o,2.75,1.15,0.3,1.9092296509261317,0.0087587410209,0.322,-0.0055576788487,2.16,-1.279,1.882
2024-05-16 00:30:00,o,2.75,1.15,0.35,1.8552889246344884,6.060359913e-06,0.352,-3.793245631e-05,1.98,-0.948,1.831
2024-05-16 00:30:00,o,2.75,1.15,0.4,1.8552889246344884,6.060359913e-06,0.352,-3.793245631e-05,1.98,-0.948,1.831
2024-05-16 00:30:00,o,2.75,1.15,0.45,1.7643629658980102,-0.010088303259,0.397,0.0074028049311,1.61,-0.415,1.787
2024-05-16 00:30:00,o,2.75,1.15,0.5,1.716779368873068,-0.015195979959,0.421,0.011416366538,1.03,0.06,1.83
2024-05-16 00:30:00,o,2.75,1.15,0.55,1.6919651027673603,-0.023954714666,0.425,0.010641343502,0.79,0.17,1.882
2024-05-16 00:30:00,o,2.75,1.15,0.6,1.6919651027673603,-0.023954714666,0.425,0.010641343502,0.79,0.17,1.882
2024-05-16 00:30:00,o,2.75,1.15,0.65,1.6836323105261255,-0.022931863103,0.413,0.016004478982,1.35,-0.156,1.973
2024-05-16 00:30:00,o,2.75,1.15,0.7,1.6836323105261255,-0.022931863103,0.413,0.016004478982,1.35,-0.156,1.973
2024-05-16 00:30:00,o,2.75,1.15,0.75,1.6836323105261255,-0.022931863103,0.413,0.016004478982,1.35,-0.156,1.973
2024-05-16 00:30:00,o,2.75,1.15,0.8,1.7129357704207988,-0.031584082083,0.39,0.019790213099,1.69,-0.513,2.924
2024-05-16 00:30:00,o,2.75,1.15,0.85,1.7255931417665027,-0.031073388845,0.382,0.019185981911,1.77,-0.62,2.865
2024-05-16 00:30:00,o,2.75,1.15,0.9,1.7412067688750579,-0.038230981106,0.372,0.022654939188,1.84,-0.722,2.898
2024-05-16 00:30:00,o,2.75,1.15,0.95,1.7635777244666453,-0.038545782418,0.359,0.022576118325,1.94,-0.881,2.251
2024-05-16 00:30:00,o,2.8,0.05,0.0,2.1125748411483056,0.026417965967,0.252,-0.012856983287,2.55,-2.103,2.303
2024-05-16 00:30:00,o,2.8,0.05,0.05,2.1125748411483056,0.026417965967,0.252,-0.012856983287,2.55,-2.103,2.303
2024-05-16 00:30:00,o,2.8,0.05,0.1,2.127765460334007,-0.0010246267718,0.245,0.0005554422724,2.59,-2.193,2.219
2024-05-16 00:30:00,o,2.8,0.05,0.15,2.0853262624239886,0.0084419833591,0.247,-0.0042594036626,2.58,-2.17,2.393
2024-05-16 00:30:00,o,2.8,0.05,0.2,2.050634921142928,0.013746644234,0.269,-0.007300776893,2.44,-1.861,2.761
2024-05-16 00:30:00,o,2.8,0.05,0.25,2.0112870236762697,0.0013264922057,0.282,-0.00090891711468,2.38,-1.731,2.426
2024-05-16 00:30:00,o,2.8,0.05,0.3,1.9434351549726565,0.0083664355506,0.301,-0.0052733808175,2.28,-1.52,1.974
2024-05-16 00:30:00,o,2.8,0.05,0.35,1.9434351549726565,0.0083664355506,0.301,-0.0052733808175,2.28,-1.52,1.974
2024-05-16 00:30:00,o,2.8,0.05,0.4,1.895588275666263,0.023373712269,0.319,-0.014194902383,2.17,-1.299,1.82
2024-05-16 00:30:00,o,2.8,0.05,0.45,1.895588275666263,0.023373712269,0.319,-0.014194902383,2.17,-1.299,1.82
2024-05-16 00:30:00,o,2.8,0.05,0.5,1.7075020461296575,0.038194465331,0.417,-0.007,1.23,-0.064,1.839
2024-05-16 00:30:00,o,2.8,0.05,0.55,1.7075020461296575,0.038194465331,0.417,-0.007,1.23,-0.064,1.839
2024-05-16 00:30:00,o,2.8,0.05,0.6,1.7075020461296575,0.038194465331,0.417,-0.007,1.23,-0.064,1.839
2024-05-16 00:30:00,o,2.8,0.05,0.65,1.6608749603126196,0.044367938898,0.421,0.0,1.03,0.06,1.886
2024-05-16 00:30:00,o,2.8,0.05,0.7,1.6547539332529302,0.042680357782,0.42,0.0,1.08,0.032,1.841
2024-05-16 00:30:00,o,2.8,0.05,0.75,1.6373796409223318,0.036962213557,0.419,0.0,1.13,0.002,1.989
2024-05-16 00:30:00,o,2.8,0.05,0.8,1.6354535864286432,0.048765033189,0.419,0.0,1.13,0.002,1.822
2024-05-16 00:30:00,o,2.8,0.05,0.85,1.6183933020800159,0.047570262555,0.419,0.0,1.13,0.002,2.352
2024-05-16 00:30:00,o,2.8,0.05,0.9,1.6632484959900335,0.072495802112,0.419,0.0,1.13,0.002,2.733
2024-05-16 00:30:00,o,2.8,0.05,0.95,1.6779352865877954,0.04169821004,0.414,-0.005,1.32,-0.132,2.596
2024-05-16 00:30:00,o,2.8,0.1,0.0,2.1125748411483056,0.026417965967,0.252,-0.012856983287,2.55,-2.103,2.303
2024-05-16 00:30:00,o,2.8,0.1,0.95,1.6681901604729474,0.019332703736,0.419,0.0,1.13,0.002,2.458
2024-05-16 00:30:00,o,2.8,0.15,0.0,2.1970902540924766,0.0012237974346,0.215,-0.00046633132505,2.78,-2.623,1.881
2024-05-16 00:30:00,o,2.8,0.15,0.95,1.6792643239568767,0.030787215645,0.413,-0.006,1.35,-0.156,1.876
2024-05-16 00:30:00,o,2.8,0.2,0.0,2.1970902540924766,0.0012237974346,0.215,-0.00046633132505,2.78,-2.623,1.881
2024-05-16 00:30:00,o,2.8,0.2,0.95,1.685464059562619,0.028886768167,0.408,-0.011,1.45,-0.245,1.903
2024-05-16 00:30:00,o,2.8,0.25,0.0,2.1970902540924766,0.0012237974346,0.215,-0.00046633132505,2.78,-2.623,1.881
2024-05-16 00:30:00,o,2.8,0.25,0.95,1.6831911784598552,0.070587432404,0.41,-0.009,1.42,-0.217,1.737
2024-05-16 00:30:00,o,2.8,0.3,0.0,2.1450658183495404,0.0011864147598,0.237,-0.00060331727141,2.64,-2.305,1.739
2024-05-16 00:30:00,o,2.8,0.3,0.95,1.7368982408204767,0.11212126944,0.375,-0.044,1.82,-0.692,1.71
2024-05-16 00:30:00,o,2.8,0.35,0.0,2.1450658183495404,0.0011864147598,0.237,-0.00060331727141,2.64,-2.305,1.739
2024-05-16 00:30:00,o,2.8,0.35,0.95,1.7368982408204767,0.11212126944,0.375,-0.044,1.82,-0.692,1.71
2024-05-16 00:30:00,o,2.8,0.4,0.0,2.1513177440434803,0.0058198923579,0.234,-0.0028810056813,2.65,-2.328,1.721
2024-05-16 00:30:00,o,2.8,0.4,0.95,1.7260830305010102,0.11280160914,0.382,-0.037,1.77,-0.62,1.734
2024-05-16 00:30:00,o,2.8,0.45,0.0,2.1513177440434803,0.0058198923579,0.234,-0.0028810056813,2.65,-2.328,1.721
2024-05-16 00:30:00,o,2.8,0.45,0.95,1.7374153007367372,0.12056184732,0.375,-0.044,1.82,-0.692,1.692
2024-05-16 00:30:00,o,2.8,0.5,0.0,2.127538875844126,0.0073270075871,0.245,-0.0034212377913,2.59,-2.193,1.615
2024-05-16 00:30:00,o,2.8,0.5,0.95,1.7492878798604499,0.12701167121,0.367,-0.052,1.88,-0.784,1.678
2024-05-16 00:30:00,o,2.8,0.55,0.0,2.0975210695556457,0.0091687737561,0.259,-0.0047653747485,2.5,-1.992,1.605
2024-05-16 00:30:00,o,2.8,0.55,0.95,1.7515331381455366,0.12240908467,0.366,-0.053,1.88,-0.784,1.573
2024-05-16 00:30:00,o,2.8,0.6,0.0,2.0975210695556457,0.0091687737561,0.259,-0.0047653747485,2.5,-1.992,1.605
2024-05-16 00:30:00,o,2.8,0.6,0.95,1.7678976160180906,0.12530450825,0.356,-0.063,1.96,-0.914,1.585
2024-05-16 00:30:00,o,2.8,0.65,0.0,2.057753562468009,0.011840188168,0.279,-0.0066867544933,2.4,-1.774,1.557
2024-05-16 00:30:00,o,2.8,0.65,0.95,1.759546980712811,0.11033872853,0.361,-0.058,1.92,-0.848,1.64
2024-05-16 00:30:00,o,2.8,0.7,0.0,2.057753562468009,0.011840188168,0.279,-0.0066867544933,2.4,-1.774,1.557
2024-05-16 00:30:00,o,2.8,0.7,0.95,1.7522405710173974,0.096401297192,0.365,-0.054,1.9,-0.816,1.633
2024-05-16 00:30:00,o,2.8,0.75,0.0,2.057753562468009,0.011840188168,0.279,-0.0066867544933,2.4,-1.774,1.557
2024-05-16 00:30:00,o,2.8,0.75,0.95,1.7522405710173974,0.096401297192,0.365,-0.054,1.9,-0.816,1.633
2024-05-16 00:30:00,o,2.8,0.8,0.0,2.046268788365042,0.016061849415,0.285,-0.0092538544184,2.36,-1.688,1.618
2024-05-16 00:30:00,o,2.8,0.8,0.95,1.7496049254789465,0.046554411081,0.367,-0.029614011659,1.88,-0.784,1.706
2024-05-16 00:30:00,o,2.8,0.85,0.0,2.046268788365042,0.016061849415,0.285,-0.0092538544184,2.36,-1.688,1.618
2024-05-16 00:30:00,o,2.8,0.85,0.95,1.7496049254789465,0.046554411081,0.367,-0.029614011659,1.88,-0.784,1.706
2024-05-16 00:30:00,o,2.8,0.9,0.0,2.046268788365042,0.016061849415,0.285,-0.0092538544184,2.36,-1.688,1.618
2024-05-16 00:30:00,o,2.8,0.9,0.95,1.7489473781109377,0.032910628493,0.367,-0.021149002937,1.88,-0.784,1.808
2024-05-16 00:30:00,o,2.8,0.95,0.0,2.079871948559608,0.026536079347,0.268,-0.013725381395,2.46,-1.904,1.749
2024-05-16 00:30:00,o,2.8,0.95,0.95,1.7489473781109377,0.032910628493,0.367,-0.021149002937,1.88,-0.784,1.808
2024-05-16 00:30:00,o,2.8,1.0,0.0,2.079871948559608,0.026536079347,0.268,-0.013725381395,2.46,-1.904,1.749
2024-05-16 00:30:00,o,2.8,1.0,0.95,1.7645497190644672,-0.0036812715563,0.358,0.0020899165602,1.95,-0.897,1.948
2024-05-16 00:30:00,o,2.8,1.05,0.0,2.079871948559608,0.026536079347,0.268,-0.013725381395,2.46,-1.904,1.749
2024-05-16 00:30:00,o,2.8,1.05,0.95,1.7645497190644672,-0.0036812715563,0.358,0.0020899165602,1.95,-0.897,1.948
2024-05-16 00:30:00,o,2.8,1.1,0.0,2.1168931954590056,0.060964698575,0.25,-0.03035468349,2.56,-2.126,2.126
2024-05-16 00:30:00,o,2.8,1.1,0.95,1.7636825053923546,-0.020299639788,0.359,0.012282451728,1.94,-0.881,2.212
2024-05-16 00:30:00,o,2.8,1.15,0.0,2.1168931954590056,0.060964698575,0.25,-0.03035468349,2.56,-2.126,2.126
2024-05-16 00:30:00,o,2.8,1.15,0.05,2.1168931954590056,0.060964698575,0.25,-0.03035468349,2.56,-2.126,2.126
2024-05-16 00:30:00,o,2.8,1.15,0.1,2.1154141195790066,0.045831114249,0.251,-0.022244967138,2.55,-2.103,2.634
2024-05-16 00:30:00,o,2.8,1.15,0.15,2.0623976989907526,0.02483575417,0.261,-0.011989148896,2.49,-1.97,2.192
2024-05-16 00:30:00,o,2.8,1.15,0.2,2.0623976989907526,0.02483575417,0.261,-0.011989148896,2.49,-1.97,2.192
2024-05-16 00:30:00,o,2.8,1.15,0.25,2.012166290961589,0.017202797921,0.281,-0.0094697034265,2.39,-1.752,2.041
2024-05-16 00:30:00,o,2.8,1.15,0.3,1.8552889246344884,6.060359913e-06,0.352,-3.793245631e-05,1.98,-0.948,1.831
2024-05-16 00:30:00,o,2.8,1.15,0.35,1.8552889246344884,6.060359913e-06,0.352,-3.793245631e-05,1.98,-0.948,1.831
2024-05-16 00:30:00,o,2.8,1.15,0.4,1.8209039093891912,-0.0099989798593,0.37,0.0069571328186,1.86,-0.753,1.815
2024-05-16 00:30:00,o,2.8,1.15,0.45,1.7643629658980102,-0.010088303259,0.397,0.0074028049311,1.61,-0.415,1.787
2024-05-16 00:30:00,o,2.8,1.15,0.5,1.716779368873068,-0.015195979959,0.421,0.011416366538,1.03,0.06,1.83
2024-05-16 00:30:00,o,2.8,1.15,0.55,1.716779368873068,-0.015195979959,0.421,0.011416366538,1.03,0.06,1.83
2024-05-16 00:30:00,o,2.8,1.15,0.6,1.6978219508054628,-0.0040481221419,0.416,0.0034249659899,1.26,-0.086,1.779
2024-05-16 00:30:00,o,2.8,1.15,0.65,1.6905238929275896,-0.013025405311,0.408,0.0089757818919,1.45,-0.245,1.94
2024-05-16 00:30:00,o,2.8,1.15,0.7,1.6978132418370582,-0.019157833573,0.4,0.012453018916,1.57,-0.369,1.974
2024-05-16 00:30:00,o,2.8,1.15,0.75,1.6939203163673278,-0.021715391761,0.403,0.014592303917,1.54,-0.336,2.037
2024-05-16 00:30:00,o,2.8,1.15,0.8,1.7107518348841255,-0.022212566696,0.392,0.01461454152,1.67,-0.487,2.337
2024-05-16 00:30:00,o,2.8,1.15,0.85,1.7365000831026265,-0.0246305671,0.375,0.014866772562,1.82,-0.692,2.555
2024-05-16 00:30:00,o,2.8,1.15,0.9,1.7802380803808004,-0.028897232344,0.349,0.016472326037,2.0,-0.983,2.713
2024-05-16 00:30:00,o,2.8,1.15,0.95,1.7802380803808004,-0.028897232344,0.349,0.016472326037,2.0,-0.983,2.713
2024-05-16 00:30:00,o,2.85,0.05,0.0,2.090519045099617,0.01284596893,0.263,-0.0061179317715,2.48,-1.948,2.358
2024-05-16 00:30:00,o,2.85,0.05,0.05,2.090519045099617,0.01284596893,0.263,-0.0061179317715,2.48,-1.948,2.358
2024-05-16 00:30:00,o,2.85,0.05,0.1,2.015280099502743,0.017570517572,0.301,-0.010629312608,2.28,-1.52,3.153
2024-05-16 00:30:00,o,2.85,0.05,0.15,1.9583536127761276,-0.00069255198558,0.322,0.00088105650335,2.16,-1.279,2.471
2024-05-16 00:30:00,o,2.85,0.05,0.2,2.0112870236762697,0.0013264922057,0.282,-0.00090891711468,2.38,-1.731,2.426
2024-05-16 00:30:00,o,2.85,0.05,0.25,2.0112870236762697,0.0013264922057,0.282,-0.00090891711468,2.38,-1.731,2.426
2024-05-16 00:30:00,o,2.85,0.05,0.3,1.9434351549726565,0.0083664355506,0.301,-0.0052733808175,2.28,-1.52,1.974
2024-05-16 00:30:00,o,2.85,0.05,0.35,1.9434351549726565,0.0083664355506,0.301,-0.0052733808175,2.28,-1.52,1.974
2024-05-16 00:30:00,o,2.85,0.05,0.4,1.9281345824262215,0.0015503566611,0.308,-0.00087664191364,2.23,-1.418,1.942
2024-05-16 00:30:00,o,2.85,0.05,0.45,1.8747426639375546,0.016747168377,0.329,-0.010694400229,2.12,-1.202,1.793
2024-05-16 00:30:00,o,2.85,0.05,0.5,1.7327555211782497,0.032753124036,0.402,-0.023,1.54,-0.336,1.811
2024-05-16 00:30:00,o,2.85,0.05,0.55,1.7327555211782497,0.032753124036,0.402,-0.023,1.54,-0.336,1.811
2024-05-16 00:30:00,o,2.85,0.05,0.6,1.7075020461296575,0.038194465331,0.417,-0.007,1.23,-0.064,1.839
2024-05-16 00:30:00,o,2.85,0.05,0.65,1.6608749603126196,0.044367938898,0.421,0.0,1.03,0.06,1.886
2024-05-16 00:30:00,o,2.85,0.05,0.7,1.653781549143226,0.049285496372,0.42,0.0,1.08,0.032,1.845
2024-05-16 00:30:00,o,2.85,0.05,0.75,1.6371493654726679,0.056520859904,0.419,0.0,1.13,0.002,1.92
2024-05-16 00:30:00,o,2.85,0.05,0.8,1.6383694350524003,0.062016565252,0.419,0.0,1.13,0.002,1.855
2024-05-16 00:30:00,o,2.85,0.05,0.85,1.6246842251582945,0.086097925142,0.419,0.0,1.13,0.002,2.707
2024-05-16 00:30:00,o,2.85,0.05,0.9,1.6632484959900335,0.072495802112,0.419,0.0,1.13,0.002,2.733
2024-05-16 00:30:00,o,2.85,0.05,0.95,1.6632484959900335,0.072495802112,0.419,0.0,1.13,0.002,2.733
2024-05-16 00:30:00,o,2.85,0.1,0.0,2.090519045099617,0.01284596893,0.263,-0.0061179317715,2.48,-1.948,2.358
2024-05-16 00:30:00,o,2.85,0.1,0.95,1.672153296245931,0.049918543728,0.418,-0.001,1.23,-0.064,1.995
2024-05-16 00:30:00,o,2.85,0.15,0.0,2.1371166405827675,-0.014109136083,0.241,0.0066577686156,2.61,-2.238,1.899
2024-05-16 00:30:00,o,2.85,0.15,0.95,1.6741167853881849,0.048886672939,0.416,-0.003,1.26,-0.086,1.852
2024-05-16 00:30:00,o,2.85,0.2,0.0,2.1970902540924766,0.0012237974346,0.215,-0.00046633132505,2.78,-2.623,1.881
2024-05-16 00:30:00,o,2.85,0.2,0.95,1.6729748012334333,0.064737680261,0.417,-0.002,1.23,-0.064,1.796
2024-05-16 00:30:00,o,2.85,0.25,0.0,2.1970902540924766,0.0012237974346,0.215,-0.00046633132505,2.78,-2.623,1.881
2024-05-16 00:30:00,o,2.85,0.25,0.95,1.6801450711617496,0.077802880126,0.412,-0.007,1.35,-0.156,1.745
2024-05-16 00:30:00,o,2.85,0.3,0.0,2.1450658183495404,0.0011864147598,0.237,-0.00060331727141,2.64,-2.305,1.739
2024-05-16 00:30:00,o,2.85,0.3,0.95,1.6801450711617496,0.077802880126,0.412,-0.007,1.35,-0.156,1.745
2024-05-16 00:30:00,o,2.85,0.35,0.0,2.1450658183495404,0.0011864147598,0.237,-0.00060331727141,2.64,-2.305,1.739
2024-05-16 00:30:00,o,2.85,0.35,0.95,1.7260830305010102,0.11280160914,0.382,-0.037,1.77,-0.62,1.734
2024-05-16 00:30:00,o,2.85,0.4,0.0,2.1450658183495404,0.0011864147598,0.237,-0.00060331727141,2.64,-2.305,1.739
2024-05-16 00:30:00,o,2.85,0.4,0.95,1.7260830305010102,0.11280160914,0.382,-0.037,1.77,-0.62,1.734
2024-05-16 00:30:00,o,2.85,0.45,0.0,2.1450658183495404,0.0011864147598,0.237,-0.00060331727141,2.64,-2.305,1.739
2024-05-16 00:30:00,o,2.85,0.45,0.95,1.7374153007367372,0.12056184732,0.375,-0.044,1.82,-0.692,1.692
2024-05-16 00:30:00,o,2.85,0.5,0.0,2.0975210695556457,0.0091687737561,0.259,-0.0047653747485,2.5,-1.992,1.605
2024-05-16 00:30:00,o,2.85,0.5,0.95,1.7374153007367372,0.12056184732,0.375,-0.044,1.82,-0.692,1.692
2024-05-16 00:30:00,o,2.85,0.55,0.0,2.0975210695556457,0.0091687737561,0.259,-0.0047653747485,2.5,-1.992,1.605
2024-05-16 00:30:00,o,2.85,0.55,0.95,1.74238730260704,0.10921184212,0.372,-0.047,1.84,-0.722,1.613
2024-05-16 00:30:00,o,2.85,0.6,0.0,2.0975210695556457,0.0091687737561,0.259,-0.0047653747485,2.5,-1.992,1.605
2024-05-16 00:30:00,o,2.85,0.6,0.95,1.74238730260704,0.10921184212,0.372,-0.047,1.84,-0.722,1.613
2024-05-16 00:30:00,o,2.85,0.65,0.0,2.057753562468009,0.011840188168,0.279,-0.0066867544933,2.4,-1.774,1.557
2024-05-16 00:30:00,o,2.85,0.65,0.95,1.7478699449484114,0.092011485962,0.368,-0.051,1.87,-0.768,1.632
2024-05-16 00:30:00,o,2.85,0.7,0.0,2.057753562468009,0.011840188168,0.279,-0.0066867544933,2.4,-1.774,1.557
2024-05-16 00:30:00,o,2.85,0.7,0.95,1.7518024060413666,0.08629646159,0.366,-0.053,1.88,-0.784,1.685
2024-05-16 00:30:00,o,2.85,0.75,0.0,2.035565809145831,0.0077963824561,0.291,-0.0046062362771,2.33,-1.625,1.545
2024-05-16 00:30:00,o,2.85,0.75,0.95,1.7518024060413666,0.08629646159,0.366,-0.053,1.88,-0.784,1.685
2024-05-16 00:30:00,o,2.85,0.8,0.0,2.031719428943667,0.0025833103025,0.293,-0.00184720385,2.32,-1.604,1.539
2024-05-16 00:30:00,o,2.85,0.8,0.95,1.7536136958709378,0.061728044483,0.365,-0.039039206669,1.9,-0.816,1.699
2024-05-16 00:30:00,o,2.85,0.85,0.0,2.031719428943667,0.0025833103025,0.293,-0.00184720385,2.32,-1.604,1.539
2024-05-16 00:30:00,o,2.85,0.85,0.95,1.7496049254789465,0.046554411081,0.367,-0.029614011659,1.88,-0.784,1.706
2024-05-16 00:30:00,o,2.85,0.9,0.0,2.046268788365042,0.016061849415,0.285,-0.0092538544184,2.36,-1.688,1.618
2024-05-16 00:30:00,o,2.85,0.9,0.95,1.7496049254789465,0.046554411081,0.367,-0.029614011659,1.88,-0.784,1.706
2024-05-16 00:30:00,o,2.85,0.95,0.0,2.079871948559608,0.026536079347,0.268,-0.013725381395,2.46,-1.904,1.749
2024-05-16 00:30:00,o,2.85,0.95,0.95,1.7502151663916659,0.012370775838,0.367,-0.0073382849121,1.88,-0.784,1.895
2024-05-16 00:30:00,o,2.85,1.0,0.0,2.0844618807832553,0.019229591199,0.266,-0.0094905320691,2.47,-1.926,1.872
2024-05-16 00:30:00,o,2.85,1.0,0.95,1.7645497190644672,-0.0036812715563,0.358,0.0020899165602,1.95,-0.897,1.948
2024-05-16 00:30:00,o,2.85,1.05,0.0,2.0844618807832553,0.019229591199,0.266,-0.0094905320691,2.47,-1.926,1.872
2024-05-16 00:30:00,o,2.85,1.05,0.95,1.7818486841032959,-0.0098840592724,0.348,0.0057182365783,2.01,-1.001,1.992
2024-05-16 00:30:00,o,2.85,1.1,0.0,2.101970348357182,0.028761722617,0.257,-0.014387639322,2.52,-2.037,2.024
2024-05-16 00:30:00,o,2.85,1.1,0.95,1.7934201689407847,-0.029904052748,0.341,0.016219095928,2.05,-1.072,2.149
2024-05-16 00:30:00,o,2.85,1.15,0.0,2.101970348357182,0.028761722617,0.257,-0.014387639322,2.52,-2.037,2.024
2024-05-16 00:30:00,o,2.85,1.15,0.05,2.1154141195790066,0.045831114249,0.251,-0.022244967138,2.55,-2.103,2.634
2024-05-16 00:30:00,o,2.85,1.15,0.1,2.101269224661556,0.027737826098,0.257,-0.013713158878,2.52,-2.037,2.482
2024-05-16 00:30:00,o,2.85,1.15,0.15,2.073824620380912,0.01758314596,0.259,-0.0084194952522,2.5,-1.992,2.406
2024-05-16 00:30:00,o,2.85,1.15,0.2,2.073824620380912,0.01758314596,0.259,-0.0084194952522,2.5,-1.992,2.406
2024-05-16 00:30:00,o,2.85,1.15,0.25,1.9737834204390037,0.002512211624,0.297,-0.0014931887329,2.3,-1.562,1.762
2024-05-16 00:30:00,o,2.85,1.15,0.3,1.8552889246344884,6.060359913e-06,0.352,-3.793245631e-05,1.98,-0.948,1.831
2024-05-16 00:30:00,o,2.85,1.15,0.35,1.8209039093891912,-0.0099989798593,0.37,0.0069571328186,1.86,-0.753,1.815
2024-05-16 00:30:00,o,2.85,1.15,0.4,1.8209039093891912,-0.0099989798593,0.37,0.0069571328186,1.86,-0.753,1.815
2024-05-16 00:30:00,o,2.85,1.15,0.45,1.7643629658980102,-0.010088303259,0.397,0.0074028049311,1.61,-0.415,1.787
2024-05-16 00:30:00,o,2.85,1.15,0.5,1.7118831185333145,-0.010627407358,0.421,0.0078014624303,1.03,0.06,1.819
2024-05-16 00:30:00,o,2.85,1.15,0.55,1.699612284998696,-0.013087913051,0.425,0.0074615590172,0.79,0.17,1.812
2024-05-16 00:30:00,o,2.85,1.15,0.6,1.6876983654429838,-0.0097489419295,0.421,0.0073057456843,1.03,0.06,1.815
2024-05-16 00:30:00,o,2.85,1.15,0.65,1.6876983654429838,-0.0097489419295,0.421,0.0073057456843,1.03,0.06,1.815
2024-05-16 00:30:00,o,2.85,1.15,0.7,1.690771803180663,-0.013541758053,0.405,0.0092173392994,1.49,-0.285,1.944
2024-05-16 00:30:00,o,2.85,1.15,0.75,1.6978132418370582,-0.019157833573,0.4,0.012453018916,1.57,-0.369,1.974
2024-05-16 00:30:00,o,2.85,1.15,0.8,1.7365000831026265,-0.0246305671,0.375,0.014866772562,1.82,-0.692,2.555
2024-05-16 00:30:00,o,2.85,1.15,0.85,1.7664351561874403,-0.036030692258,0.357,0.0207674009,1.95,-0.897,2.664
2024-05-16 00:30:00,o,2.85,1.15,0.9,1.7866875506134359,-0.038719091629,0.345,0.021340753698,2.02,-1.018,2.652
2024-05-16 00:30:00,o,2.85,1.15,0.95,1.7802380803808004,-0.028897232344,0.349,0.016472326037,2.0,-0.983,2.713
2024-05-16 00:30:00,o,2.9,0.05,0.0,1.9311526385232933,0.0069302280819,0.355,-0.0041789094012,1.97,-0.931,2.472
2024-05-16 00:30:00,o,2.9,0.05,0.05,1.9582054065347523,0.0059264800662,0.337,-0.0037131041134,2.07,-1.109,2.387
2024-05-16 00:30:00,o,2.9,0.05,0.1,1.9500482688200207,0.01158358445,0.342,-0.0070261681198,2.04,-1.054,2.707
2024-05-16 00:30:00,o,2.9,0.05,0.15,1.9583536127761276,-0.00069255198558,0.322,0.00088105650335,2.16,-1.279,2.471
2024-05-16 00:30:00,o,2.9,0.05,0.2,1.9583536127761276,-0.00069255198558,0.322,0.00088105650335,2.16,-1.279,2.471
2024-05-16 00:30:00,o,2.9,0.05,0.25,2.0075642946226235,0.001355054085,0.279,-0.0008689618502,2.4,-1.774,1.934
2024-05-16 00:30:00,o,2.9,0.05,0.3,1.9281345824262215,0.0015503566611,0.308,-0.00087664191364,2.23,-1.418,1.942
2024-05-16 00:30:00,o,2.9,0.05,0.35,1.9281345824262215,0.0015503566611,0.308,-0.00087664191364,2.23,-1.418,1.942
2024-05-16 00:30:00,o,2.9,0.05,0.4,1.8926121068911312,-0.0027496557689,0.321,0.0020709496278,2.16,-1.279,1.943
2024-05-16 00:30:00,o,2.9,0.05,0.45,1.8132205948047482,0.0089448276757,0.361,-0.0058308602194,1.92,-0.848,1.791
2024-05-16 00:30:00,o,2.9,0.05,0.5,1.7514176864921722,0.021500016426,0.394,-0.015718824294,1.65,-0.463,1.786
2024-05-16 00:30:00,o,2.9,0.05,0.55,1.7514176864921722,0.021500016426,0.394,-0.015718824294,1.65,-0.463,1.786
2024-05-16 00:30:00,o,2.9,0.05,0.6,1.7327555211782497,0.032753124036,0.402,-0.023,1.54,-0.336,1.811
2024-05-16 00:30:00,o,2.9,0.05,0.65,1.6533861968338086,0.054103695514,0.419,0.0,1.13,0.002,1.751
2024-05-16 00:30:00,o,2.9,0.05,0.7,1.6371493654726679,0.056520859904,0.419,0.0,1.13,0.002,1.92
2024-05-16 00:30:00,o,2.9,0.05,0.75,1.6371493654726679,0.056520859904,0.419,0.0,1.13,0.002,1.92
2024-05-16 00:30:00,o,2.9,0.05,0.8,1.6388086205001646,0.067798948191,0.419,0.0,1.13,0.002,2.101
2024-05-16 00:30:00,o,2.9,0.05,0.85,1.6388086205001646,0.067798948191,0.419,0.0,1.13,0.002,2.101
2024-05-16 00:30:00,o,2.9,0.05,0.9,1.6632484959900335,0.072495802112,0.419,0.0,1.13,0.002,2.733
2024-05-16 00:30:00,o,2.9,0.05,0.95,1.665318271278418,0.059334833361,0.419,0.0,1.13,0.002,2.204
2024-05-16 00:30:00,o,2.9,0.1,0.0,2.090519045099617,0.01284596893,0.263,-0.0061179317715,2.48,-1.948,2.358
2024-05-16 00:30:00,o,2.9,0.1,0.95,1.665318271278418,0.059334833361,0.419,0.0,1.13,0.002,2.204
2024-05-16 00:30:00,o,2.9,0.15,0.0,2.1371166405827675,-0.014109136083,0.241,0.0066577686156,2.61,-2.238,1.899
2024-05-16 00:30:00,o,2.9,0.15,0.95,1.6686467877986568,0.066575939244,0.419,0.0,1.13,0.002,1.837
2024-05-16 00:30:00,o,2.9,0.2,0.0,2.1371166405827675,-0.014109136083,0.241,0.0066577686156,2.61,-2.238,1.899
2024-05-16 00:30:00,o,2.9,0.2,0.95,1.6729748012334333,0.064737680261,0.417,-0.002,1.23,-0.064,1.796
2024-05-16 00:30:00,o,2.9,0.25,0.0,2.1970902540924766,0.0012237974346,0.215,-0.00046633132505,2.78,-2.623,1.881
2024-05-16 00:30:00,o,2.9,0.25,0.95,1.6801450711617496,0.077802880126,0.412,-0.007,1.35,-0.156,1.745
2024-05-16 00:30:00,o,2.9,0.3,0.0,2.1450658183495404,0.0011864147598,0.237,-0.00060331727141,2.64,-2.305,1.739
2024-05-16 00:30:00,o,2.9,0.3,0.95,1.6801450711617496,0.077802880126,0.412,-0.007,1.35,-0.156,1.745
2024-05-16 00:30:00,o,2.9,0.35,0.0,2.1450658183495404,0.0011864147598,0.237,-0.00060331727141,2.64,-2.305,1.739
2024-05-16 00:30:00,o,2.9,0.35,0.95,1.7022754035694685,0.095808048065,0.397,-0.022,1.61,-0.415,1.716
2024-05-16 00:30:00,o,2.9,0.4,0.0,2.1104785974981466,0.0027701539595,0.253,-0.0013337165772,2.54,-2.081,1.705
2024-05-16 00:30:00,o,2.9,0.4,0.95,1.7022754035694685,0.095808048065,0.397,-0.022,1.61,-0.415,1.716
2024-05-16 00:30:00,o,2.9,0.45,0.0,2.1104785974981466,0.0027701539595,0.253,-0.0013337165772,2.54,-2.081,1.705
2024-05-16 00:30:00,o,2.9,0.45,0.95,1.7354951036877813,0.1111820616,0.376,-0.043,1.81,-0.678,1.676
2024-05-16 00:30:00,o,2.9,0.5,0.0,2.0874193548607662,0.0084372060806,0.264,-0.0044560110125,2.48,-1.948,1.588
2024-05-16 00:30:00,o,2.9,0.5,0.95,1.7354951036877813,0.1111820616,0.376,-0.043,1.81,-0.678,1.676
2024-05-16 00:30:00,o,2.9,0.55,0.0,2.0874193548607662,0.0084372060806,0.264,-0.0044560110125,2.48,-1.948,1.588
2024-05-16 00:30:00,o,2.9,0.55,0.95,1.74238730260704,0.10921184212,0.372,-0.047,1.84,-0.722,1.613
2024-05-16 00:30:00,o,2.9,0.6,0.0,2.0975210695556457,0.0091687737561,0.259,-0.0047653747485,2.5,-1.992,1.605
2024-05-16 00:30:00,o,2.9,0.6,0.95,1.745168514090475,0.098666764059,0.37,-0.049,1.86,-0.753,1.645
2024-05-16 00:30:00,o,2.9,0.65,0.0,2.057753562468009,0.011840188168,0.279,-0.0066867544933,2.4,-1.774,1.557
2024-05-16 00:30:00,o,2.9,0.65,0.95,1.745168514090475,0.098666764059,0.37,-0.049,1.86,-0.753,1.645
2024-05-16 00:30:00,o,2.9,0.7,0.0,2.035565809145831,0.0077963824561,0.291,-0.0046062362771,2.33,-1.625,1.545
2024-05-16 00:30:00,o,2.9,0.7,0.95,1.7478699449484114,0.092011485962,0.368,-0.051,1.87,-0.768,1.632
2024-05-16 00:30:00,o,2.9,0.75,0.0,2.035565809145831,0.0077963824561,0.291,-0.0046062362771,2.33,-1.625,1.545
2024-05-16 00:30:00,o,2.9,0.75,0.95,1.7518024060413666,0.08629646159,0.366,-0.053,1.88,-0.784,1.685
2024-05-16 00:30:00,o,2.9,0.8,0.0,2.031719428943667,0.0025833103025,0.293,-0.00184720385,2.32,-1.604,1.539
2024-05-16 00:30:00,o,2.9,0.8,0.95,1.7536136958709378,0.061728044483,0.365,-0.039039206669,1.9,-0.816,1.699
2024-05-16 00:30:00,o,2.9,0.85,0.0,2.031719428943667,0.0025833103025,0.293,-0.00184720385,2.32,-1.604,1.539
2024-05-16 00:30:00,o,2.9,0.85,0.95,1.758737837086936,0.04550778078,0.362,-0.027963092823,1.92,-0.848,1.72
2024-05-16 00:30:00,o,2.9,0.9,0.0,2.031719428943667,0.0025833103025,0.293,-0.00184720385,2.32,-1.604,1.539
2024-05-16 00:30:00,o,2.9,0.9,0.95,1.7656909020990652,0.024476252364,0.357,-0.015248196053,1.95,-0.897,1.767
2024-05-16 00:30:00,o,2.9,0.95,0.0,2.0429494038136164,-0.018156104309,0.287,0.0093624321259,2.35,-1.667,1.686
2024-05-16 00:30:00,o,2.9,0.95,0.95,1.7656909020990652,0.024476252364,0.357,-0.015248196053,1.95,-0.897,1.767
2024-05-16 00:30:00,o,2.9,1.0,0.0,2.0844618807832553,0.019229591199,0.266,-0.0094905320691,2.47,-1.926,1.872
2024-05-16 00:30:00,o,2.9,1.0,0.95,1.7811663448475565,0.0064596448305,0.348,-0.0041016525258,2.01,-1.001,1.834
2024-05-16 00:30:00,o,2.9,1.05,0.0,2.0844618807832553,0.019229591199,0.266,-0.0094905320691,2.47,-1.926,1.872
2024-05-16 00:30:00,o,2.9,1.05,0.95,1.7818486841032959,-0.0098840592724,0.348,0.0057182365783,2.01,-1.001,1.992
2024-05-16 00:30:00,o,2.9,1.1,0.0,2.101970348357182,0.028761722617,0.257,-0.014387639322,2.52,-2.037,2.024
2024-05-16 00:30:00,o,2.9,1.1,0.95,1.8090544272229423,-0.045640179817,0.333,0.024711921609,2.1,-1.164,2.345
2024-05-16 00:30:00,o,2.9,1.15,0.0,2.0834094443529243,0.0011412281512,0.266,-0.00080160455291,2.47,-1.926,2.235
2024-05-16 00:30:00,o,2.9,1.15,0.05,2.0926610040286104,0.015082362601,0.262,-0.0071657449135,2.49,-1.97,2.209
2024-05-16 00:30:00,o,2.9,1.15,0.1,2.0926610040286104,0.015082362601,0.262,-0.0071657449135,2.49,-1.97,2.209
2024-05-16 00:30:00,o,2.9,1.15,0.15,2.033186437191027,-0.004705980043,0.278,0.002081297642,2.4,-1.774,1.943
2024-05-16 00:30:00,o,2.9,1.15,0.2,2.033186437191027,-0.004705980043,0.278,0.002081297642,2.4,-1.774,1.943
2024-05-16 00:30:00,o,2.9,1.15,0.25,1.9386347879635903,-0.020936025353,0.313,0.011794231861,2.21,-1.378,1.817
2024-05-16 00:30:00,o,2.9,1.15,0.3,1.9386347879635903,-0.020936025353,0.313,0.011794231861,2.21,-1.378,1.817
2024-05-16 00:30:00,o,2.9,1.15,0.35,1.8553979966540688,-0.01910121567,0.352,0.012501111529,1.98,-0.948,1.816
2024-05-16 00:30:00,o,2.9,1.15,0.4,1.8209039093891912,-0.0099989798593,0.37,0.0069571328186,1.86,-0.753,1.815
2024-05-16 00:30:00,o,2.9,1.15,0.45,1.7488854400095168,-0.009678271981,0.405,0.0073173313206,1.49,-0.285,1.744
2024-05-16 00:30:00,o,2.9,1.15,0.5,1.699612284998696,-0.013087913051,0.425,0.0074615590172,0.79,0.17,1.812
2024-05-16 00:30:00,o,2.9,1.15,0.55,1.699612284998696,-0.013087913051,0.425,0.0074615590172,0.79,0.17,1.812
2024-05-16 00:30:00,o,2.9,1.15,0.6,1.699612284998696,-0.013087913051,0.425,0.0074615590172,0.79,0.17,1.812
2024-05-16 00:30:00,o,2.9,1.15,0.65,1.6876983654429838,-0.0097489419295,0.421,0.0073057456843,1.03,0.06,1.815
2024-05-16 00:30:00,o,2.9,1.15,0.7,1.690771803180663,-0.013541758053,0.405,0.0092173392994,1.49,-0.285,1.944
2024-05-16 00:30:00,o,2.9,1.15,0.75,1.7172709680321305,-0.020350984427,0.387,0.012523356501,1.71,-0.539,2.032
2024-05-16 00:30:00,o,2.9,1.15,0.8,1.7598264276305076,-0.034835859545,0.361,0.020380040615,1.92,-0.848,2.052
2024-05-16 00:30:00,o,2.9,1.15,0.85,1.7749328133873998,-0.04305540728,0.352,0.024327182851,1.98,-0.948,2.266
2024-05-16 00:30:00,o,2.9,1.15,0.9,1.7866875506134359,-0.038719091629,0.345,0.021340753698,2.02,-1.018,2.652
2024-05-16 00:30:00,o,2.9,1.15,0.95,1.8090544272229423,-0.045640179817,0.333,0.024711921609,2.1,-1.164,2.345
2024-05-16 00:30:00,o,2.95,0.05,0.0,1.9311526385232933,0.0069302280819,0.355,-0.0041789094012,1.97,-0.931,2.472
2024-05-16 00:30:00,o,2.95,0.05,0.05,1.9478256844424506,-0.00065085582985,0.344,0.00084102503728,2.03,-1.036,2.789
2024-05-16 00:30:00,o,2.95,0.05,0.1,1.9509195400329034,-0.0073575855148,0.342,0.0051098232219,2.04,-1.054,2.693
2024-05-16 00:30:00,o,2.95,0.05,0.15,1.9860502960864626,-0.019010039263,0.306,0.010418509986,2.24,-1.438,2.532
2024-05-16 00:30:00,o,2.95,0.05,0.2,1.9860502960864626,-0.019010039263,0.306,0.010418509986,2.24,-1.438,2.532
2024-05-16 00:30:00,o,2.95,0.05,0.25,2.0256376050693228,-0.023126497839,0.264,0.010862256322,2.48,-1.948,1.917
2024-05-16 00:30:00,o,2.95,0.05,0.3,2.0256376050693228,-0.023126497839,0.264,0.010862256322,2.48,-1.948,1.917
2024-05-16 00:30:00,o,2.95,0.05,0.35,1.8926121068911312,-0.0027496557689,0.321,0.0020709496278,2.16,-1.279,1.943
2024-05-16 00:30:00,o,2.95,0.05,0.4,1.8926121068911312,-0.0027496557689,0.321,0.0020709496278,2.16,-1.279,1.943
2024-05-16 00:30:00,o,2.95,0.05,0.45,1.8132205948047482,0.0089448276757,0.361,-0.0058308602194,1.92,-0.848,1.791
2024-05-16 00:30:00,o,2.95,0.05,0.5,1.7514176864921722,0.021500016426,0.394,-0.015718824294,1.65,-0.463,1.786
2024-05-16 00:30:00,o,2.95,0.05,0.55,1.7514176864921722,0.021500016426,0.394,-0.015718824294,1.65,-0.463,1.786
2024-05-16 00:30:00,o,2.95,0.05,0.6,1.7308387787075967,0.021865800245,0.4,-0.016420042078,1.57,-0.369,1.771
2024-05-16 00:30:00,o,2.95,0.05,0.65,1.6645573644933707,0.049196586309,0.419,0.0,1.13,0.002,1.807
2024-05-16 00:30:00,o,2.95,0.05,0.7,1.6645573644933707,0.049196586309,0.419,0.0,1.13,0.002,1.807
2024-05-16 00:30:00,o,2.95,0.05,0.75,1.6442021743929185,0.05530329505,0.419,0.0,1.13,0.002,1.945
2024-05-16 00:30:00,o,2.95,0.05,0.8,1.6477642775557724,0.058932551962,0.419,0.0,1.13,0.002,2.144
2024-05-16 00:30:00,o,2.95,0.05,0.85,1.6477642775557724,0.058932551962,0.419,0.0,1.13,0.002,2.144
2024-05-16 00:30:00,o,2.95,0.05,0.9,1.6658997943309437,0.049361267677,0.419,0.0,1.13,0.002,2.445
2024-05-16 00:30:00,o,2.95,0.05,0.95,1.6732605789140949,0.046437929999,0.417,-0.002,1.23,-0.064,2.502
2024-05-16 00:30:00,o,2.95,0.1,0.0,2.011802963585356,-0.0081769007403,0.305,0.0050301447845,2.25,-1.459,2.104
2024-05-16 00:30:00,o,2.95,0.1,0.95,1.6658997943309437,0.049361267677,0.419,0.0,1.13,0.002,2.445
2024-05-16 00:30:00,o,2.95,0.15,0.0,2.105520403343448,-0.022529738444,0.255,0.0102149427,2.53,-2.059,1.915
2024-05-16 00:30:00,o,2.95,0.15,0.95,1.6686467877986568,0.066575939244,0.419,0.0,1.13,0.002,1.837
2024-05-16 00:30:00,o,2.95,0.2,0.0,2.105520403343448,-0.022529738444,0.255,0.0102149427,2.53,-2.059,1.915
2024-05-16 00:30:00,o,2.95,0.2,0.95,1.6686467877986568,0.066575939244,0.419,0.0,1.13,0.002,1.837
2024-05-16 00:30:00,o,2.95,0.25,0.0,2.105520403343448,-0.022529738444,0.255,0.0102149427,2.53,-2.059,1.915
2024-05-16 00:30:00,o,2.95,0.25,0.95,1.6698837901253478,0.073385658947,0.419,0.0,1.13,0.002,1.705
2024-05-16 00:30:00,o,2.95,0.3,0.0,2.1104785974981466,0.0027701539595,0.253,-0.0013337165772,2.54,-2.081,1.705
2024-05-16 00:30:00,o,2.95,0.3,0.95,1.6801450711617496,0.077802880126,0.412,-0.007,1.35,-0.156,1.745
2024-05-16 00:30:00,o,2.95,0.35,0.0,2.1104785974981466,0.0027701539595,0.253,-0.0013337165772,2.54,-2.081,1.705
2024-05-16 00:30:00,o,2.95,0.35,0.95,1.704253499367706,0.089082300443,0.396,-0.023,1.61,-0.415,1.687
2024-05-16 00:30:00,o,2.95,0.4,0.0,2.1104785974981466,0.0027701539595,0.253,-0.0013337165772,2.54,-2.081,1.705
2024-05-16 00:30:00,o,2.95,0.4,0.95,1.704253499367706,0.089082300443,0.396,-0.023,1.61,-0.415,1.687
2024-05-16 00:30:00,o,2.95,0.45,0.0,2.1104785974981466,0.0027701539595,0.253,-0.0013337165772,2.54,-2.081,1.705
2024-05-16 00:30:00,o,2.95,0.45,0.95,1.7266946153471017,0.094500611732,0.381,-0.038,1.77,-0.62,1.597
2024-05-16 00:30:00,o,2.95,0.5,0.0,2.0874193548607662,0.0084372060806,0.264,-0.0044560110125,2.48,-1.948,1.588
2024-05-16 00:30:00,o,2.95,0.5,0.95,1.7354951036877813,0.1111820616,0.376,-0.043,1.81,-0.678,1.676
2024-05-16 00:30:00,o,2.95,0.55,0.0,2.0874193548607662,0.0084372060806,0.264,-0.0044560110125,2.48,-1.948,1.588
2024-05-16 00:30:00,o,2.95,0.55,0.95,1.74238730260704,0.10921184212,0.372,-0.047,1.84,-0.722,1.613
2024-05-16 00:30:00,o,2.95,0.6,0.0,2.0874193548607662,0.0084372060806,0.264,-0.0044560110125,2.48,-1.948,1.588
2024-05-16 00:30:00,o,2.95,0.6,0.95,1.745168514090475,0.098666764059,0.37,-0.049,1.86,-0.753,1.645
2024-05-16 00:30:00,o,2.95,0.65,0.0,2.0274230034567444,0.0064033191591,0.296,-0.0033836558483,2.3,-1.562,1.538
2024-05-16 00:30:00,o,2.95,0.65,0.95,1.745168514090475,0.098666764059,0.37,-0.049,1.86,-0.753,1.645
2024-05-16 00:30:00,o,2.95,0.7,0.0,2.035565809145831,0.0077963824561,0.291,-0.0046062362771,2.33,-1.625,1.545
2024-05-16 00:30:00,o,2.95,0.7,0.95,1.744856027041518,0.083601944048,0.37,-0.049,1.86,-0.753,1.599
2024-05-16 00:30:00,o,2.95,0.75,0.0,2.035565809145831,0.0077963824561,0.291,-0.0046062362771,2.33,-1.625,1.545
2024-05-16 00:30:00,o,2.95,0.75,0.95,1.7451528950769004,0.068495859159,0.37,-0.044391622296,1.86,-0.753,1.641
2024-05-16 00:30:00,o,2.95,0.8,0.0,2.031719428943667,0.0025833103025,0.293,-0.00184720385,2.32,-1.604,1.539
2024-05-16 00:30:00,o,2.95,0.8,0.95,1.7553182974989623,0.04605681892,0.364,-0.028542639007,1.9,-0.816,1.681
2024-05-16 00:30:00,o,2.95,0.85,0.0,2.025395992502851,-0.018366987821,0.297,0.010155211972,2.3,-1.562,1.63
2024-05-16 00:30:00,o,2.95,0.85,0.95,1.758737837086936,0.04550778078,0.362,-0.027963092823,1.92,-0.848,1.72
2024-05-16 00:30:00,o,2.95,0.9,0.0,2.025395992502851,-0.018366987821,0.297,0.010155211972,2.3,-1.562,1.63
2024-05-16 00:30:00,o,2.95,0.9,0.95,1.7656909020990652,0.024476252364,0.357,-0.015248196053,1.95,-0.897,1.767
2024-05-16 00:30:00,o,2.95,0.95,0.0,2.0429494038136164,-0.018156104309,0.287,0.0093624321259,2.35,-1.667,1.686
2024-05-16 00:30:00,o,2.95,0.95,0.95,1.7656909020990652,0.024476252364,0.357,-0.015248196053,1.95,-0.897,1.767
2024-05-16 00:30:00,o,2.95,1.0,0.0,2.0429494038136164,-0.018156104309,0.287,0.0093624321259,2.35,-1.667,1.686
2024-05-16 00:30:00,o,2.95,1.0,0.95,1.7913256602625107,0.0042621124427,0.343,-0.0019471719657,2.04,-1.054,1.873
2024-05-16 00:30:00,o,2.95,1.05,0.0,2.0429494038136164,-0.018156104309,0.287,0.0093624321259,2.35,-1.667,1.686
2024-05-16 00:30:00,o,2.95,1.05,0.95,1.810252686001182,-0.0094688791343,0.332,0.005269403456,2.1,-1.164,1.993
2024-05-16 00:30:00,o,2.95,1.1,0.0,2.0834094443529243,0.0011412281512,0.266,-0.00080160455291,2.47,-1.926,2.235
2024-05-16 00:30:00,o,2.95,1.1,0.95,1.818720628220603,-0.053528905812,0.327,0.027573083311,2.13,-1.221,2.683
2024-05-16 00:30:00,o,2.95,1.15,0.0,2.0834094443529243,0.0011412281512,0.266,-0.00080160455291,2.47,-1.926,2.235
2024-05-16 00:30:00,o,2.95,1.15,0.05,2.0834094443529243,0.0011412281512,0.266,-0.00080160455291,2.47,-1.926,2.235
2024-05-16 00:30:00,o,2.95,1.15,0.1,2.056207134245278,-0.031190913392,0.279,0.015753011623,2.4,-1.774,2.535
2024-05-16 00:30:00,o,2.95,1.15,0.15,1.997237807552896,-0.024455807417,0.29,0.013277103381,2.33,-1.625,1.895
2024-05-16 00:30:00,o,2.95,1.15,0.2,1.997237807552896,-0.024455807417,0.29,0.013277103381,2.33,-1.625,1.895
2024-05-16 00:30:00,o,2.95,1.15,0.25,1.9386347879635903,-0.020936025353,0.313,0.011794231861,2.21,-1.378,1.817
2024-05-16 00:30:00,o,2.95,1.15,0.3,1.9386347879635903,-0.020936025353,0.313,0.011794231861,2.21,-1.378,1.817
2024-05-16 00:30:00,o,2.95,1.15,0.35,1.8553979966540688,-0.01910121567,0.352,0.012501111529,1.98,-0.948,1.816
2024-05-16 00:30:00,o,2.95,1.15,0.4,1.8146137940059597,-0.025774625596,0.372,0.018142677265,1.84,-0.722,1.774
2024-05-16 00:30:00,o,2.95,1.15,0.45,1.7622207756724317,-0.021989844096,0.394,0.015885711609,1.65,-0.463,1.748
2024-05-16 00:30:00,o,2.95,1.15,0.5,1.7351436099280677,-0.015873606379,0.413,0.012637686132,1.35,-0.156,1.759
2024-05-16 00:30:00,o,2.95,1.15,0.55,1.7351436099280677,-0.015873606379,0.413,0.012637686132,1.35,-0.156,1.759
2024-05-16 00:30:00,o,2.95,1.15,0.6,1.699612284998696,-0.013087913051,0.425,0.0074615590172,0.79,0.17,1.812
2024-05-16 00:30:00,o,2.95,1.15,0.65,1.6876983654429838,-0.0097489419295,0.421,0.0073057456843,1.03,0.06,1.815
2024-05-16 00:30:00,o,2.95,1.15,0.7,1.7172709680321305,-0.020350984427,0.387,0.012523356501,1.71,-0.539,2.032
2024-05-16 00:30:00,o,2.95,1.15,0.75,1.7429371220708623,-0.026307236362,0.371,0.015688595988,1.86,-0.753,2.008
2024-05-16 00:30:00,o,2.95,1.15,0.8,1.7598264276305076,-0.034835859545,0.361,0.020380040615,1.92,-0.848,2.052
2024-05-16 00:30:00,o,2.95,1.15,0.85,1.7990302282671713,-0.051854833828,0.338,0.027754621996,2.07,-1.109,2.673
2024-05-16 00:30:00,o,2.95,1.15,0.9,1.818720628220603,-0.053528905812,0.327,0.027573083311,2.13,-1.221,2.683
2024-05-16 00:30:00,o,2.95,1.15,0.95,1.8325152993428333,-0.047537611804,0.32,0.02442976559,2.17,-1.299,2.681
2024-05-16 00:30:00,o,3.0,0.05,0.0,2.011802963585356,-0.0081769007403,0.305,0.0050301447845,2.25,-1.459,2.104
2024-05-16 00:30:00,o,3.0,0.05,0.05,1.9478256844424506,-0.00065085582985,0.344,0.00084102503728,2.03,-1.036,2.789
2024-05-16 00:30:00,o,3.0,0.05,0.1,1.9509195400329034,-0.0073575855148,0.342,0.0051098232219,2.04,-1.054,2.693
2024-05-16 00:30:00,o,3.0,0.05,0.15,1.9860502960864626,-0.019010039263,0.306,0.010418509986,2.24,-1.438,2.532
2024-05-16 00:30:00,o,3.0,0.05,0.2,2.0926890712396777,-0.032645778384,0.243,0.014509071784,2.6,-2.215,2.327
2024-05-16 00:30:00,o,3.0,0.05,0.25,2.0926890712396777,-0.032645778384,0.243,0.014509071784,2.6,-2.215,2.327
2024-05-16 00:30:00,o,3.0,0.05,0.3,2.0256376050693228,-0.023126497839,0.264,0.010862256322,2.48,-1.948,1.917
2024-05-16 00:30:00,o,3.0,0.05,0.35,1.940670851175732,-0.016605920741,0.299,0.0092454962789,2.29,-1.541,1.864
2024-05-16 00:30:00,o,3.0,0.05,0.4,1.940670851175732,-0.016605920741,0.299,0.0092454962789,2.29,-1.541,1.864
2024-05-16 00:30:00,o,3.0,0.05,0.45,1.8132205948047482,0.0089448276757,0.361,-0.0058308602194,1.92,-0.848,1.791
2024-05-16 00:30:00,o,3.0,0.05,0.5,1.7308387787075967,0.021865800245,0.4,-0.016420042078,1.57,-0.369,1.771
2024-05-16 00:30:00,o,3.0,0.05,0.55,1.7308387787075967,0.021865800245,0.4,-0.016420042078,1.57,-0.369,1.771
2024-05-16 00:30:00,o,3.0,0.05,0.6,1.7308387787075967,0.021865800245,0.4,-0.016420042078,1.57,-0.369,1.771
2024-05-16 00:30:00,o,3.0,0.05,0.65,1.6946402920192736,0.036552542605,0.413,-0.008,1.35,-0.156,1.791
2024-05-16 00:30:00,o,3.0,0.05,0.7,1.6946402920192736,0.036552542605,0.413,-0.008,1.35,-0.156,1.791
2024-05-16 00:30:00,o,3.0,0.05,0.75,1.6645573644933707,0.049196586309,0.419,0.0,1.13,0.002,1.807
2024-05-16 00:30:00,o,3.0,0.05,0.8,1.6725688581536418,0.050780009203,0.417,-0.002,1.23,-0.064,2.38
2024-05-16 00:30:00,o,3.0,0.05,0.85,1.6725688581536418,0.050780009203,0.417,-0.002,1.23,-0.064,2.38
2024-05-16 00:30:00,o,3.0,0.05,0.9,1.6658997943309437,0.049361267677,0.419,0.0,1.13,0.002,2.445
2024-05-16 00:30:00,o,3.0,0.05,0.95,1.6732605789140949,0.046437929999,0.417,-0.002,1.23,-0.064,2.502
2024-05-16 00:30:00,o,3.0,0.1,0.0,2.011802963585356,-0.0081769007403,0.305,0.0050301447845,2.25,-1.459,2.104
2024-05-16 00:30:00,o,3.0,0.1,0.95,1.6795459941155866,0.056596677291,0.412,-0.007,1.35,-0.156,2.084
2024-05-16 00:30:00,o,3.0,0.15,0.0,2.105520403343448,-0.022529738444,0.255,0.0102149427,2.53,-2.059,1.915
2024-05-16 00:30:00,o,3.0,0.15,0.95,1.6814583303478174,0.066192331449,0.411,-0.008,1.38,-0.182,1.806
2024-05-16 00:30:00,o,3.0,0.2,0.0,2.105520403343448,-0.022529738444,0.255,0.0102149427,2.53,-2.059,1.915
2024-05-16 00:30:00,o,3.0,0.2,0.95,1.6814583303478174,0.066192331449,0.411,-0.008,1.38,-0.182,1.806
2024-05-16 00:30:00,o,3.0,0.25,0.0,2.1176987492582904,-0.02199776921,0.25,0.010519647069,2.56,-2.126,1.846
2024-05-16 00:30:00,o,3.0,0.25,0.95,1.68050774638014,0.073417469189,0.412,-0.007,1.35,-0.156,1.636
2024-05-16 00:30:00,o,3.0,0.3,0.0,2.0849585747218717,0.0048590435302,0.265,-0.0028923047398,2.47,-1.926,1.66
2024-05-16 00:30:00,o,3.0,0.3,0.95,1.6982919759444928,0.078103850414,0.4,-0.019,1.57,-0.369,1.659
2024-05-16 00:30:00,o,3.0,0.35,0.0,2.0849585747218717,0.0048590435302,0.265,-0.0028923047398,2.47,-1.926,1.66
2024-05-16 00:30:00,o,3.0,0.35,0.95,1.704253499367706,0.089082300443,0.396,-0.023,1.61,-0.415,1.687
2024-05-16 00:30:00,o,3.0,0.4,0.0,2.1104785974981466,0.0027701539595,0.253,-0.0013337165772,2.54,-2.081,1.705
2024-05-16 00:30:00,o,3.0,0.4,0.95,1.7149162479935849,0.087130639744,0.389,-0.03,1.69,-0.513,1.619
2024-05-16 00:30:00,o,3.0,0.45,0.0,2.1104785974981466,0.0027701539595,0.253,-0.0013337165772,2.54,-2.081,1.705
2024-05-16 00:30:00,o,3.0,0.45,0.95,1.719811728772036,0.086000013245,0.386,-0.033,1.73,-0.565,1.651
2024-05-16 00:30:00,o,3.0,0.5,0.0,2.0874193548607662,0.0084372060806,0.264,-0.0044560110125,2.48,-1.948,1.588
2024-05-16 00:30:00,o,3.0,0.5,0.95,1.719811728772036,0.086000013245,0.386,-0.033,1.73,-0.565,1.651
2024-05-16 00:30:00,o,3.0,0.55,0.0,2.0338417637570867,0.01160315431,0.292,-0.006697944141,2.32,-1.604,1.562
2024-05-16 00:30:00,o,3.0,0.55,0.95,1.7375345348843056,0.090063541025,0.375,-0.044,1.82,-0.692,1.564
2024-05-16 00:30:00,o,3.0,0.6,0.0,2.0338417637570867,0.01160315431,0.292,-0.006697944141,2.32,-1.604,1.562
2024-05-16 00:30:00,o,3.0,0.6,0.95,1.7445589559390429,0.070478961917,0.37,-0.046169553306,1.86,-0.753,1.567
2024-05-16 00:30:00,o,3.0,0.65,0.0,2.0274230034567444,0.0064033191591,0.296,-0.0033836558483,2.3,-1.562,1.538
2024-05-16 00:30:00,o,3.0,0.65,0.95,1.7451528950769004,0.068495859159,0.37,-0.044391622296,1.86,-0.753,1.641
2024-05-16 00:30:00,o,3.0,0.7,0.0,2.0274230034567444,0.0064033191591,0.296,-0.0033836558483,2.3,-1.562,1.538
2024-05-16 00:30:00,o,3.0,0.7,0.95,1.7434235244100473,0.063060811775,0.371,-0.040848338551,1.86,-0.753,1.643
2024-05-16 00:30:00,o,3.0,0.75,0.0,2.0274230034567444,0.0064033191591,0.296,-0.0033836558483,2.3,-1.562,1.538
2024-05-16 00:30:00,o,3.0,0.75,0.95,1.7477690409979152,0.054094843596,0.368,-0.034840450025,1.87,-0.768,1.624
2024-05-16 00:30:00,o,3.0,0.8,0.0,2.025395992502851,-0.018366987821,0.297,0.010155211972,2.3,-1.562,1.63
2024-05-16 00:30:00,o,3.0,0.8,0.95,1.7553182974989623,0.04605681892,0.364,-0.028542639007,1.9,-0.816,1.681
2024-05-16 00:30:00,o,3.0,0.85,0.0,2.025395992502851,-0.018366987821,0.297,0.010155211972,2.3,-1.562,1.63
2024-05-16 00:30:00,o,3.0,0.85,0.95,1.7553182974989623,0.04605681892,0.364,-0.028542639007,1.9,-0.816,1.681
2024-05-16 00:30:00,o,3.0,0.9,0.0,2.025395992502851,-0.018366987821,0.297,0.010155211972,2.3,-1.562,1.63
2024-05-16 00:30:00,o,3.0,0.9,0.95,1.7669256661274195,0.018148639055,0.357,-0.010600709633,1.95,-0.897,1.719
2024-05-16 00:30:00,o,3.0,0.95,0.0,2.0429494038136164,-0.018156104309,0.287,0.0093624321259,2.35,-1.667,1.686
2024-05-16 00:30:00,o,3.0,0.95,0.95,1.7913256602625107,0.0042621124427,0.343,-0.0019471719657,2.04,-1.054,1.873
2024-05-16 00:30:00,o,3.0,1.0,0.0,2.03756592791285,-0.034238782819,0.29,0.017894667577,2.33,-1.625,1.72
2024-05-16 00:30:00,o,3.0,1.0,0.95,1.805772631935669,0.0031288724688,0.334,-0.0021332346697,2.09,-1.146,1.884
2024-05-16 00:30:00,o,3.0,1.05,0.0,2.03756592791285,-0.034238782819,0.29,0.017894667577,2.33,-1.625,1.72
2024-05-16 00:30:00,o,3.0,1.05,0.95,1.810252686001182,-0.0094688791343,0.332,0.005269403456,2.1,-1.164,1.993
2024-05-16 00:30:00,o,3.0,1.1,0.0,2.049345965589363,-0.023315599528,0.284,0.012332924083,2.36,-1.688,2.106
2024-05-16 00:30:00,o,3.0,1.1,0.95,1.8247309501900801,-0.026282656634,0.324,0.013820868913,2.15,-1.26,2.036
2024-05-16 00:30:00,o,3.0,1.15,0.0,2.049345965589363,-0.023315599528,0.284,0.012332924083,2.36,-1.688,2.106
2024-05-16 00:30:00,o,3.0,1.15,0.05,2.061595712325304,-0.020568280244,0.277,0.010146079814,2.4,-1.774,2.646
2024-05-16 00:30:00,o,3.0,1.15,0.1,2.056207134245278,-0.031190913392,0.279,0.015753011623,2.4,-1.774,2.535
2024-05-16 00:30:00,o,3.0,1.15,0.15,2.017329727641336,-0.045406394371,0.286,0.02331839749,2.35,-1.667,2.441
2024-05-16 00:30:00,o,3.0,1.15,0.2,2.017329727641336,-0.045406394371,0.286,0.02331839749,2.35,-1.667,2.441
2024-05-16 00:30:00,o,3.0,1.15,0.25,1.997237807552896,-0.024455807417,0.29,0.013277103381,2.33,-1.625,1.895
2024-05-16 00:30:00,o,3.0,1.15,0.3,1.9201494249345168,-0.030706897247,0.326,0.018646288818,2.14,-1.24,1.747
2024-05-16 00:30:00,o,3.0,1.15,0.35,1.8146137940059597,-0.025774625596,0.372,0.018142677265,1.84,-0.722,1.774
2024-05-16 00:30:00,o,3.0,1.15,0.4,1.8146137940059597,-0.025774625596,0.372,0.018142677265,1.84,-0.722,1.774
2024-05-16 00:30:00,o,3.0,1.15,0.45,1.7622207756724317,-0.021989844096,0.394,0.015885711609,1.65,-0.463,1.748
2024-05-16 00:30:00,o,3.0,1.15,0.5,1.7622207756724317,-0.021989844096,0.394,0.015885711609,1.65,-0.463,1.748
2024-05-16 00:30:00,o,3.0,1.15,0.55,1.7561871306354468,-0.02314235338,0.395,0.016970807301,1.63,-0.438,1.718
2024-05-16 00:30:00,o,3.0,1.15,0.6,1.748761537299956,-0.015944992387,0.399,0.011639940083,1.57,-0.369,1.696
2024-05-16 00:30:00,o,3.0,1.15,0.65,1.727963959735886,-0.0043976289339,0.396,0.0033521020511,1.61,-0.415,1.666
2024-05-16 00:30:00,o,3.0,1.15,0.7,1.7429371220708623,-0.026307236362,0.371,0.015688595988,1.86,-0.753,2.008
2024-05-16 00:30:00,o,3.0,1.15,0.75,1.7429371220708623,-0.026307236362,0.371,0.015688595988,1.86,-0.753,2.008
2024-05-16 00:30:00,o,3.0,1.15,0.8,1.7888963003554021,-0.042045049262,0.344,0.023303128626,2.03,-1.036,2.386
2024-05-16 00:30:00,o,3.0,1.15,0.85,1.7888963003554021,-0.042045049262,0.344,0.023303128626,2.03,-1.036,2.386
2024-05-16 00:30:00,o,3.0,1.15,0.9,1.818720628220603,-0.053528905812,0.327,0.027573083311,2.13,-1.221,2.683
2024-05-16 00:30:00,o,3.0,1.15,0.95,1.8325152993428333,-0.047537611804,0.32,0.02442976559,2.17,-1.299,2.681
2024-05-16 00:30:00,o,3.05,0.05,0.0,2.067227129281864,-0.0036305025146,0.274,0.0014094411596,2.42,-1.817,1.916
2024-05-16 00:30:00,o,3.05,0.05,0.05,2.011802963585356,-0.0081769007403,0.305,0.0050301447845,2.25,-1.459,2.104
2024-05-16 00:30:00,o,3.05,0.05,0.1,2.0470177200971524,-0.021134733096,0.285,0.011018699226,2.36,-1.688,2.085
2024-05-16 00:30:00,o,3.05,0.05,0.15,2.0926890712396777,-0.032645778384,0.243,0.014509071784,2.6,-2.215,2.327
2024-05-16 00:30:00,o,3.05,0.05,0.2,2.0926890712396777,-0.032645778384,0.243,0.014509071784,2.6,-2.215,2.327
2024-05-16 00:30:00,o,3.05,0.05,0.25,2.0926890712396777,-0.032645778384,0.243,0.014509071784,2.6,-2.215,2.327
2024-05-16 00:30:00,o,3.05,0.05,0.3,2.0256376050693228,-0.023126497839,0.264,0.010862256322,2.48,-1.948,1.917
2024-05-16 00:30:00,o,3.05,0.05,0.35,1.940670851175732,-0.016605920741,0.299,0.0092454962789,2.29,-1.541,1.864
2024-05-16 00:30:00,o,3.05,0.05,0.4,1.9037029951124955,-0.021449172303,0.313,0.012673549541,2.21,-1.378,1.729
2024-05-16 00:30:00,o,3.05,0.05,0.45,1.8432763922834645,-0.015104382985,0.337,0.0096719987995,2.07,-1.109,1.651
2024-05-16 00:30:00,o,3.05,0.05,0.5,1.8130670028929492,-0.0026966421152,0.354,0.0022254909446,1.97,-0.931,1.711
2024-05-16 00:30:00,o,3.05,0.05,0.55,1.7675565683851597,0.007760342565,0.374,-0.0052923968402,1.83,-0.707,1.707
2024-05-16 00:30:00,o,3.05,0.05,0.6,1.7308387787075967,0.021865800245,0.4,-0.016420042078,1.57,-0.369,1.771
2024-05-16 00:30:00,o,3.05,0.05,0.65,1.6946402920192736,0.036552542605,0.413,-0.008,1.35,-0.156,1.791
2024-05-16 00:30:00,o,3.05,0.05,0.7,1.7058209646602907,0.037313909753,0.399,-0.021,1.57,-0.369,1.75
2024-05-16 00:30:00,o,3.05,0.05,0.75,1.7215138420840224,0.036139394292,0.385,-0.023433492269,1.73,-0.565,1.841
2024-05-16 00:30:00,o,3.05,0.05,0.8,1.7156942164162914,0.054696004926,0.388,-0.031,1.71,-0.539,2.216
2024-05-16 00:30:00,o,3.05,0.05,0.85,1.696766895680132,0.057838574371,0.401,-0.018,1.56,-0.358,2.254
2024-05-16 00:30:00,o,3.05,0.05,0.9,1.6795459941155866,0.056596677291,0.412,-0.007,1.35,-0.156,2.084
2024-05-16 00:30:00,o,3.05,0.05,0.95,1.6820908990468717,0.050870422908,0.411,-0.008,1.38,-0.182,2.1
2024-05-16 00:30:00,o,3.05,0.1,0.0,2.011802963585356,-0.0081769007403,0.305,0.0050301447845,2.25,-1.459,2.104
2024-05-16 00:30:00,o,3.05,0.1,0.95,1.6795459941155866,0.056596677291,0.412,-0.007,1.35,-0.156,2.084
2024-05-16 00:30:00,o,3.05,0.15,0.0,2.105520403343448,-0.022529738444,0.255,0.0102149427,2.53,-2.059,1.915
2024-05-16 00:30:00,o,3.05,0.15,0.95,1.69137328242647,0.065402684748,0.404,-0.015,1.52,-0.315,1.838
2024-05-16 00:30:00,o,3.05,0.2,0.0,2.1176987492582904,-0.02199776921,0.25,0.010519647069,2.56,-2.126,1.846
2024-05-16 00:30:00,o,3.05,0.2,0.95,1.69137328242647,0.065402684748,0.404,-0.015,1.52,-0.315,1.838
2024-05-16 00:30:00,o,3.05,0.25,0.0,2.1176987492582904,-0.02199776921,0.25,0.010519647069,2.56,-2.126,1.846
2024-05-16 00:30:00,o,3.05,0.25,0.95,1.7019563451928037,0.068669725365,0.397,-0.022,1.61,-0.415,1.67
2024-05-16 00:30:00,o,3.05,0.3,0.0,2.0849585747218717,0.0048590435302,0.265,-0.0028923047398,2.47,-1.926,1.66
2024-05-16 00:30:00,o,3.05,0.3,0.95,1.7019563451928037,0.068669725365,0.397,-0.022,1.61,-0.415,1.67
2024-05-16 00:30:00,o,3.05,0.35,0.0,2.0849585747218717,0.0048590435302,0.265,-0.0028923047398,2.47,-1.926,1.66
2024-05-16 00:30:00,o,3.05,0.35,0.95,1.6982919759444928,0.078103850414,0.4,-0.019,1.57,-0.369,1.659
2024-05-16 00:30:00,o,3.05,0.4,0.0,2.0849585747218717,0.0048590435302,0.265,-0.0028923047398,2.47,-1.926,1.66
2024-05-16 00:30:00,o,3.05,0.4,0.95,1.7149162479935849,0.087130639744,0.389,-0.03,1.69,-0.513,1.619
2024-05-16 00:30:00,o,3.05,0.45,0.0,2.0849585747218717,0.0048590435302,0.265,-0.0028923047398,2.47,-1.926,1.66
2024-05-16 00:30:00,o,3.05,0.45,0.95,1.719811728772036,0.086000013245,0.386,-0.033,1.73,-0.565,1.651
2024-05-16 00:30:00,o,3.05,0.5,0.0,2.0354737658080793,0.015100051244,0.291,-0.0087476869011,2.33,-1.625,1.51
2024-05-16 00:30:00,o,3.05,0.5,0.95,1.719811728772036,0.086000013245,0.386,-0.033,1.73,-0.565,1.651
2024-05-16 00:30:00,o,3.05,0.55,0.0,2.0338417637570867,0.01160315431,0.292,-0.006697944141,2.32,-1.604,1.562
2024-05-16 00:30:00,o,3.05,0.55,0.95,1.7203743293378244,0.068069957314,0.385,-0.034,1.73,-0.565,1.625
2024-05-16 00:30:00,o,3.05,0.6,0.0,2.0338417637570867,0.01160315431,0.292,-0.006697944141,2.32,-1.604,1.562
2024-05-16 00:30:00,o,3.05,0.6,0.95,1.7374550490899654,0.059984975442,0.375,-0.038832275887,1.82,-0.692,1.596
2024-05-16 00:30:00,o,3.05,0.65,0.0,2.0338417637570867,0.01160315431,0.292,-0.006697944141,2.32,-1.604,1.562
2024-05-16 00:30:00,o,3.05,0.65,0.95,1.7434235244100473,0.063060811775,0.371,-0.040848338551,1.86,-0.753,1.643
2024-05-16 00:30:00,o,3.05,0.7,0.0,2.0274230034567444,0.0064033191591,0.296,-0.0033836558483,2.3,-1.562,1.538
2024-05-16 00:30:00,o,3.05,0.7,0.95,1.7434235244100473,0.063060811775,0.371,-0.040848338551,1.86,-0.753,1.643
2024-05-16 00:30:00,o,3.05,0.75,0.0,2.0106942052436265,-0.0107927937,0.305,0.0058794199324,2.25,-1.459,1.555
2024-05-16 00:30:00,o,3.05,0.75,0.95,1.7477690409979152,0.054094843596,0.368,-0.034840450025,1.87,-0.768,1.624
2024-05-16 00:30:00,o,3.05,0.8,0.0,2.0106942052436265,-0.0107927937,0.305,0.0058794199324,2.25,-1.459,1.555
2024-05-16 00:30:00,o,3.05,0.8,0.95,1.7588362247469582,0.034183583794,0.362,-0.020632718295,1.92,-0.848,1.664
2024-05-16 00:30:00,o,3.05,0.85,0.0,2.0092171127643015,-0.032759503141,0.306,0.018189647623,2.24,-1.438,1.631
2024-05-16 00:30:00,o,3.05,0.85,0.95,1.7588362247469582,0.034183583794,0.362,-0.020632718295,1.92,-0.848,1.664
2024-05-16 00:30:00,o,3.05,0.9,0.0,2.0092171127643015,-0.032759503141,0.306,0.018189647623,2.24,-1.438,1.631
2024-05-16 00:30:00,o,3.05,0.9,0.95,1.7656536558934437,0.025575324951,0.357,-0.015951584517,1.95,-0.897,1.638
2024-05-16 00:30:00,o,3.05,0.95,0.0,2.018775370570903,-0.042718575628,0.301,0.023565235712,2.28,-1.52,1.668
2024-05-16 00:30:00,o,3.05,0.95,0.95,1.8045959855289968,0.016512501084,0.335,-0.0093631753315,2.09,-1.146,1.769
2024-05-16 00:30:00,o,3.05,1.0,0.0,2.03756592791285,-0.034238782819,0.29,0.017894667577,2.33,-1.625,1.72
2024-05-16 00:30:00,o,3.05,1.0,0.95,1.805772631935669,0.0031288724688,0.334,-0.0021332346697,2.09,-1.146,1.884
2024-05-16 00:30:00,o,3.05,1.05,0.0,2.03756592791285,-0.034238782819,0.29,0.017894667577,2.33,-1.625,1.72
2024-05-16 00:30:00,o,3.05,1.05,0.95,1.8191818725930924,-0.017578850385,0.327,0.009388630066,2.13,-1.221,2.142
2024-05-16 00:30:00,o,3.05,1.1,0.0,2.049345965589363,-0.023315599528,0.284,0.012332924083,2.36,-1.688,2.106
2024-05-16 00:30:00,o,3.05,1.1,0.95,1.8191818725930924,-0.017578850385,0.327,0.009388630066,2.13,-1.221,2.142
2024-05-16 00:30:00,o,3.05,1.15,0.0,2.0308141853837336,-0.017631502715,0.294,0.0096709581631,2.31,-1.583,1.986
2024-05-16 00:30:00,o,3.05,1.15,0.05,2.049345965589363,-0.023315599528,0.284,0.012332924083,2.36,-1.688,2.106
2024-05-16 00:30:00,o,3.05,1.15,0.1,2.0438689867252875,-0.037528733764,0.287,0.019761130174,2.35,-1.667,1.937
2024-05-16 00:30:00,o,3.05,1.15,0.15,1.989009069978073,-0.055185626342,0.302,0.029848741784,2.27,-1.5,2.23
2024-05-16 00:30:00,o,3.05,1.15,0.2,1.989009069978073,-0.055185626342,0.302,0.029848741784,2.27,-1.5,2.23
2024-05-16 00:30:00,o,3.05,1.15,0.25,1.958673756814825,-0.048078868004,0.313,0.027301193737,2.21,-1.378,1.713
2024-05-16 00:30:00,o,3.05,1.15,0.3,1.8588859367367867,-0.043644535845,0.353,0.027942437391,1.97,-0.931,1.792
2024-05-16 00:30:00,o,3.05,1.15,0.35,1.844539302129008,-0.033637678362,0.36,0.022212585133,1.93,-0.864,1.745
2024-05-16 00:30:00,o,3.05,1.15,0.4,1.844539302129008,-0.033637678362,0.36,0.022212585133,1.93,-0.864,1.745
2024-05-16 00:30:00,o,3.05,1.15,0.45,1.7561871306354468,-0.02314235338,0.395,0.016970807301,1.63,-0.438,1.718
2024-05-16 00:30:00,o,3.05,1.15,0.5,1.7561871306354468,-0.02314235338,0.395,0.016970807301,1.63,-0.438,1.718
2024-05-16 00:30:00,o,3.05,1.15,0.55,1.7561871306354468,-0.02314235338,0.395,0.016970807301,1.63,-0.438,1.718
2024-05-16 00:30:00,o,3.05,1.15,0.6,1.749210516538033,-0.022986459333,0.387,0.016055654769,1.71,-0.539,1.736
2024-05-16 00:30:00,o,3.05,1.15,0.65,1.7452622163775593,-0.01004082291,0.377,0.0063920728899,1.81,-0.678,1.736
2024-05-16 00:30:00,o,3.05,1.15,0.7,1.7575782120363739,-0.007426848007,0.362,0.0041773698832,1.92,-0.848,1.888
2024-05-16 00:30:00,o,3.05,1.15,0.75,1.7608445090513858,-0.016901210539,0.36,0.0096715492307,1.93,-0.864,2.019
2024-05-16 00:30:00,o,3.05,1.15,0.8,1.789298611159441,-0.010916539574,0.344,0.0065078328417,2.03,-1.036,2.334
2024-05-16 00:30:00,o,3.05,1.15,0.85,1.789298611159441,-0.010916539574,0.344,0.0065078328417,2.03,-1.036,2.334
2024-05-16 00:30:00,o,3.05,1.15,0.9,1.8191818725930924,-0.017578850385,0.327,0.009388630066,2.13,-1.221,2.142
2024-05-16 00:30:00,o,3.05,1.15,0.95,1.8402755115670049,-0.024508401072,0.316,0.012836236733,2.19,-1.338,2.206
2024-05-16 00:30:00,o,3.1,0.05,0.0,2.067227129281864,-0.0036305025146,0.274,0.0014094411596,2.42,-1.817,1.916
2024-05-16 00:30:00,o,3.1,0.05,0.05,2.118337488299989,-0.0013340159107,0.249,0.00032610587308,2.56,-2.126,1.923
2024-05-16 00:30:00,o,3.1,0.05,0.1,2.1493022674671334,-0.0070499832993,0.235,0.0029068808838,2.65,-2.328,2.012
2024-05-16 00:30:00,o,3.1,0.05,0.15,2.1620413851482665,-0.028623611181,0.215,0.011041786834,2.78,-2.623,2.245
2024-05-16 00:30:00,o,3.1,0.05,0.2,2.1209389799189253,-0.033740564349,0.232,0.014155070761,2.66,-2.351,2.09
2024-05-16 00:30:00,o,3.1,0.05,0.25,2.1209389799189253,-0.033740564349,0.232,0.014155070761,2.66,-2.351,2.09
2024-05-16 00:30:00,o,3.1,0.05,0.3,2.04958624131185,-0.026660865834,0.255,0.012370666144,2.53,-2.059,1.784
2024-05-16 00:30:00,o,3.1,0.05,0.35,1.9037029951124955,-0.021449172303,0.313,0.012673549541,2.21,-1.378,1.729
2024-05-16 00:30:00,o,3.1,0.05,0.4,1.9037029951124955,-0.021449172303,0.313,0.012673549541,2.21,-1.378,1.729
2024-05-16 00:30:00,o,3.1,0.05,0.45,1.8432763922834645,-0.015104382985,0.337,0.0096719987995,2.07,-1.109,1.651
2024-05-16 00:30:00,o,3.1,0.05,0.5,1.8432763922834645,-0.015104382985,0.337,0.0096719987995,2.07,-1.109,1.651
2024-05-16 00:30:00,o,3.1,0.05,0.55,1.7997470793531252,-0.0077202963312,0.356,0.0053956364041,1.96,-0.914,1.655
2024-05-16 00:30:00,o,3.1,0.05,0.6,1.7675565683851597,0.007760342565,0.374,-0.0052923968402,1.83,-0.707,1.707
2024-05-16 00:30:00,o,3.1,0.05,0.65,1.7058209646602907,0.037313909753,0.399,-0.021,1.57,-0.369,1.75
2024-05-16 00:30:00,o,3.1,0.05,0.7,1.7215138420840224,0.036139394292,0.385,-0.023433492269,1.73,-0.565,1.841
2024-05-16 00:30:00,o,3.1,0.05,0.75,1.7215138420840224,0.036139394292,0.385,-0.023433492269,1.73,-0.565,1.841
2024-05-16 00:30:00,o,3.1,0.05,0.8,1.7182691171313622,0.04601420236,0.387,-0.030433308794,1.71,-0.539,1.895
2024-05-16 00:30:00,o,3.1,0.05,0.85,1.7156942164162914,0.054696004926,0.388,-0.031,1.71,-0.539,2.216
2024-05-16 00:30:00,o,3.1,0.05,0.9,1.7348398180315716,0.054876198117,0.376,-0.03612149255,1.81,-0.678,2.196
2024-05-16 00:30:00,o,3.1,0.05,0.95,1.7348398180315716,0.054876198117,0.376,-0.03612149255,1.81,-0.678,2.196
2024-05-16 00:30:00,o,3.1,0.1,0.0,2.067227129281864,-0.0036305025146,0.274,0.0014094411596,2.42,-1.817,1.916
2024-05-16 00:30:00,o,3.1,0.1,0.95,1.7348398180315716,0.054876198117,0.376,-0.03612149255,1.81,-0.678,2.196
2024-05-16 00:30:00,o,3.1,0.15,0.0,2.1176987492582904,-0.02199776921,0.25,0.010519647069,2.56,-2.126,1.846
2024-05-16 00:30:00,o,3.1,0.15,0.95,1.7098717880908108,0.064832888914,0.392,-0.027,1.67,-0.487,1.772
2024-05-16 00:30:00,o,3.1,0.2,0.0,2.1176987492582904,-0.02199776921,0.25,0.010519647069,2.56,-2.126,1.846
2024-05-16 00:30:00,o,3.1,0.2,0.95,1.7098717880908108,0.064832888914,0.392,-0.027,1.67,-0.487,1.772
2024-05-16 00:30:00,o,3.1,0.25,0.0,2.1176987492582904,-0.02199776921,0.25,0.010519647069,2.56,-2.126,1.846
2024-05-16 00:30:00,o,3.1,0.25,0.95,1.7097447109838042,0.066055211181,0.392,-0.027,1.67,-0.487,1.696
2024-05-16 00:30:00,o,3.1,0.3,0.0,2.0849585747218717,0.0048590435302,0.265,-0.0028923047398,2.47,-1.926,1.66
2024-05-16 00:30:00,o,3.1,0.3,0.95,1.7019563451928037,0.068669725365,0.397,-0.022,1.61,-0.415,1.67
2024-05-16 00:30:00,o,3.1,0.35,0.0,2.0849585747218717,0.0048590435302,0.265,-0.0028923047398,2.47,-1.926,1.66
2024-05-16 00:30:00,o,3.1,0.35,0.95,1.717320930008821,0.057689918402,0.387,-0.032,1.71,-0.539,1.657
2024-05-16 00:30:00,o,3.1,0.4,0.0,2.0849585747218717,0.0048590435302,0.265,-0.0028923047398,2.47,-1.926,1.66
2024-05-16 00:30:00,o,3.1,0.4,0.95,1.7190908666327356,0.054994451781,0.386,-0.033,1.73,-0.565,1.552
2024-05-16 00:30:00,o,3.1,0.45,0.0,2.0619083996943086,0.015448354932,0.277,-0.0083931067342,2.4,-1.774,1.521
2024-05-16 00:30:00,o,3.1,0.45,0.95,1.7203743293378244,0.068069957314,0.385,-0.034,1.73,-0.565,1.625
2024-05-16 00:30:00,o,3.1,0.5,0.0,2.0354737658080793,0.015100051244,0.291,-0.0087476869011,2.33,-1.625,1.51
2024-05-16 00:30:00,o,3.1,0.5,0.95,1.7203743293378244,0.068069957314,0.385,-0.034,1.73,-0.565,1.625
2024-05-16 00:30:00,o,3.1,0.55,0.0,2.0354737658080793,0.015100051244,0.291,-0.0087476869011,2.33,-1.625,1.51
2024-05-16 00:30:00,o,3.1,0.55,0.95,1.7272646518755328,0.058804184592,0.381,-0.038,1.77,-0.62,1.632
2024-05-16 00:30:00,o,3.1,0.6,0.0,2.0354737658080793,0.015100051244,0.291,-0.0087476869011,2.33,-1.625,1.51
2024-05-16 00:30:00,o,3.1,0.6,0.95,1.7272646518755328,0.058804184592,0.381,-0.038,1.77,-0.62,1.632
2024-05-16 00:30:00,o,3.1,0.65,0.0,2.0338417637570867,0.01160315431,0.292,-0.006697944141,2.32,-1.604,1.562
2024-05-16 00:30:00,o,3.1,0.65,0.95,1.7374550490899654,0.059984975442,0.375,-0.038832275887,1.82,-0.692,1.596
2024-05-16 00:30:00,o,3.1,0.7,0.0,2.0106942052436265,-0.0107927937,0.305,0.0058794199324,2.25,-1.459,1.555
2024-05-16 00:30:00,o,3.1,0.7,0.95,1.7434235244100473,0.063060811775,0.371,-0.040848338551,1.86,-0.753,1.643
2024-05-16 00:30:00,o,3.1,0.75,0.0,2.0106942052436265,-0.0107927937,0.305,0.0058794199324,2.25,-1.459,1.555
2024-05-16 00:30:00,o,3.1,0.75,0.95,1.750963278647134,0.036792845328,0.366,-0.023354343107,1.88,-0.784,1.602
2024-05-16 00:30:00,o,3.1,0.8,0.0,2.0106942052436265,-0.0107927937,0.305,0.0058794199324,2.25,-1.459,1.555
2024-05-16 00:30:00,o,3.1,0.8,0.95,1.7588362247469582,0.034183583794,0.362,-0.020632718295,1.92,-0.848,1.664
2024-05-16 00:30:00,o,3.1,0.85,0.0,2.0092171127643015,-0.032759503141,0.306,0.018189647623,2.24,-1.438,1.631
2024-05-16 00:30:00,o,3.1,0.85,0.95,1.7588362247469582,0.034183583794,0.362,-0.020632718295,1.92,-0.848,1.664
2024-05-16 00:30:00,o,3.1,0.9,0.0,2.018775370570903,-0.042718575628,0.301,0.023565235712,2.28,-1.52,1.668
2024-05-16 00:30:00,o,3.1,0.9,0.95,1.7815471505290599,0.019807196378,0.348,-0.011768868141,2.01,-1.001,1.668
2024-05-16 00:30:00,o,3.1,0.95,0.0,2.018775370570903,-0.042718575628,0.301,0.023565235712,2.28,-1.52,1.668
2024-05-16 00:30:00,o,3.1,0.95,0.95,1.8045959855289968,0.016512501084,0.335,-0.0093631753315,2.09,-1.146,1.769
2024-05-16 00:30:00,o,3.1,1.0,0.0,2.018775370570903,-0.042718575628,0.301,0.023565235712,2.28,-1.52,1.668
2024-05-16 00:30:00,o,3.1,1.0,0.95,1.8045959855289968,0.016512501084,0.335,-0.0093631753315,2.09,-1.146,1.769
2024-05-16 00:30:00,o,3.1,1.05,0.0,2.0243337612127372,-0.035785893952,0.298,0.019847052286,2.29,-1.541,1.803
2024-05-16 00:30:00,o,3.1,1.05,0.95,1.830107278114626,0.031442823843,0.321,-0.017362734732,2.16,-1.279,2.193
2024-05-16 00:30:00,o,3.1,1.1,0.0,2.0308141853837336,-0.017631502715,0.294,0.0096709581631,2.31,-1.583,1.986
2024-05-16 00:30:00,o,3.1,1.1,0.95,1.830107278114626,0.031442823843,0.321,-0.017362734732,2.16,-1.279,2.193
2024-05-16 00:30:00,o,3.1,1.15,0.0,2.0308141853837336,-0.017631502715,0.294,0.0096709581631,2.31,-1.583,1.986
2024-05-16 00:30:00,o,3.1,1.15,0.05,2.0308141853837336,-0.017631502715,0.294,0.0096709581631,2.31,-1.583,1.986
2024-05-16 00:30:00,o,3.1,1.15,0.1,2.0152172029390476,-0.02009644102,0.303,0.011559424556,2.27,-1.5,2.435
2024-05-16 00:30:00,o,3.1,1.15,0.15,1.9849366623116793,-0.045168986299,0.305,0.025148267418,2.25,-1.459,2.808
2024-05-16 00:30:00,o,3.1,1.15,0.2,1.958014097911251,-0.04618255955,0.311,0.025540132239,2.22,-1.398,2.072
2024-05-16 00:30:00,o,3.1,1.15,0.25,1.9285801834315026,-0.051072882773,0.323,0.02932421626,2.15,-1.26,1.897
2024-05-16 00:30:00,o,3.1,1.15,0.3,1.8588859367367867,-0.043644535845,0.353,0.027942437391,1.97,-0.931,1.792
2024-05-16 00:30:00,o,3.1,1.15,0.35,1.8588859367367867,-0.043644535845,0.353,0.027942437391,1.97,-0.931,1.792
2024-05-16 00:30:00,o,3.1,1.15,0.4,1.8588859367367867,-0.043644535845,0.353,0.027942437391,1.97,-0.931,1.792
2024-05-16 00:30:00,o,3.1,1.15,0.45,1.8035458774618196,-0.028860836284,0.378,0.020118477797,1.8,-0.663,1.649
2024-05-16 00:30:00,o,3.1,1.15,0.5,1.749210516538033,-0.022986459333,0.387,0.016055654769,1.71,-0.539,1.736
2024-05-16 00:30:00,o,3.1,1.15,0.55,1.749210516538033,-0.022986459333,0.387,0.016055654769,1.71,-0.539,1.736
2024-05-16 00:30:00,o,3.1,1.15,0.6,1.749210516538033,-0.022986459333,0.387,0.016055654769,1.71,-0.539,1.736
2024-05-16 00:30:00,o,3.1,1.15,0.65,1.7452622163775593,-0.01004082291,0.377,0.0063920728899,1.81,-0.678,1.736
2024-05-16 00:30:00,o,3.1,1.15,0.7,1.7575782120363739,-0.007426848007,0.362,0.0041773698832,1.92,-0.848,1.888
2024-05-16 00:30:00,o,3.1,1.15,0.75,1.7575782120363739,-0.007426848007,0.362,0.0041773698832,1.92,-0.848,1.888
2024-05-16 00:30:00,o,3.1,1.15,0.8,1.8088723797441058,0.027569481254,0.333,-0.015264254671,2.1,-1.164,2.399
2024-05-16 00:30:00,o,3.1,1.15,0.85,1.8088723797441058,0.027569481254,0.333,-0.015264254671,2.1,-1.164,2.399
2024-05-16 00:30:00,o,3.1,1.15,0.9,1.8472579283867048,0.052498097048,0.312,-0.028564765795,2.21,-1.378,2.559
2024-05-16 00:30:00,o,3.1,1.15,0.95,1.8661277730258945,0.042705714494,0.302,-0.022728119126,2.27,-1.5,2.444
2024-05-16 00:30:00,o,3.15,0.05,0.0,2.118337488299989,-0.0013340159107,0.249,0.00032610587308,2.56,-2.126,1.923
2024-05-16 00:30:00,o,3.15,0.05,0.05,2.1394067704417923,0.0012620262623,0.24,-0.00018046370471,2.61,-2.238,2.732
2024-05-16 00:30:00,o,3.15,0.05,0.1,2.1550565413074576,0.0063644458541,0.231,-0.0031367477354,2.68,-2.396,2.118
2024-05-16 00:30:00,o,3.15,0.05,0.15,2.164846362159262,-0.010816181473,0.217,0.0045219114384,2.77,-2.601,2.113
2024-05-16 00:30:00,o,3.15,0.05,0.2,2.218433089968825,-0.033102931519,0.197,0.012204848116,2.9,-2.898,3.303
2024-05-16 00:30:00,o,3.15,0.05,0.25,2.1620413851482665,-0.028623611181,0.215,0.011041786834,2.78,-2.623,2.245
2024-05-16 00:30:00,o,3.15,0.05,0.3,2.058695476761616,-0.027849423598,0.249,0.012825284157,2.56,-2.126,1.44
2024-05-16 00:30:00,o,3.15,0.05,0.35,1.934397440780988,-0.029206244436,0.297,0.016045171193,2.3,-1.562,1.648
2024-05-16 00:30:00,o,3.15,0.05,0.4,1.934397440780988,-0.029206244436,0.297,0.016045171193,2.3,-1.562,1.648
2024-05-16 00:30:00,o,3.15,0.05,0.45,1.8432763922834645,-0.015104382985,0.337,0.0096719987995,2.07,-1.109,1.651
2024-05-16 00:30:00,o,3.15,0.05,0.5,1.8432763922834645,-0.015104382985,0.337,0.0096719987995,2.07,-1.109,1.651
2024-05-16 00:30:00,o,3.15,0.05,0.55,1.7997470793531252,-0.0077202963312,0.356,0.0053956364041,1.96,-0.914,1.655
2024-05-16 00:30:00,o,3.15,0.05,0.6,1.7997470793531252,-0.0077202963312,0.356,0.0053956364041,1.96,-0.914,1.655
2024-05-16 00:30:00,o,3.15,0.05,0.65,1.7420649419474117,0.022244934355,0.372,-0.013717063292,1.84,-0.722,1.697
2024-05-16 00:30:00,o,3.15,0.05,0.7,1.7420649419474117,0.022244934355,0.372,-0.013717063292,1.84,-0.722,1.697
2024-05-16 00:30:00,o,3.15,0.05,0.75,1.7215138420840224,0.036139394292,0.385,-0.023433492269,1.73,-0.565,1.841
2024-05-16 00:30:00,o,3.15,0.05,0.8,1.7182691171313622,0.04601420236,0.387,-0.030433308794,1.71,-0.539,1.895
2024-05-16 00:30:00,o,3.15,0.05,0.85,1.7515793102146746,0.046725565648,0.366,-0.029427638472,1.88,-0.784,2.213
2024-05-16 00:30:00,o,3.15,0.05,0.9,1.7544706549575402,0.050079883528,0.364,-0.031731896679,1.9,-0.816,2.222
2024-05-16 00:30:00,o,3.15,0.05,0.95,1.7544706549575402,0.050079883528,0.364,-0.031731896679,1.9,-0.816,2.222
2024-05-16 00:30:00,o,3.15,0.1,0.0,2.118337488299989,-0.0013340159107,0.249,0.00032610587308,2.56,-2.126,1.923
2024-05-16 00:30:00,o,3.15,0.1,0.95,1.7440973109040458,0.053192756849,0.37,-0.034698292602,1.86,-0.753,2.012
2024-05-16 00:30:00,o,3.15,0.15,0.0,2.1251818734462034,0.0029496070116,0.246,-0.0014788386197,2.58,-2.17,1.699
2024-05-16 00:30:00,o,3.15,0.15,0.95,1.729998547283423,0.058927576628,0.379,-0.039255168978,1.8,-0.663,1.929
2024-05-16 00:30:00,o,3.15,0.2,0.0,2.1251818734462034,0.0029496070116,0.246,-0.0014788386197,2.58,-2.17,1.699
2024-05-16 00:30:00,o,3.15,0.2,0.95,1.7330447134525635,0.055018267048,0.377,-0.036449942717,1.81,-0.678,1.74
2024-05-16 00:30:00,o,3.15,0.25,0.0,2.1176987492582904,-0.02199776921,0.25,0.010519647069,2.56,-2.126,1.846
2024-05-16 00:30:00,o,3.15,0.25,0.95,1.7194721611979684,0.06099331445,0.386,-0.033,1.73,-0.565,1.673
2024-05-16 00:30:00,o,3.15,0.3,0.0,2.0849585747218717,0.0048590435302,0.265,-0.0028923047398,2.47,-1.926,1.66
2024-05-16 00:30:00,o,3.15,0.3,0.95,1.717320930008821,0.057689918402,0.387,-0.032,1.71,-0.539,1.657
2024-05-16 00:30:00,o,3.15,0.35,0.0,2.0619083996943086,0.015448354932,0.277,-0.0083931067342,2.4,-1.774,1.521
2024-05-16 00:30:00,o,3.15,0.35,0.95,1.716787705699772,0.051216094794,0.388,-0.031,1.71,-0.539,1.584
2024-05-16 00:30:00,o,3.15,0.4,0.0,2.0619083996943086,0.015448354932,0.277,-0.0083931067342,2.4,-1.774,1.521
2024-05-16 00:30:00,o,3.15,0.4,0.95,1.716787705699772,0.051216094794,0.388,-0.031,1.71,-0.539,1.584
2024-05-16 00:30:00,o,3.15,0.45,0.0,2.0619083996943086,0.015448354932,0.277,-0.0083931067342,2.4,-1.774,1.521
2024-05-16 00:30:00,o,3.15,0.45,0.95,1.71734590884194,0.05342836128,0.387,-0.032,1.71,-0.539,1.591
2024-05-16 00:30:00,o,3.15,0.5,0.0,2.0619083996943086,0.015448354932,0.277,-0.0083931067342,2.4,-1.774,1.521
2024-05-16 00:30:00,o,3.15,0.5,0.95,1.7203743293378244,0.068069957314,0.385,-0.034,1.73,-0.565,1.625
2024-05-16 00:30:00,o,3.15,0.55,0.0,2.0354737658080793,0.015100051244,0.291,-0.0087476869011,2.33,-1.625,1.51
2024-05-16 00:30:00,o,3.15,0.55,0.95,1.7272646518755328,0.058804184592,0.381,-0.038,1.77,-0.62,1.632
2024-05-16 00:30:00,o,3.15,0.6,0.0,2.0354737658080793,0.015100051244,0.291,-0.0087476869011,2.33,-1.625,1.51
2024-05-16 00:30:00,o,3.15,0.6,0.95,1.7272646518755328,0.058804184592,0.381,-0.038,1.77,-0.62,1.632
2024-05-16 00:30:00,o,3.15,0.65,0.0,2.0117902838864086,0.0073528270943,0.305,-0.0038699507579,2.25,-1.459,1.474
2024-05-16 00:30:00,o,3.15,0.65,0.95,1.7260911906333236,0.044090602153,0.382,-0.028729209873,1.77,-0.62,1.563
2024-05-16 00:30:00,o,3.15,0.7,0.0,2.018292636141163,-0.0086734814177,0.301,0.0049467109873,2.28,-1.52,1.519
2024-05-16 00:30:00,o,3.15,0.7,0.95,1.7400230173738003,0.044226241483,0.373,-0.028422425333,1.84,-0.722,1.53
2024-05-16 00:30:00,o,3.15,0.75,0.0,2.018292636141163,-0.0086734814177,0.301,0.0049467109873,2.28,-1.52,1.519
2024-05-16 00:30:00,o,3.15,0.75,0.95,1.7465952819178023,0.029174445195,0.369,-0.018257515677,1.86,-0.753,1.551
2024-05-16 00:30:00,o,3.15,0.8,0.0,2.0106942052436265,-0.0107927937,0.305,0.0058794199324,2.25,-1.459,1.555
2024-05-16 00:30:00,o,3.15,0.8,0.95,1.7588362247469582,0.034183583794,0.362,-0.020632718295,1.92,-0.848,1.664
2024-05-16 00:30:00,o,3.15,0.85,0.0,2.0106942052436265,-0.0107927937,0.305,0.0058794199324,2.25,-1.459,1.555
2024-05-16 00:30:00,o,3.15,0.85,0.95,1.7641910820291302,0.02389946472,0.358,-0.01481945767,1.95,-0.897,1.684
2024-05-16 00:30:00,o,3.15,0.9,0.0,2.018775370570903,-0.042718575628,0.301,0.023565235712,2.28,-1.52,1.668
2024-05-16 00:30:00,o,3.15,0.9,0.95,1.7815471505290599,0.019807196378,0.348,-0.011768868141,2.01,-1.001,1.668
2024-05-16 00:30:00,o,3.15,0.95,0.0,2.0243337612127372,-0.035785893952,0.298,0.019847052286,2.29,-1.541,1.803
2024-05-16 00:30:00,o,3.15,0.95,0.95,1.8045959855289968,0.016512501084,0.335,-0.0093631753315,2.09,-1.146,1.769
2024-05-16 00:30:00,o,3.15,1.0,0.0,2.0243337612127372,-0.035785893952,0.298,0.019847052286,2.29,-1.541,1.803
2024-05-16 00:30:00,o,3.15,1.0,0.95,1.8178561239177962,0.02368188646,0.328,-0.012896247812,2.12,-1.202,1.794
2024-05-16 00:30:00,o,3.15,1.05,0.0,2.0243337612127372,-0.035785893952,0.298,0.019847052286,2.29,-1.541,1.803
2024-05-16 00:30:00,o,3.15,1.05,0.95,1.8178561239177962,0.02368188646,0.328,-0.012896247812,2.12,-1.202,1.794
2024-05-16 00:30:00,o,3.15,1.1,0.0,2.019157847739282,-0.015999620557,0.3,0.0084737875555,2.28,-1.52,1.884
2024-05-16 00:30:00,o,3.15,1.1,0.95,1.8472579283867048,0.052498097048,0.312,-0.028564765795,2.21,-1.378,2.559
2024-05-16 00:30:00,o,3.15,1.15,0.0,2.019157847739282,-0.015999620557,0.3,0.0084737875555,2.28,-1.52,1.884
2024-05-16 00:30:00,o,3.15,1.15,0.05,2.0152172029390476,-0.02009644102,0.303,0.011559424556,2.27,-1.5,2.435
2024-05-16 00:30:00,o,3.15,1.15,0.1,1.998786624949108,-0.0056809223739,0.31,0.0028856604303,2.22,-1.398,2.214
2024-05-16 00:30:00,o,3.15,1.15,0.15,1.9791293561476153,-0.025995363956,0.308,0.014523032483,2.23,-1.418,2.213
2024-05-16 00:30:00,o,3.15,1.15,0.2,1.958014097911251,-0.04618255955,0.311,0.025540132239,2.22,-1.398,2.072
2024-05-16 00:30:00,o,3.15,1.15,0.25,1.9285801834315026,-0.051072882773,0.323,0.02932421626,2.15,-1.26,1.897
2024-05-16 00:30:00,o,3.15,1.15,0.3,1.8588859367367867,-0.043644535845,0.353,0.027942437391,1.97,-0.931,1.792
2024-05-16 00:30:00,o,3.15,1.15,0.35,1.8267548806981904,-0.039000343373,0.365,0.026369324748,1.9,-0.816,1.672
2024-05-16 00:30:00,o,3.15,1.15,0.4,1.8267548806981904,-0.039000343373,0.365,0.026369324748,1.9,-0.816,1.672
2024-05-16 00:30:00,o,3.15,1.15,0.45,1.8012664704896202,-0.04065584119,0.373,0.027488799921,1.84,-0.722,1.72
2024-05-16 00:30:00,o,3.15,1.15,0.5,1.7757487595112493,-0.032286568933,0.376,0.022164865844,1.81,-0.678,1.67
2024-05-16 00:30:00,o,3.15,1.15,0.55,1.7757487595112493,-0.032286568933,0.376,0.022164865844,1.81,-0.678,1.67
2024-05-16 00:30:00,o,3.15,1.15,0.6,1.749210516538033,-0.022986459333,0.387,0.016055654769,1.71,-0.539,1.736
2024-05-16 00:30:00,o,3.15,1.15,0.65,1.7452622163775593,-0.01004082291,0.377,0.0063920728899,1.81,-0.678,1.736
2024-05-16 00:30:00,o,3.15,1.15,0.7,1.7575782120363739,-0.007426848007,0.362,0.0041773698832,1.92,-0.848,1.888
2024-05-16 00:30:00,o,3.15,1.15,0.75,1.7814753259527867,0.008157059949,0.348,-0.0049147577294,2.01,-1.001,1.961
2024-05-16 00:30:00,o,3.15,1.15,0.8,1.7987403949669374,0.019367601326,0.338,-0.011382761741,2.07,-1.109,1.967
2024-05-16 00:30:00,o,3.15,1.15,0.85,1.82629513504488,0.042298706681,0.323,-0.023709321146,2.15,-1.26,2.619
2024-05-16 00:30:00,o,3.15,1.15,0.9,1.8472579283867048,0.052498097048,0.312,-0.028564765795,2.21,-1.378,2.559
2024-05-16 00:30:00,o,3.15,1.15,0.95,1.8661277730258945,0.042705714494,0.302,-0.022728119126,2.27,-1.5,2.444
2024-05-16 00:30:00,o,3.2,0.05,0.0,2.113224501449956,0.021905822363,0.252,-0.010297570549,2.55,-2.103,1.82
2024-05-16 00:30:00,o,3.2,0.05,0.05,2.146400935021766,0.014708504611,0.236,-0.0071135567725,2.64,-2.305,2.239
2024-05-16 00:30:00,o,3.2,0.05,0.1,2.1550565413074576,0.0063644458541,0.231,-0.0031367477354,2.68,-2.396,2.118
2024-05-16 00:30:00,o,3.2,0.05,0.15,2.164846362159262,-0.010816181473,0.217,0.0045219114384,2.77,-2.601,2.113
2024-05-16 00:30:00,o,3.2,0.05,0.2,2.164846362159262,-0.010816181473,0.217,0.0045219114384,2.77,-2.601,2.113
2024-05-16 00:30:00,o,3.2,0.05,0.25,2.0831369705903158,-0.017074993624,0.246,0.0081153111778,2.58,-2.17,1.641
2024-05-16 00:30:00,o,3.2,0.05,0.3,2.0330174196922304,-0.030518587755,0.259,0.014901763378,2.5,-1.992,1.696
2024-05-16 00:30:00,o,3.2,0.05,0.35,1.9626392058441224,-0.037916335622,0.284,0.019999575462,2.36,-1.688,1.586
2024-05-16 00:30:00,o,3.2,0.05,0.4,1.9626392058441224,-0.037916335622,0.284,0.019999575462,2.36,-1.688,1.586
2024-05-16 00:30:00,o,3.2,0.05,0.45,1.934397440780988,-0.029206244436,0.297,0.016045171193,2.3,-1.562,1.648
2024-05-16 00:30:00,o,3.2,0.05,0.5,1.8432763922834645,-0.015104382985,0.337,0.0096719987995,2.07,-1.109,1.651
2024-05-16 00:30:00,o,3.2,0.05,0.55,1.7997470793531252,-0.0077202963312,0.356,0.0053956364041,1.96,-0.914,1.655
2024-05-16 00:30:00,o,3.2,0.05,0.6,1.7989543382392428,-0.013731789548,0.35,0.0083540777827,1.99,-0.966,1.649
2024-05-16 00:30:00,o,3.2,0.05,0.65,1.7708520116421442,0.0016889312598,0.357,-0.0013152965894,1.95,-0.897,1.713
2024-05-16 00:30:00,o,3.2,0.05,0.7,1.7708520116421442,0.0016889312598,0.357,-0.0013152965894,1.95,-0.897,1.713
2024-05-16 00:30:00,o,3.2,0.05,0.75,1.7664425922911313,0.010164106566,0.357,-0.0060479871736,1.95,-0.897,1.931
2024-05-16 00:30:00,o,3.2,0.05,0.8,1.7603244545086867,0.030414872993,0.361,-0.018305566883,1.92,-0.848,1.997
2024-05-16 00:30:00,o,3.2,0.05,0.85,1.7603244545086867,0.030414872993,0.361,-0.018305566883,1.92,-0.848,1.997
2024-05-16 00:30:00,o,3.2,0.05,0.9,1.7544706549575402,0.050079883528,0.364,-0.031731896679,1.9,-0.816,2.222
2024-05-16 00:30:00,o,3.2,0.05,0.95,1.7623934409599462,0.043626108239,0.359,-0.027392205678,1.94,-0.881,2.086
2024-05-16 00:30:00,o,3.2,0.1,0.0,2.118337488299989,-0.0013340159107,0.249,0.00032610587308,2.56,-2.126,1.923
2024-05-16 00:30:00,o,3.2,0.1,0.95,1.7623934409599462,0.043626108239,0.359,-0.027392205678,1.94,-0.881,2.086
2024-05-16 00:30:00,o,3.2,0.15,0.0,2.1251818734462034,0.0029496070116,0.246,-0.0014788386197,2.58,-2.17,1.699
2024-05-16 00:30:00,o,3.2,0.15,0.95,1.7499449122804707,0.041362562802,0.367,-0.025985774621,1.88,-0.784,1.809
2024-05-16 00:30:00,o,3.2,0.2,0.0,2.1251818734462034,0.0029496070116,0.246,-0.0014788386197,2.58,-2.17,1.699
2024-05-16 00:30:00,o,3.2,0.2,0.95,1.7330447134525635,0.055018267048,0.377,-0.036449942717,1.81,-0.678,1.74
2024-05-16 00:30:00,o,3.2,0.25,0.0,2.095190280781987,0.011899126407,0.26,-0.0062886790491,2.5,-1.992,1.483
2024-05-16 00:30:00,o,3.2,0.25,0.95,1.717320930008821,0.057689918402,0.387,-0.032,1.71,-0.539,1.657
2024-05-16 00:30:00,o,3.2,0.3,0.0,2.07505399469838,0.015850429205,0.27,-0.0086327145203,2.44,-1.861,1.423
2024-05-16 00:30:00,o,3.2,0.3,0.95,1.717320930008821,0.057689918402,0.387,-0.032,1.71,-0.539,1.657
2024-05-16 00:30:00,o,3.2,0.35,0.0,2.0517774566566023,0.019924825261,0.283,-0.010344290927,2.38,-1.731,1.45
2024-05-16 00:30:00,o,3.2,0.35,0.95,1.716787705699772,0.051216094794,0.388,-0.031,1.71,-0.539,1.584
2024-05-16 00:30:00,o,3.2,0.4,0.0,2.0619083996943086,0.015448354932,0.277,-0.0083931067342,2.4,-1.774,1.521
2024-05-16 00:30:00,o,3.2,0.4,0.95,1.7118999810641613,0.046985481941,0.391,-0.028,1.67,-0.487,1.614
2024-05-16 00:30:00,o,3.2,0.45,0.0,2.0619083996943086,0.015448354932,0.277,-0.0083931067342,2.4,-1.774,1.521
2024-05-16 00:30:00,o,3.2,0.45,0.95,1.7118999810641613,0.046985481941,0.391,-0.028,1.67,-0.487,1.614
2024-05-16 00:30:00,o,3.2,0.5,0.0,2.0619083996943086,0.015448354932,0.277,-0.0083931067342,2.4,-1.774,1.521
2024-05-16 00:30:00,o,3.2,0.5,0.95,1.71734590884194,0.05342836128,0.387,-0.032,1.71,-0.539,1.591
2024-05-16 00:30:00,o,3.2,0.55,0.0,2.0354737658080793,0.015100051244,0.291,-0.0087476869011,2.33,-1.625,1.51
2024-05-16 00:30:00,o,3.2,0.55,0.95,1.7260911906333236,0.044090602153,0.382,-0.028729209873,1.77,-0.62,1.563
2024-05-16 00:30:00,o,3.2,0.6,0.0,2.0117902838864086,0.0073528270943,0.305,-0.0038699507579,2.25,-1.459,1.474
2024-05-16 00:30:00,o,3.2,0.6,0.95,1.7260911906333236,0.044090602153,0.382,-0.028729209873,1.77,-0.62,1.563
2024-05-16 00:30:00,o,3.2,0.65,0.0,2.0117902838864086,0.0073528270943,0.305,-0.0038699507579,2.25,-1.459,1.474
2024-05-16 00:30:00,o,3.2,0.65,0.95,1.7234556720351857,0.031314062668,0.383,-0.020867434695,1.75,-0.592,1.591
2024-05-16 00:30:00,o,3.2,0.7,0.0,2.018292636141163,-0.0086734814177,0.301,0.0049467109873,2.28,-1.52,1.519
2024-05-16 00:30:00,o,3.2,0.7,0.95,1.7234556720351857,0.031314062668,0.383,-0.020867434695,1.75,-0.592,1.591
2024-05-16 00:30:00,o,3.2,0.75,0.0,2.018292636141163,-0.0086734814177,0.301,0.0049467109873,2.28,-1.52,1.519
2024-05-16 00:30:00,o,3.2,0.75,0.95,1.7355270435640135,0.020795035119,0.376,-0.012991262735,1.81,-0.678,1.583
2024-05-16 00:30:00,o,3.2,0.8,0.0,2.018292636141163,-0.0086734814177,0.301,0.0049467109873,2.28,-1.52,1.519
2024-05-16 00:30:00,o,3.2,0.8,0.95,1.7502151663916659,0.016408229963,0.367,-0.0098575950397,1.88,-0.784,1.644
2024-05-16 00:30:00,o,3.2,0.85,0.0,2.0351855039611557,-0.03441970078,0.292,0.018766443734,2.32,-1.604,1.572
2024-05-16 00:30:00,o,3.2,0.85,0.95,1.7641910820291302,0.02389946472,0.358,-0.01481945767,1.95,-0.897,1.684
2024-05-16 00:30:00,o,3.2,0.9,0.0,2.0437119309751637,-0.04932782744,0.287,0.025550294166,2.35,-1.667,1.634
2024-05-16 00:30:00,o,3.2,0.9,0.95,1.7815471505290599,0.019807196378,0.348,-0.011768868141,2.01,-1.001,1.668
2024-05-16 00:30:00,o,3.2,0.95,0.0,2.0243337612127372,-0.035785893952,0.298,0.019847052286,2.29,-1.541,1.803
2024-05-16 00:30:00,o,3.2,0.95,0.95,1.8178561239177962,0.02368188646,0.328,-0.012896247812,2.12,-1.202,1.794
2024-05-16 00:30:00,o,3.2,1.0,0.0,2.0243337612127372,-0.035785893952,0.298,0.019847052286,2.29,-1.541,1.803
2024-05-16 00:30:00,o,3.2,1.0,0.95,1.8178561239177962,0.02368188646,0.328,-0.012896247812,2.12,-1.202,1.794
2024-05-16 00:30:00,o,3.2,1.05,0.0,2.0243337612127372,-0.035785893952,0.298,0.019847052286,2.29,-1.541,1.803
2024-05-16 00:30:00,o,3.2,1.05,0.95,1.8389434923204775,0.029215479105,0.316,-0.016200407321,2.19,-1.338,1.936
2024-05-16 00:30:00,o,3.2,1.1,0.0,2.019157847739282,-0.015999620557,0.3,0.0084737875555,2.28,-1.52,1.884
2024-05-16 00:30:00,o,3.2,1.1,0.95,1.8591563174385928,0.041485196498,0.306,-0.021845481683,2.24,-1.438,2.113
2024-05-16 00:30:00,o,3.2,1.15,0.0,2.0254738146139992,0.019350208402,0.297,-0.010891773903,2.3,-1.562,2.027
2024-05-16 00:30:00,o,3.2,1.15,0.05,2.018263488441297,0.0052365648646,0.301,-0.0029191882892,2.28,-1.52,2.042
2024-05-16 00:30:00,o,3.2,1.15,0.1,2.018263488441297,0.0052365648646,0.301,-0.0029191882892,2.28,-1.52,2.042
2024-05-16 00:30:00,o,3.2,1.15,0.15,1.9791293561476153,-0.025995363956,0.308,0.014523032483,2.23,-1.418,2.213
2024-05-16 00:30:00,o,3.2,1.15,0.2,1.9791293561476153,-0.025995363956,0.308,0.014523032483,2.23,-1.418,2.213
2024-05-16 00:30:00,o,3.2,1.15,0.25,1.9553750226701847,-0.052351424036,0.313,0.029293980675,2.21,-1.378,1.715
2024-05-16 00:30:00,o,3.2,1.15,0.3,1.8665118142631247,-0.037456729816,0.343,0.023757561227,2.04,-1.054,1.572
2024-05-16 00:30:00,o,3.2,1.15,0.35,1.8012664704896202,-0.04065584119,0.373,0.027488799921,1.84,-0.722,1.72
2024-05-16 00:30:00,o,3.2,1.15,0.4,1.8012664704896202,-0.04065584119,0.373,0.027488799921,1.84,-0.722,1.72
2024-05-16 00:30:00,o,3.2,1.15,0.45,1.8012664704896202,-0.04065584119,0.373,0.027488799921,1.84,-0.722,1.72
2024-05-16 00:30:00,o,3.2,1.15,0.5,1.7757487595112493,-0.032286568933,0.376,0.022164865844,1.81,-0.678,1.67
2024-05-16 00:30:00,o,3.2,1.15,0.55,1.7757487595112493,-0.032286568933,0.376,0.022164865844,1.81,-0.678,1.67
2024-05-16 00:30:00,o,3.2,1.15,0.6,1.7757487595112493,-0.032286568933,0.376,0.022164865844,1.81,-0.678,1.67
2024-05-16 00:30:00,o,3.2,1.15,0.65,1.7703659187631102,-0.0018017034648,0.355,0.0010807770374,1.97,-0.931,1.708
2024-05-16 00:30:00,o,3.2,1.15,0.7,1.7888044930446483,0.0092729343872,0.344,-0.0052906210485,2.03,-1.036,1.855
2024-05-16 00:30:00,o,3.2,1.15,0.75,1.7888044930446483,0.0092729343872,0.344,-0.0052906210485,2.03,-1.036,1.855
2024-05-16 00:30:00,o,3.2,1.15,0.8,1.8174662042478067,0.029290759964,0.328,-0.016310569464,2.12,-1.202,2.174
2024-05-16 00:30:00,o,3.2,1.15,0.85,1.82629513504488,0.042298706681,0.323,-0.023709321146,2.15,-1.26,2.619
2024-05-16 00:30:00,o,3.2,1.15,0.9,1.8472579283867048,0.052498097048,0.312,-0.028564765795,2.21,-1.378,2.559
2024-05-16 00:30:00,o,3.2,1.15,0.95,1.8720571606855152,0.044991741531,0.3,-0.022768548887,2.28,-1.52,2.182
2024-05-16 00:30:00,o,3.25,0.05,0.0,2.113224501449956,0.021905822363,0.252,-0.010297570549,2.55,-2.103,1.82
2024-05-16 00:30:00,o,3.25,0.05,0.05,2.113224501449956,0.021905822363,0.252,-0.010297570549,2.55,-2.103,1.82
2024-05-16 00:30:00,o,3.25,0.05,0.1,2.0862601450915936,0.013425942814,0.264,-0.006558995526,2.48,-1.948,1.811
2024-05-16 00:30:00,o,3.25,0.05,0.15,2.0575025471724175,-0.014456742953,0.266,0.0072228241555,2.47,-1.926,1.755
2024-05-16 00:30:00,o,3.25,0.05,0.2,2.0831369705903158,-0.017074993624,0.246,0.0081153111778,2.58,-2.17,1.641
2024-05-16 00:30:00,o,3.25,0.05,0.25,2.0831369705903158,-0.017074993624,0.246,0.0081153111778,2.58,-2.17,1.641
2024-05-16 00:30:00,o,3.25,0.05,0.3,2.0330174196922304,-0.030518587755,0.259,0.014901763378,2.5,-1.992,1.696
2024-05-16 00:30:00,o,3.25,0.05,0.35,1.9626392058441224,-0.037916335622,0.284,0.019999575462,2.36,-1.688,1.586
2024-05-16 00:30:00,o,3.25,0.05,0.4,1.9626392058441224,-0.037916335622,0.284,0.019999575462,2.36,-1.688,1.586
2024-05-16 00:30:00,o,3.25,0.05,0.45,1.929822376658122,-0.048417503501,0.295,0.025397732879,2.31,-1.583,1.522
2024-05-16 00:30:00,o,3.25,0.05,0.5,1.8723369483008045,-0.037336730996,0.317,0.021941561535,2.19,-1.338,1.509
2024-05-16 00:30:00,o,3.25,0.05,0.55,1.8337716385611715,-0.030988556395,0.333,0.018564778533,2.1,-1.164,1.543
2024-05-16 00:30:00,o,3.25,0.05,0.6,1.7989543382392428,-0.013731789548,0.35,0.0083540777827,1.99,-0.966,1.649
2024-05-16 00:30:00,o,3.25,0.05,0.65,1.7708520116421442,0.0016889312598,0.357,-0.0013152965894,1.95,-0.897,1.713
2024-05-16 00:30:00,o,3.25,0.05,0.7,1.7739326474676453,-0.0011314035508,0.353,0.0011073187611,1.97,-0.931,1.829
2024-05-16 00:30:00,o,3.25,0.05,0.75,1.7664425922911313,0.010164106566,0.357,-0.0060479871736,1.95,-0.897,1.931
2024-05-16 00:30:00,o,3.25,0.05,0.8,1.7664425922911313,0.010164106566,0.357,-0.0060479871736,1.95,-0.897,1.931
2024-05-16 00:30:00,o,3.25,0.05,0.85,1.769074396066867,0.015897481302,0.355,-0.0099234894114,1.97,-0.931,2.068
2024-05-16 00:30:00,o,3.25,0.05,0.9,1.7760325241459245,0.020279592809,0.351,-0.012365107271,1.99,-0.966,2.595
2024-05-16 00:30:00,o,3.25,0.05,0.95,1.7760325241459245,0.020279592809,0.351,-0.012365107271,1.99,-0.966,2.595
2024-05-16 00:30:00,o,3.25,0.1,0.0,2.113224501449956,0.021905822363,0.252,-0.010297570549,2.55,-2.103,1.82
2024-05-16 00:30:00,o,3.25,0.1,0.95,1.7760325241459245,0.020279592809,0.351,-0.012365107271,1.99,-0.966,2.595
2024-05-16 00:30:00,o,3.25,0.15,0.0,2.095190280781987,0.011899126407,0.26,-0.0062886790491,2.5,-1.992,1.483
2024-05-16 00:30:00,o,3.25,0.15,0.95,1.7499449122804707,0.041362562802,0.367,-0.025985774621,1.88,-0.784,1.809
2024-05-16 00:30:00,o,3.25,0.2,0.0,2.095190280781987,0.011899126407,0.26,-0.0062886790491,2.5,-1.992,1.483
2024-05-16 00:30:00,o,3.25,0.2,0.95,1.7499449122804707,0.041362562802,0.367,-0.025985774621,1.88,-0.784,1.809
2024-05-16 00:30:00,o,3.25,0.25,0.0,2.095190280781987,0.011899126407,0.26,-0.0062886790491,2.5,-1.992,1.483
2024-05-16 00:30:00,o,3.25,0.25,0.95,1.7354711472389845,0.042131191682,0.376,-0.02706420203,1.81,-0.678,1.714
2024-05-16 00:30:00,o,3.25,0.3,0.0,2.07505399469838,0.015850429205,0.27,-0.0086327145203,2.44,-1.861,1.423
2024-05-16 00:30:00,o,3.25,0.3,0.95,1.716787705699772,0.051216094794,0.388,-0.031,1.71,-0.539,1.584
2024-05-16 00:30:00,o,3.25,0.35,0.0,2.0517774566566023,0.019924825261,0.283,-0.010344290927,2.38,-1.731,1.45
2024-05-16 00:30:00,o,3.25,0.35,0.95,1.716787705699772,0.051216094794,0.388,-0.031,1.71,-0.539,1.584
2024-05-16 00:30:00,o,3.25,0.4,0.0,2.0517774566566023,0.019924825261,0.283,-0.010344290927,2.38,-1.731,1.45
2024-05-16 00:30:00,o,3.25,0.4,0.95,1.7118999810641613,0.046985481941,0.391,-0.028,1.67,-0.487,1.614
2024-05-16 00:30:00,o,3.25,0.45,0.0,2.0517774566566023,0.019924825261,0.283,-0.010344290927,2.38,-1.731,1.45
2024-05-16 00:30:00,o,3.25,0.45,0.95,1.7118999810641613,0.046985481941,0.391,-0.028,1.67,-0.487,1.614
2024-05-16 00:30:00,o,3.25,0.5,0.0,2.0517774566566023,0.019924825261,0.283,-0.010344290927,2.38,-1.731,1.45
2024-05-16 00:30:00,o,3.25,0.5,0.95,1.7118999810641613,0.046985481941,0.391,-0.028,1.67,-0.487,1.614
2024-05-16 00:30:00,o,3.25,0.55,0.0,2.0117902838864086,0.0073528270943,0.305,-0.0038699507579,2.25,-1.459,1.474
2024-05-16 00:30:00,o,3.25,0.55,0.95,1.714765512358855,0.028066694898,0.389,-0.018535845747,1.69,-0.513,1.574
2024-05-16 00:30:00,o,3.25,0.6,0.0,2.0117902838864086,0.0073528270943,0.305,-0.0038699507579,2.25,-1.459,1.474
2024-05-16 00:30:00,o,3.25,0.6,0.95,1.7234556720351857,0.031314062668,0.383,-0.020867434695,1.75,-0.592,1.591
2024-05-16 00:30:00,o,3.25,0.65,0.0,2.0117902838864086,0.0073528270943,0.305,-0.0038699507579,2.25,-1.459,1.474
2024-05-16 00:30:00,o,3.25,0.65,0.95,1.7234556720351857,0.031314062668,0.383,-0.020867434695,1.75,-0.592,1.591
2024-05-16 00:30:00,o,3.25,0.7,0.0,2.018292636141163,-0.0086734814177,0.301,0.0049467109873,2.28,-1.52,1.519
2024-05-16 00:30:00,o,3.25,0.7,0.95,1.7234556720351857,0.031314062668,0.383,-0.020867434695,1.75,-0.592,1.591
2024-05-16 00:30:00,o,3.25,0.75,0.0,2.018292636141163,-0.0086734814177,0.301,0.0049467109873,2.28,-1.52,1.519
2024-05-16 00:30:00,o,3.25,0.75,0.95,1.7355270435640135,0.020795035119,0.376,-0.012991262735,1.81,-0.678,1.583
2024-05-16 00:30:00,o,3.25,0.8,0.0,2.0351855039611557,-0.03441970078,0.292,0.018766443734,2.32,-1.604,1.572
2024-05-16 00:30:00,o,3.25,0.8,0.95,1.7502151663916659,0.016408229963,0.367,-0.0098575950397,1.88,-0.784,1.644
2024-05-16 00:30:00,o,3.25,0.85,0.0,2.0351855039611557,-0.03441970078,0.292,0.018766443734,2.32,-1.604,1.572
2024-05-16 00:30:00,o,3.25,0.85,0.95,1.7502151663916659,0.016408229963,0.367,-0.0098575950397,1.88,-0.784,1.644
2024-05-16 00:30:00,o,3.25,0.9,0.0,2.0437119309751637,-0.04932782744,0.287,0.025550294166,2.35,-1.667,1.634
2024-05-16 00:30:00,o,3.25,0.9,0.95,1.7656238566288578,0.0012534190621,0.357,-0.001200084673,1.95,-0.897,1.621
2024-05-16 00:30:00,o,3.25,0.95,0.0,2.0437119309751637,-0.04932782744,0.287,0.025550294166,2.35,-1.667,1.634
2024-05-16 00:30:00,o,3.25,0.95,0.95,1.784980835318129,0.0035917145394,0.346,-0.0022143719879,2.02,-1.018,1.64
2024-05-16 00:30:00,o,3.25,1.0,0.0,2.0437119309751637,-0.04932782744,0.287,0.025550294166,2.35,-1.667,1.634
2024-05-16 00:30:00,o,3.25,1.0,0.95,1.8389434923204775,0.029215479105,0.316,-0.016200407321,2.19,-1.338,1.936
2024-05-16 00:30:00,o,3.25,1.05,0.0,2.0243337612127372,-0.035785893952,0.298,0.019847052286,2.29,-1.541,1.803
2024-05-16 00:30:00,o,3.25,1.05,0.95,1.8389434923204775,0.029215479105,0.316,-0.016200407321,2.19,-1.338,1.936
2024-05-16 00:30:00,o,3.25,1.1,0.0,2.0254738146139992,0.019350208402,0.297,-0.010891773903,2.3,-1.562,2.027
2024-05-16 00:30:00,o,3.25,1.1,0.95,1.862941941791549,0.030362781248,0.304,-0.015825465991,2.25,-1.459,2.663
2024-05-16 00:30:00,o,3.25,1.15,0.0,2.0254738146139992,0.019350208402,0.297,-0.010891773903,2.3,-1.562,2.027
2024-05-16 00:30:00,o,3.25,1.15,0.05,2.0254738146139992,0.019350208402,0.297,-0.010891773903,2.3,-1.562,2.027
2024-05-16 00:30:00,o,3.25,1.15,0.1,2.0292904146310287,0.0024630897341,0.295,-0.0011305975335,2.31,-1.583,2.397
2024-05-16 00:30:00,o,3.25,1.15,0.15,2.015225589673855,-0.030785454834,0.293,0.016904607983,2.32,-1.604,2.414
2024-05-16 00:30:00,o,3.25,1.15,0.2,1.984810749873123,-0.060347870175,0.298,0.03224611357,2.29,-1.541,1.865
2024-05-16 00:30:00,o,3.25,1.15,0.25,1.984810749873123,-0.060347870175,0.298,0.03224611357,2.29,-1.541,1.865
2024-05-16 00:30:00,o,3.25,1.15,0.3,1.9074489836668522,-0.060061551759,0.319,0.034160924641,2.17,-1.299,1.557
2024-05-16 00:30:00,o,3.25,1.15,0.35,1.8821430109127468,-0.060217298165,0.324,0.0349304583,2.15,-1.26,1.637
2024-05-16 00:30:00,o,3.25,1.15,0.4,1.828685669923767,-0.043604659623,0.351,0.027852732161,1.99,-0.966,1.654
2024-05-16 00:30:00,o,3.25,1.15,0.45,1.8012664704896202,-0.04065584119,0.373,0.027488799921,1.84,-0.722,1.72
2024-05-16 00:30:00,o,3.25,1.15,0.5,1.7757487595112493,-0.032286568933,0.376,0.022164865844,1.81,-0.678,1.67
2024-05-16 00:30:00,o,3.25,1.15,0.55,1.7978835663846708,-0.030176667279,0.358,0.019394944597,1.95,-0.897,1.612
2024-05-16 00:30:00,o,3.25,1.15,0.6,1.7978835663846708,-0.030176667279,0.358,0.019394944597,1.95,-0.897,1.612
2024-05-16 00:30:00,o,3.25,1.15,0.65,1.8010811283071166,-0.0091648351294,0.337,0.0050853213389,2.07,-1.109,1.751
2024-05-16 00:30:00,o,3.25,1.15,0.7,1.8010811283071166,-0.0091648351294,0.337,0.0050853213389,2.07,-1.109,1.751
2024-05-16 00:30:00,o,3.25,1.15,0.75,1.807751444907468,0.010220775028,0.333,-0.0060006669498,2.1,-1.164,1.945
2024-05-16 00:30:00,o,3.25,1.15,0.8,1.8234090148925446,0.020566902153,0.325,-0.011022487731,2.14,-1.24,2.1
2024-05-16 00:30:00,o,3.25,1.15,0.85,1.8234090148925446,0.020566902153,0.325,-0.011022487731,2.14,-1.24,2.1
2024-05-16 00:30:00,o,3.25,1.15,0.9,1.862941941791549,0.030362781248,0.304,-0.015825465991,2.25,-1.459,2.663
2024-05-16 00:30:00,o,3.25,1.15,0.95,1.8687560829763965,0.031691891872,0.301,-0.016451284392,2.28,-1.52,2.681
2024-05-16 00:30:00,o,3.3,0.05,0.0,2.0773315611289904,-0.011477605332,0.269,0.0054612246269,2.44,-1.861,1.583
2024-05-16 00:30:00,o,3.3,0.05,0.05,2.0795285427329886,0.0092948257602,0.268,-0.0049106880314,2.46,-1.904,1.845
2024-05-16 00:30:00,o,3.3,0.05,0.1,2.0862601450915936,0.013425942814,0.264,-0.006558995526,2.48,-1.948,1.811
2024-05-16 00:30:00,o,3.3,0.05,0.15,2.0575025471724175,-0.014456742953,0.266,0.0072228241555,2.47,-1.926,1.755
2024-05-16 00:30:00,o,3.3,0.05,0.2,2.0575025471724175,-0.014456742953,0.266,0.0072228241555,2.47,-1.926,1.755
2024-05-16 00:30:00,o,3.3,0.05,0.25,2.0575025471724175,-0.014456742953,0.266,0.0072228241555,2.47,-1.926,1.755
2024-05-16 00:30:00,o,3.3,0.05,0.3,2.0330174196922304,-0.030518587755,0.259,0.014901763378,2.5,-1.992,1.696
2024-05-16 00:30:00,o,3.3,0.05,0.35,1.929822376658122,-0.048417503501,0.295,0.025397732879,2.31,-1.583,1.522
2024-05-16 00:30:00,o,3.3,0.05,0.4,1.929822376658122,-0.048417503501,0.295,0.025397732879,2.31,-1.583,1.522
2024-05-16 00:30:00,o,3.3,0.05,0.45,1.929822376658122,-0.048417503501,0.295,0.025397732879,2.31,-1.583,1.522
2024-05-16 00:30:00,o,3.3,0.05,0.5,1.8723369483008045,-0.037336730996,0.317,0.021941561535,2.19,-1.338,1.509
2024-05-16 00:30:00,o,3.3,0.05,0.55,1.8337716385611715,-0.030988556395,0.333,0.018564778533,2.1,-1.164,1.543
2024-05-16 00:30:00,o,3.3,0.05,0.6,1.8337716385611715,-0.030988556395,0.333,0.018564778533,2.1,-1.164,1.543
2024-05-16 00:30:00,o,3.3,0.05,0.65,1.804350733026777,-0.025113859833,0.342,0.014859053428,2.04,-1.054,1.494
2024-05-16 00:30:00,o,3.3,0.05,0.7,1.784795537856762,-0.010221983356,0.346,0.0055810003165,2.02,-1.018,1.611
2024-05-16 00:30:00,o,3.3,0.05,0.75,1.784795537856762,-0.010221983356,0.346,0.0055810003165,2.02,-1.018,1.611
2024-05-16 00:30:00,o,3.3,0.05,0.8,1.768793442868231,0.0046322606313,0.356,-0.0023246307814,1.96,-0.914,1.688
2024-05-16 00:30:00,o,3.3,0.05,0.85,1.7780354230774755,0.01036019905,0.35,-0.0062388485308,1.99,-0.966,2.653
2024-05-16 00:30:00,o,3.3,0.05,0.9,1.7760325241459245,0.020279592809,0.351,-0.012365107271,1.99,-0.966,2.595
2024-05-16 00:30:00,o,3.3,0.05,0.95,1.787552566356734,0.027062229722,0.345,-0.015516527924,2.02,-1.018,2.545
2024-05-16 00:30:00,o,3.3,0.1,0.0,2.0773315611289904,-0.011477605332,0.269,0.0054612246269,2.44,-1.861,1.583
2024-05-16 00:30:00,o,3.3,0.1,0.95,1.780374926160122,0.025125294836,0.349,-0.014669058707,2.0,-0.983,2.084
2024-05-16 00:30:00,o,3.3,0.15,0.0,2.07938386953071,0.0069170627204,0.268,-0.003766627193,2.46,-1.904,1.485
2024-05-16 00:30:00,o,3.3,0.15,0.95,1.7668439529334603,0.029380954609,0.357,-0.017575545794,1.95,-0.897,1.798
2024-05-16 00:30:00,o,3.3,0.2,0.0,2.095190280781987,0.011899126407,0.26,-0.0062886790491,2.5,-1.992,1.483
2024-05-16 00:30:00,o,3.3,0.2,0.95,1.7668439529334603,0.029380954609,0.357,-0.017575545794,1.95,-0.897,1.798
2024-05-16 00:30:00,o,3.3,0.25,0.0,2.07505399469838,0.015850429205,0.27,-0.0086327145203,2.44,-1.861,1.423
2024-05-16 00:30:00,o,3.3,0.25,0.95,1.7700341795842418,0.019780419187,0.355,-0.011699972116,1.97,-0.931,1.713
2024-05-16 00:30:00,o,3.3,0.3,0.0,2.07505399469838,0.015850429205,0.27,-0.0086327145203,2.44,-1.861,1.423
2024-05-16 00:30:00,o,3.3,0.3,0.95,1.7405837286071204,0.021567502257,0.373,-0.01323246894,1.84,-0.722,1.564
2024-05-16 00:30:00,o,3.3,0.35,0.0,2.0517774566566023,0.019924825261,0.283,-0.010344290927,2.38,-1.731,1.45
2024-05-16 00:30:00,o,3.3,0.35,0.95,1.716787705699772,0.051216094794,0.388,-0.031,1.71,-0.539,1.584
2024-05-16 00:30:00,o,3.3,0.4,0.0,2.0517774566566023,0.019924825261,0.283,-0.010344290927,2.38,-1.731,1.45
2024-05-16 00:30:00,o,3.3,0.4,0.95,1.708675792726537,0.030512642464,0.393,-0.020356055417,1.65,-0.463,1.57
2024-05-16 00:30:00,o,3.3,0.45,0.0,1.995174334799384,0.02155702079,0.314,-0.013307166222,2.2,-1.358,1.335
2024-05-16 00:30:00,o,3.3,0.45,0.95,1.708675792726537,0.030512642464,0.393,-0.020356055417,1.65,-0.463,1.57
2024-05-16 00:30:00,o,3.3,0.5,0.0,1.995174334799384,0.02155702079,0.314,-0.013307166222,2.2,-1.358,1.335
2024-05-16 00:30:00,o,3.3,0.5,0.95,1.708675792726537,0.030512642464,0.393,-0.020356055417,1.65,-0.463,1.57
2024-05-16 00:30:00,o,3.3,0.55,0.0,1.9938945330212487,0.020055757888,0.315,-0.012170834531,2.2,-1.358,1.379
2024-05-16 00:30:00,o,3.3,0.55,0.95,1.7086163311678917,0.025317078928,0.393,-0.016844020156,1.65,-0.463,1.589
2024-05-16 00:30:00,o,3.3,0.6,0.0,1.9938945330212487,0.020055757888,0.315,-0.012170834531,2.2,-1.358,1.379
2024-05-16 00:30:00,o,3.3,0.6,0.95,1.7086163311678917,0.025317078928,0.393,-0.016844020156,1.65,-0.463,1.589
2024-05-16 00:30:00,o,3.3,0.65,0.0,2.0117902838864086,0.0073528270943,0.305,-0.0038699507579,2.25,-1.459,1.474
2024-05-16 00:30:00,o,3.3,0.65,0.95,1.714765512358855,0.028066694898,0.389,-0.018535845747,1.69,-0.513,1.574
2024-05-16 00:30:00,o,3.3,0.7,0.0,2.018292636141163,-0.0086734814177,0.301,0.0049467109873,2.28,-1.52,1.519
2024-05-16 00:30:00,o,3.3,0.7,0.95,1.7234556720351857,0.031314062668,0.383,-0.020867434695,1.75,-0.592,1.591
2024-05-16 00:30:00,o,3.3,0.75,0.0,2.0351855039611557,-0.03441970078,0.292,0.018766443734,2.32,-1.604,1.572
2024-05-16 00:30:00,o,3.3,0.75,0.95,1.7355270435640135,0.020795035119,0.376,-0.012991262735,1.81,-0.678,1.583
2024-05-16 00:30:00,o,3.3,0.8,0.0,2.0351855039611557,-0.03441970078,0.292,0.018766443734,2.32,-1.604,1.572
2024-05-16 00:30:00,o,3.3,0.8,0.95,1.7531079091538273,0.005230203334,0.365,-0.0031503367187,1.9,-0.816,1.647
2024-05-16 00:30:00,o,3.3,0.85,0.0,2.0351855039611557,-0.03441970078,0.292,0.018766443734,2.32,-1.604,1.572
2024-05-16 00:30:00,o,3.3,0.85,0.95,1.7531079091538273,0.005230203334,0.365,-0.0031503367187,1.9,-0.816,1.647
2024-05-16 00:30:00,o,3.3,0.9,0.0,2.0437119309751637,-0.04932782744,0.287,0.025550294166,2.35,-1.667,1.634
2024-05-16 00:30:00,o,3.3,0.9,0.95,1.7656238566288578,0.0012534190621,0.357,-0.001200084673,1.95,-0.897,1.621
2024-05-16 00:30:00,o,3.3,0.95,0.0,2.0437119309751637,-0.04932782744,0.287,0.025550294166,2.35,-1.667,1.634
2024-05-16 00:30:00,o,3.3,0.95,0.95,1.7993956944580243,0.0045592366435,0.338,-0.0025214143692,2.07,-1.109,1.784
2024-05-16 00:30:00,o,3.3,1.0,0.0,2.0437119309751637,-0.04932782744,0.287,0.025550294166,2.35,-1.667,1.634
2024-05-16 00:30:00,o,3.3,1.0,0.95,1.7993956944580243,0.0045592366435,0.338,-0.0025214143692,2.07,-1.109,1.784
2024-05-16 00:30:00,o,3.3,1.05,0.0,2.0502907999291646,-0.060820423824,0.283,0.030289150031,2.38,-1.731,1.698
2024-05-16 00:30:00,o,3.3,1.05,0.95,1.8286276776487067,0.018206961342,0.322,-0.009818331218,2.16,-1.279,1.865
2024-05-16 00:30:00,o,3.3,1.1,0.0,2.0405706963760792,-0.036550008654,0.289,0.019602277352,2.34,-1.646,1.866
2024-05-16 00:30:00,o,3.3,1.1,0.95,1.8415096327851368,0.019897858824,0.315,-0.010706194737,2.2,-1.358,2.125
2024-05-16 00:30:00,o,3.3,1.15,0.0,2.0405706963760792,-0.036550008654,0.289,0.019602277352,2.34,-1.646,1.866
2024-05-16 00:30:00,o,3.3,1.15,0.05,2.0326268181875147,0.0053343045199,0.293,-0.0028715635394,2.32,-1.604,2.42
2024-05-16 00:30:00,o,3.3,1.15,0.1,2.0292904146310287,0.0024630897341,0.295,-0.0011305975335,2.31,-1.583,2.397
2024-05-16 00:30:00,o,3.3,1.15,0.15,2.0152130095109086,-0.058710528567,0.289,0.02984906281,2.34,-1.646,2.227
2024-05-16 00:30:00,o,3.3,1.15,0.2,2.0152130095109086,-0.058710528567,0.289,0.02984906281,2.34,-1.646,2.227
2024-05-16 00:30:00,o,3.3,1.15,0.25,1.9801806912412983,-0.08246896997,0.294,0.042246816065,2.31,-1.583,1.832
2024-05-16 00:30:00,o,3.3,1.15,0.3,1.9500385240653384,-0.076723471287,0.303,0.040504831226,2.27,-1.5,1.674
2024-05-16 00:30:00,o,3.3,1.15,0.35,1.916696033140704,-0.073656143359,0.312,0.040308142629,2.21,-1.378,1.689
2024-05-16 00:30:00,o,3.3,1.15,0.4,1.8821430109127468,-0.060217298165,0.324,0.0349304583,2.15,-1.26,1.637
2024-05-16 00:30:00,o,3.3,1.15,0.45,1.8821430109127468,-0.060217298165,0.324,0.0349304583,2.15,-1.26,1.637
2024-05-16 00:30:00,o,3.3,1.15,0.5,1.7978835663846708,-0.030176667279,0.358,0.019394944597,1.95,-0.897,1.612
2024-05-16 00:30:00,o,3.3,1.15,0.55,1.8176909464583062,-0.030689094928,0.342,0.018631588979,2.04,-1.054,1.651
2024-05-16 00:30:00,o,3.3,1.15,0.6,1.8176909464583062,-0.030689094928,0.342,0.018631588979,2.04,-1.054,1.651
2024-05-16 00:30:00,o,3.3,1.15,0.65,1.8116889262087386,-0.018071419996,0.336,0.010149165812,2.08,-1.127,1.7
2024-05-16 00:30:00,o,3.3,1.15,0.7,1.8116889262087386,-0.018071419996,0.336,0.010149165812,2.08,-1.127,1.7
2024-05-16 00:30:00,o,3.3,1.15,0.75,1.8101720083567432,-7.3955079803e-05,0.332,8.5321338923e-05,2.1,-1.164,1.906
2024-05-16 00:30:00,o,3.3,1.15,0.8,1.8412906286977857,0.019986765125,0.315,-0.010872848031,2.2,-1.358,2.64
2024-05-16 00:30:00,o,3.3,1.15,0.85,1.8412906286977857,0.019986765125,0.315,-0.010872848031,2.2,-1.358,2.64
2024-05-16 00:30:00,o,3.3,1.15,0.9,1.862941941791549,0.030362781248,0.304,-0.015825465991,2.25,-1.459,2.663
2024-05-16 00:30:00,o,3.3,1.15,0.95,1.8687560829763965,0.031691891872,0.301,-0.016451284392,2.28,-1.52,2.681
2024-05-16 00:30:00,o,3.35,0.05,0.0,2.0773315611289904,-0.011477605332,0.269,0.0054612246269,2.44,-1.861,1.583
2024-05-16 00:30:00,o,3.35,0.05,0.05,2.0773315611289904,-0.011477605332,0.269,0.0054612246269,2.44,-1.861,1.583
2024-05-16 00:30:00,o,3.35,0.05,0.1,2.078779337740602,-0.0012587940124,0.269,0.001076750723,2.44,-1.861,1.586
2024-05-16 00:30:00,o,3.35,0.05,0.15,2.0423352650093807,-0.038550855275,0.268,0.018732932817,2.46,-1.904,1.602
2024-05-16 00:30:00,o,3.35,0.05,0.2,2.0423352650093807,-0.038550855275,0.268,0.018732932817,2.46,-1.904,1.602
2024-05-16 00:30:00,o,3.35,0.05,0.25,2.058520921099337,-0.081811105877,0.261,0.037611297211,2.49,-1.97,1.791
2024-05-16 00:30:00,o,3.35,0.05,0.3,1.9751053905462534,-0.080677991451,0.282,0.039961685864,2.38,-1.731,1.411
2024-05-16 00:30:00,o,3.35,0.05,0.35,1.9596518388514033,-0.058299229979,0.287,0.030081526524,2.35,-1.667,1.399
2024-05-16 00:30:00,o,3.35,0.05,0.4,1.9596518388514033,-0.058299229979,0.287,0.030081526524,2.35,-1.667,1.399
2024-05-16 00:30:00,o,3.35,0.05,0.45,1.929822376658122,-0.048417503501,0.295,0.025397732879,2.31,-1.583,1.522
2024-05-16 00:30:00,o,3.35,0.05,0.5,1.8723369483008045,-0.037336730996,0.317,0.021941561535,2.19,-1.338,1.509
2024-05-16 00:30:00,o,3.35,0.05,0.55,1.833746165250008,-0.036751378339,0.332,0.021264227575,2.1,-1.164,1.493
2024-05-16 00:30:00,o,3.35,0.05,0.6,1.833746165250008,-0.036751378339,0.332,0.021264227575,2.1,-1.164,1.493
2024-05-16 00:30:00,o,3.35,0.05,0.65,1.8118564018514958,-0.032993398955,0.337,0.018894824533,2.07,-1.109,1.521
2024-05-16 00:30:00,o,3.35,0.05,0.7,1.7943486038960827,-0.014658633159,0.341,0.0084015651787,2.05,-1.072,1.728
2024-05-16 00:30:00,o,3.35,0.05,0.75,1.7943486038960827,-0.014658633159,0.341,0.0084015651787,2.05,-1.072,1.728
2024-05-16 00:30:00,o,3.35,0.05,0.8,1.7920763613139254,-0.0042412043806,0.342,0.0023154390191,2.04,-1.054,1.813
2024-05-16 00:30:00,o,3.35,0.05,0.85,1.7829024059746448,0.0074157477161,0.347,-0.0046457095458,2.01,-1.001,1.979
2024-05-16 00:30:00,o,3.35,0.05,0.9,1.780374926160122,0.025125294836,0.349,-0.014669058707,2.0,-0.983,2.084
2024-05-16 00:30:00,o,3.35,0.05,0.95,1.7955185339371735,0.031484448787,0.34,-0.018400298488,2.06,-1.09,1.952
2024-05-16 00:30:00,o,3.35,0.1,0.0,2.0773315611289904,-0.011477605332,0.269,0.0054612246269,2.44,-1.861,1.583
2024-05-16 00:30:00,o,3.35,0.1,0.95,1.780374926160122,0.025125294836,0.349,-0.014669058707,2.0,-0.983,2.084
2024-05-16 00:30:00,o,3.35,0.15,0.0,2.07938386953071,0.0069170627204,0.268,-0.003766627193,2.46,-1.904,1.485
2024-05-16 00:30:00,o,3.35,0.15,0.95,1.780374926160122,0.025125294836,0.349,-0.014669058707,2.0,-0.983,2.084
2024-05-16 00:30:00,o,3.35,0.2,0.0,2.0475201842057715,-0.010548843202,0.285,0.0057719675071,2.36,-1.688,1.336
2024-05-16 00:30:00,o,3.35,0.2,0.95,1.7700341795842418,0.019780419187,0.355,-0.011699972116,1.97,-0.931,1.713
2024-05-16 00:30:00,o,3.35,0.25,0.0,2.041621616444828,0.0017674765339,0.288,-0.00096181748438,2.34,-1.646,1.33
2024-05-16 00:30:00,o,3.35,0.25,0.95,1.759335387781998,0.013558169892,0.361,-0.0084372693795,1.92,-0.848,1.678
2024-05-16 00:30:00,o,3.35,0.3,0.0,2.07505399469838,0.015850429205,0.27,-0.0086327145203,2.44,-1.861,1.423
2024-05-16 00:30:00,o,3.35,0.3,0.95,1.7544171445262589,0.0084060367743,0.364,-0.005293746814,1.9,-0.816,1.625
2024-05-16 00:30:00,o,3.35,0.35,0.0,2.07505399469838,0.015850429205,0.27,-0.0086327145203,2.44,-1.861,1.423
2024-05-16 00:30:00,o,3.35,0.35,0.95,1.7337989199918555,0.012293324501,0.377,-0.0076384524535,1.81,-0.678,1.56
2024-05-16 00:30:00,o,3.35,0.4,0.0,1.995174334799384,0.02155702079,0.314,-0.013307166222,2.2,-1.358,1.335
2024-05-16 00:30:00,o,3.35,0.4,0.95,1.715543750605142,0.016634551753,0.388,-0.011352139188,1.71,-0.539,1.577
2024-05-16 00:30:00,o,3.35,0.45,0.0,1.995174334799384,0.02155702079,0.314,-0.013307166222,2.2,-1.358,1.335
2024-05-16 00:30:00,o,3.35,0.45,0.95,1.708675792726537,0.030512642464,0.393,-0.020356055417,1.65,-0.463,1.57
2024-05-16 00:30:00,o,3.35,0.5,0.0,1.995174334799384,0.02155702079,0.314,-0.013307166222,2.2,-1.358,1.335
2024-05-16 00:30:00,o,3.35,0.5,0.95,1.708675792726537,0.030512642464,0.393,-0.020356055417,1.65,-0.463,1.57
2024-05-16 00:30:00,o,3.35,0.55,0.0,1.9938945330212487,0.020055757888,0.315,-0.012170834531,2.2,-1.358,1.379
2024-05-16 00:30:00,o,3.35,0.55,0.95,1.7086163311678917,0.025317078928,0.393,-0.016844020156,1.65,-0.463,1.589
2024-05-16 00:30:00,o,3.35,0.6,0.0,1.9938945330212487,0.020055757888,0.315,-0.012170834531,2.2,-1.358,1.379
2024-05-16 00:30:00,o,3.35,0.6,0.95,1.7090408780871145,0.01677575677,0.393,-0.010784572637,1.65,-0.463,1.551
2024-05-16 00:30:00,o,3.35,0.65,0.0,1.9938945330212487,0.020055757888,0.315,-0.012170834531,2.2,-1.358,1.379
2024-05-16 00:30:00,o,3.35,0.65,0.95,1.7090408780871145,0.01677575677,0.393,-0.010784572637,1.65,-0.463,1.551
2024-05-16 00:30:00,o,3.35,0.7,0.0,2.0204234386693636,-0.016716091063,0.3,0.0095587621749,2.28,-1.52,1.443
2024-05-16 00:30:00,o,3.35,0.7,0.95,1.708794691425808,0.0072785139706,0.393,-0.0046262782028,1.65,-0.463,1.529
2024-05-16 00:30:00,o,3.35,0.75,0.0,2.0204234386693636,-0.016716091063,0.3,0.0095587621749,2.28,-1.52,1.443
2024-05-16 00:30:00,o,3.35,0.75,0.95,1.7371210498015497,-0.00049295633205,0.375,0.00051841286594,1.82,-0.692,1.559
2024-05-16 00:30:00,o,3.35,0.8,0.0,2.0351855039611557,-0.03441970078,0.292,0.018766443734,2.32,-1.604,1.572
2024-05-16 00:30:00,o,3.35,0.8,0.95,1.7459097709432465,-0.000522021399,0.369,-3.5741136325e-05,1.86,-0.753,1.623
2024-05-16 00:30:00,o,3.35,0.85,0.0,2.0351855039611557,-0.03441970078,0.292,0.018766443734,2.32,-1.604,1.572
2024-05-16 00:30:00,o,3.35,0.85,0.95,1.7531079091538273,0.005230203334,0.365,-0.0031503367187,1.9,-0.816,1.647
2024-05-16 00:30:00,o,3.35,0.9,0.0,2.0351855039611557,-0.03441970078,0.292,0.018766443734,2.32,-1.604,1.572
2024-05-16 00:30:00,o,3.35,0.9,0.95,1.7656238566288578,0.0012534190621,0.357,-0.001200084673,1.95,-0.897,1.621
2024-05-16 00:30:00,o,3.35,0.95,0.0,2.0437119309751637,-0.04932782744,0.287,0.025550294166,2.35,-1.667,1.634
2024-05-16 00:30:00,o,3.35,0.95,0.95,1.7799930907873527,-0.0020278042652,0.349,0.0011509141526,2.0,-0.983,1.719
2024-05-16 00:30:00,o,3.35,1.0,0.0,2.0502907999291646,-0.060820423824,0.283,0.030289150031,2.38,-1.731,1.698
2024-05-16 00:30:00,o,3.35,1.0,0.95,1.7993956944580243,0.0045592366435,0.338,-0.0025214143692,2.07,-1.109,1.784
2024-05-16 00:30:00,o,3.35,1.05,0.0,2.0502907999291646,-0.060820423824,0.283,0.030289150031,2.38,-1.731,1.698
2024-05-16 00:30:00,o,3.35,1.05,0.95,1.8032385477112876,-0.00031415683098,0.336,0.00037395884669,2.08,-1.127,1.8
2024-05-16 00:30:00,o,3.35,1.1,0.0,2.0405706963760792,-0.036550008654,0.289,0.019602277352,2.34,-1.646,1.866
2024-05-16 00:30:00,o,3.35,1.1,0.95,1.8415096327851368,0.019897858824,0.315,-0.010706194737,2.2,-1.358,2.125
2024-05-16 00:30:00,o,3.35,1.15,0.0,2.0405706963760792,-0.036550008654,0.289,0.019602277352,2.34,-1.646,1.866
2024-05-16 00:30:00,o,3.35,1.15,0.05,2.0405706963760792,-0.036550008654,0.289,0.019602277352,2.34,-1.646,1.866
2024-05-16 00:30:00,o,3.35,1.15,0.1,2.047247601403863,-0.060406614213,0.285,0.030640336651,2.36,-1.688,1.792
2024-05-16 00:30:00,o,3.35,1.15,0.15,2.0231289460104955,-0.099086932262,0.285,0.048817162714,2.36,-1.688,2.123
2024-05-16 00:30:00,o,3.35,1.15,0.2,2.009246873958783,-0.098942545907,0.284,0.048451001939,2.36,-1.688,1.674
2024-05-16 00:30:00,o,3.35,1.15,0.25,1.9801806912412983,-0.08246896997,0.294,0.042246816065,2.31,-1.583,1.832
2024-05-16 00:30:00,o,3.35,1.15,0.3,1.9500385240653384,-0.076723471287,0.303,0.040504831226,2.27,-1.5,1.674
2024-05-16 00:30:00,o,3.35,1.15,0.35,1.916696033140704,-0.073656143359,0.312,0.040308142629,2.21,-1.378,1.689
2024-05-16 00:30:00,o,3.35,1.15,0.4,1.916696033140704,-0.073656143359,0.312,0.040308142629,2.21,-1.378,1.689
2024-05-16 00:30:00,o,3.35,1.15,0.45,1.8797665958484975,-0.056626492516,0.318,0.032302771386,2.18,-1.318,1.582
2024-05-16 00:30:00,o,3.35,1.15,0.5,1.8476590159357078,-0.041883583137,0.329,0.024908502518,2.12,-1.202,1.617
2024-05-16 00:30:00,o,3.35,1.15,0.55,1.8176909464583062,-0.030689094928,0.342,0.018631588979,2.04,-1.054,1.651
2024-05-16 00:30:00,o,3.35,1.15,0.6,1.8176909464583062,-0.030689094928,0.342,0.018631588979,2.04,-1.054,1.651
2024-05-16 00:30:00,o,3.35,1.15,0.65,1.8116889262087386,-0.018071419996,0.336,0.010149165812,2.08,-1.127,1.7
2024-05-16 00:30:00,o,3.35,1.15,0.7,1.8116889262087386,-0.018071419996,0.336,0.010149165812,2.08,-1.127,1.7
2024-05-16 00:30:00,o,3.35,1.15,0.75,1.8115347915567628,-0.0096052009088,0.331,0.0050384236727,2.11,-1.183,1.815
2024-05-16 00:30:00,o,3.35,1.15,0.8,1.8208842300053647,0.0084254500252,0.326,-0.0046967375295,2.14,-1.24,2.26
2024-05-16 00:30:00,o,3.35,1.15,0.85,1.8208842300053647,0.0084254500252,0.326,-0.0046967375295,2.14,-1.24,2.26
2024-05-16 00:30:00,o,3.35,1.15,0.9,1.8415096327851368,0.019897858824,0.315,-0.010706194737,2.2,-1.358,2.125
2024-05-16 00:30:00,o,3.35,1.15,0.95,1.8511298764212498,0.023321360911,0.31,-0.012370331008,2.22,-1.398,1.97
2024-05-16 00:30:00,o,3.4,0.05,0.0,2.06989739120785,-0.079912698891,0.273,0.038032840053,2.43,-1.839,1.48
2024-05-16 00:30:00,o,3.4,0.05,0.05,2.06989739120785,-0.079912698891,0.273,0.038032840053,2.43,-1.839,1.48
2024-05-16 00:30:00,o,3.4,0.05,0.1,2.0479287378919784,-0.087178459582,0.276,0.041672777701,2.41,-1.796,1.246
2024-05-16 00:30:00,o,3.4,0.05,0.15,2.0479287378919784,-0.087178459582,0.276,0.041672777701,2.41,-1.796,1.246
2024-05-16 00:30:00,o,3.4,0.05,0.2,2.0204192952113313,-0.095972576011,0.272,0.045348073241,2.43,-1.839,1.44
2024-05-16 00:30:00,o,3.4,0.05,0.25,2.0204192952113313,-0.095972576011,0.272,0.045348073241,2.43,-1.839,1.44
2024-05-16 00:30:00,o,3.4,0.05,0.3,1.9751053905462534,-0.080677991451,0.282,0.039961685864,2.38,-1.731,1.411
2024-05-16 00:30:00,o,3.4,0.05,0.35,1.9751053905462534,-0.080677991451,0.282,0.039961685864,2.38,-1.731,1.411
2024-05-16 00:30:00,o,3.4,0.05,0.4,1.9751053905462534,-0.080677991451,0.282,0.039961685864,2.38,-1.731,1.411
2024-05-16 00:30:00,o,3.4,0.05,0.45,1.9117859484425712,-0.052846043946,0.306,0.028848725778,2.24,-1.438,1.352
2024-05-16 00:30:00,o,3.4,0.05,0.5,1.860691288695443,-0.039222188743,0.322,0.023068788363,2.16,-1.279,1.432
2024-05-16 00:30:00,o,3.4,0.05,0.55,1.8378724042696124,-0.047437918895,0.33,0.027447560868,2.11,-1.183,1.519
2024-05-16 00:30:00,o,3.4,0.05,0.6,1.8378724042696124,-0.047437918895,0.33,0.027447560868,2.11,-1.183,1.519
2024-05-16 00:30:00,o,3.4,0.05,0.65,1.8118564018514958,-0.032993398955,0.337,0.018894824533,2.07,-1.109,1.521
2024-05-16 00:30:00,o,3.4,0.05,0.7,1.8041803372675098,-0.0216805065,0.335,0.011584885986,2.09,-1.146,1.641
2024-05-16 00:30:00,o,3.4,0.05,0.75,1.7943486038960827,-0.014658633159,0.341,0.0084015651787,2.05,-1.072,1.728
2024-05-16 00:30:00,o,3.4,0.05,0.8,1.7920763613139254,-0.0042412043806,0.342,0.0023154390191,2.04,-1.054,1.813
2024-05-16 00:30:00,o,3.4,0.05,0.85,1.7956645538416842,0.0070366678841,0.34,-0.004051866023,2.06,-1.09,2.063
2024-05-16 00:30:00,o,3.4,0.05,0.9,1.8125791554090467,0.03200983834,0.331,-0.017688946935,2.11,-1.183,2.839
2024-05-16 00:30:00,o,3.4,0.05,0.95,1.8330004091189396,0.033322206361,0.32,-0.017793358223,2.17,-1.299,2.307
2024-05-16 00:30:00,o,3.4,0.1,0.0,2.033773462984089,-0.084322540171,0.292,0.042587985979,2.32,-1.604,1.316
2024-05-16 00:30:00,o,3.4,0.1,0.95,1.8125791554090467,0.03200983834,0.331,-0.017688946935,2.11,-1.183,2.839
2024-05-16 00:30:00,o,3.4,0.15,0.0,2.0475201842057715,-0.010548843202,0.285,0.0057719675071,2.36,-1.688,1.336
2024-05-16 00:30:00,o,3.4,0.15,0.95,1.786282812624306,0.021307596384,0.345,-0.012840371407,2.02,-1.018,1.83
2024-05-16 00:30:00,o,3.4,0.2,0.0,2.0475201842057715,-0.010548843202,0.285,0.0057719675071,2.36,-1.688,1.336
2024-05-16 00:30:00,o,3.4,0.2,0.95,1.7683494621695957,0.013183770917,0.356,-0.0077197762757,1.96,-0.914,1.637
2024-05-16 00:30:00,o,3.4,0.25,0.0,2.041621616444828,0.0017674765339,0.288,-0.00096181748438,2.34,-1.646,1.33
2024-05-16 00:30:00,o,3.4,0.25,0.95,1.7544171445262589,0.0084060367743,0.364,-0.005293746814,1.9,-0.816,1.625
2024-05-16 00:30:00,o,3.4,0.3,0.0,2.041621616444828,0.0017674765339,0.288,-0.00096181748438,2.34,-1.646,1.33
2024-05-16 00:30:00,o,3.4,0.3,0.95,1.7544171445262589,0.0084060367743,0.364,-0.005293746814,1.9,-0.816,1.625
2024-05-16 00:30:00,o,3.4,0.35,0.0,2.0127233655966625,-0.00097737258414,0.304,0.00046580892678,2.25,-1.459,1.25
2024-05-16 00:30:00,o,3.4,0.35,0.95,1.7337989199918555,0.012293324501,0.377,-0.0076384524535,1.81,-0.678,1.56
2024-05-16 00:30:00,o,3.4,0.4,0.0,1.9878851442217578,0.016242898118,0.319,-0.0095255353211,2.17,-1.299,1.284
2024-05-16 00:30:00,o,3.4,0.4,0.95,1.715543750605142,0.016634551753,0.388,-0.011352139188,1.71,-0.539,1.577
2024-05-16 00:30:00,o,3.4,0.45,0.0,1.995174334799384,0.02155702079,0.314,-0.013307166222,2.2,-1.358,1.335
2024-05-16 00:30:00,o,3.4,0.45,0.95,1.715543750605142,0.016634551753,0.388,-0.011352139188,1.71,-0.539,1.577
2024-05-16 00:30:00,o,3.4,0.5,0.0,1.995174334799384,0.02155702079,0.314,-0.013307166222,2.2,-1.358,1.335
2024-05-16 00:30:00,o,3.4,0.5,0.95,1.7134905430939424,0.0058011652632,0.39,-0.0035692051337,1.69,-0.513,1.542
2024-05-16 00:30:00,o,3.4,0.55,0.0,1.9938945330212487,0.020055757888,0.315,-0.012170834531,2.2,-1.358,1.379
2024-05-16 00:30:00,o,3.4,0.55,0.95,1.7124981771218992,0.0078930049209,0.39,-0.0055909669825,1.69,-0.513,1.495
2024-05-16 00:30:00,o,3.4,0.6,0.0,1.989334109051853,0.015273985667,0.318,-0.0090346290672,2.18,-1.318,1.344
2024-05-16 00:30:00,o,3.4,0.6,0.95,1.708794691425808,0.0072785139706,0.393,-0.0046262782028,1.65,-0.463,1.529
2024-05-16 00:30:00,o,3.4,0.65,0.0,1.989334109051853,0.015273985667,0.318,-0.0090346290672,2.18,-1.318,1.344
2024-05-16 00:30:00,o,3.4,0.65,0.95,1.708794691425808,0.0072785139706,0.393,-0.0046262782028,1.65,-0.463,1.529
2024-05-16 00:30:00,o,3.4,0.7,0.0,1.989334109051853,0.015273985667,0.318,-0.0090346290672,2.18,-1.318,1.344
2024-05-16 00:30:00,o,3.4,0.7,0.95,1.7038586003275193,-0.00043780122061,0.396,0.0002060562955,1.61,-0.415,1.552
2024-05-16 00:30:00,o,3.4,0.75,0.0,2.0204234386693636,-0.016716091063,0.3,0.0095587621749,2.28,-1.52,1.443
2024-05-16 00:30:00,o,3.4,0.75,0.95,1.734047360757417,-0.0064179680302,0.377,0.0042881186982,1.81,-0.678,1.595
2024-05-16 00:30:00,o,3.4,0.8,0.0,2.0204234386693636,-0.016716091063,0.3,0.0095587621749,2.28,-1.52,1.443
2024-05-16 00:30:00,o,3.4,0.8,0.95,1.734047360757417,-0.0064179680302,0.377,0.0042881186982,1.81,-0.678,1.595
2024-05-16 00:30:00,o,3.4,0.85,0.0,2.0204234386693636,-0.016716091063,0.3,0.0095587621749,2.28,-1.52,1.443
2024-05-16 00:30:00,o,3.4,0.85,0.95,1.7459097709432465,-0.000522021399,0.369,-3.5741136325e-05,1.86,-0.753,1.623
2024-05-16 00:30:00,o,3.4,0.9,0.0,2.0204234386693636,-0.016716091063,0.3,0.0095587621749,2.28,-1.52,1.443
2024-05-16 00:30:00,o,3.4,0.9,0.95,1.7656238566288578,0.0012534190621,0.357,-0.001200084673,1.95,-0.897,1.621
2024-05-16 00:30:00,o,3.4,0.95,0.0,2.056763873230626,-0.079963033945,0.28,0.039178064498,2.39,-1.752,1.734
2024-05-16 00:30:00,o,3.4,0.95,0.95,1.7799930907873527,-0.0020278042652,0.349,0.0011509141526,2.0,-0.983,1.719
2024-05-16 00:30:00,o,3.4,1.0,0.0,2.056763873230626,-0.079963033945,0.28,0.039178064498,2.39,-1.752,1.734
2024-05-16 00:30:00,o,3.4,1.0,0.95,1.775712366017232,-0.0093824592245,0.352,0.0059227719963,1.98,-0.948,1.703
2024-05-16 00:30:00,o,3.4,1.05,0.0,2.056763873230626,-0.079963033945,0.28,0.039178064498,2.39,-1.752,1.734
2024-05-16 00:30:00,o,3.4,1.05,0.95,1.7950035959386486,-0.0070925119598,0.34,0.0035608045009,2.06,-1.09,1.783
2024-05-16 00:30:00,o,3.4,1.1,0.0,2.040269965815521,-0.067180834766,0.289,0.034542983804,2.34,-1.646,1.999
2024-05-16 00:30:00,o,3.4,1.1,0.95,1.804078067712361,-0.0039707743681,0.335,0.001871580915,2.09,-1.146,1.941
2024-05-16 00:30:00,o,3.4,1.15,0.0,2.040269965815521,-0.067180834766,0.289,0.034542983804,2.34,-1.646,1.999
2024-05-16 00:30:00,o,3.4,1.15,0.05,2.044437838176074,-0.097011935224,0.286,0.047308204317,2.35,-1.667,2.239
2024-05-16 00:30:00,o,3.4,1.15,0.1,2.044437838176074,-0.097011935224,0.286,0.047308204317,2.35,-1.667,2.239
2024-05-16 00:30:00,o,3.4,1.15,0.15,2.0283068544234424,-0.10243849449,0.285,0.049616952711,2.36,-1.688,2.483
2024-05-16 00:30:00,o,3.4,1.15,0.2,2.0263371136003627,-0.11328698598,0.278,0.053469484147,2.4,-1.774,1.831
2024-05-16 00:30:00,o,3.4,1.15,0.25,2.009246873958783,-0.098942545907,0.284,0.048451001939,2.36,-1.688,1.674
2024-05-16 00:30:00,o,3.4,1.15,0.3,1.9500385240653384,-0.076723471287,0.303,0.040504831226,2.27,-1.5,1.674
2024-05-16 00:30:00,o,3.4,1.15,0.35,1.916696033140704,-0.073656143359,0.312,0.040308142629,2.21,-1.378,1.689
2024-05-16 00:30:00,o,3.4,1.15,0.4,1.9211660506377388,-0.075577591888,0.303,0.04068949168,2.27,-1.5,1.616
2024-05-16 00:30:00,o,3.4,1.15,0.45,1.8797665958484975,-0.056626492516,0.318,0.032302771386,2.18,-1.318,1.582
2024-05-16 00:30:00,o,3.4,1.15,0.5,1.8476590159357078,-0.041883583137,0.329,0.024908502518,2.12,-1.202,1.617
2024-05-16 00:30:00,o,3.4,1.15,0.55,1.8476590159357078,-0.041883583137,0.329,0.024908502518,2.12,-1.202,1.617
2024-05-16 00:30:00,o,3.4,1.15,0.6,1.8446200531431607,-0.035930597105,0.326,0.020763367283,2.14,-1.24,1.604
2024-05-16 00:30:00,o,3.4,1.15,0.65,1.8201160376471397,-0.022430798848,0.331,0.012265239459,2.11,-1.183,1.625
2024-05-16 00:30:00,o,3.4,1.15,0.7,1.8116889262087386,-0.018071419996,0.336,0.010149165812,2.08,-1.127,1.7
2024-05-16 00:30:00,o,3.4,1.15,0.75,1.8136610354732021,-0.010458287233,0.33,0.0056478205762,2.11,-1.183,1.848
2024-05-16 00:30:00,o,3.4,1.15,0.8,1.8118296100882607,-0.0037082928778,0.331,0.0019905888,2.11,-1.183,2.06
2024-05-16 00:30:00,o,3.4,1.15,0.85,1.804078067712361,-0.0039707743681,0.335,0.001871580915,2.09,-1.146,1.941
2024-05-16 00:30:00,o,3.4,1.15,0.9,1.804078067712361,-0.0039707743681,0.335,0.001871580915,2.09,-1.146,1.941
2024-05-16 00:30:00,o,3.4,1.15,0.95,1.8158698359694638,-0.0015699203705,0.329,0.0010284801611,2.12,-1.202,2.09
2024-05-16 00:30:00,o,3.45,0.05,0.0,2.033773462984089,-0.084322540171,0.292,0.042587985979,2.32,-1.604,1.316
2024-05-16 00:30:00,o,3.45,0.05,0.05,2.054486654172317,-0.092580303168,0.281,0.044817187945,2.39,-1.752,1.483
2024-05-16 00:30:00,o,3.45,0.05,0.1,2.0456163219129087,-0.097713930242,0.282,0.047136518376,2.38,-1.731,1.436
2024-05-16 00:30:00,o,3.45,0.05,0.15,2.0456163219129087,-0.097713930242,0.282,0.047136518376,2.38,-1.731,1.436
2024-05-16 00:30:00,o,3.45,0.05,0.2,2.0163061227088646,-0.09676107599,0.279,0.046808317645,2.4,-1.774,1.328
2024-05-16 00:30:00,o,3.45,0.05,0.25,2.0204192952113313,-0.095972576011,0.272,0.045348073241,2.43,-1.839,1.44
2024-05-16 00:30:00,o,3.45,0.05,0.3,1.9751053905462534,-0.080677991451,0.282,0.039961685864,2.38,-1.731,1.411
2024-05-16 00:30:00,o,3.45,0.05,0.35,1.9751053905462534,-0.080677991451,0.282,0.039961685864,2.38,-1.731,1.411
2024-05-16 00:30:00,o,3.45,0.05,0.4,1.9370713321535031,-0.073893976214,0.295,0.038195577423,2.31,-1.583,1.319
2024-05-16 00:30:00,o,3.45,0.05,0.45,1.9033233575632427,-0.077774601745,0.306,0.041979627111,2.24,-1.438,1.407
2024-05-16 00:30:00,o,3.45,0.05,0.5,1.8644932817394728,-0.064163683263,0.318,0.03545644081,2.18,-1.318,1.443
2024-05-16 00:30:00,o,3.45,0.05,0.55,1.8378724042696124,-0.047437918895,0.33,0.027447560868,2.11,-1.183,1.519
2024-05-16 00:30:00,o,3.45,0.05,0.6,1.8378724042696124,-0.047437918895,0.33,0.027447560868,2.11,-1.183,1.519
2024-05-16 00:30:00,o,3.45,0.05,0.65,1.8118564018514958,-0.032993398955,0.337,0.018894824533,2.07,-1.109,1.521
2024-05-16 00:30:00,o,3.45,0.05,0.7,1.8041803372675098,-0.0216805065,0.335,0.011584885986,2.09,-1.146,1.641
2024-05-16 00:30:00,o,3.45,0.05,0.75,1.8041803372675098,-0.0216805065,0.335,0.011584885986,2.09,-1.146,1.641
2024-05-16 00:30:00,o,3.45,0.05,0.8,1.8019042665793468,-0.011743428768,0.337,0.0069557984731,2.07,-1.109,1.733
2024-05-16 00:30:00,o,3.45,0.05,0.85,1.8258089590574127,0.022734409516,0.323,-0.012892757305,2.15,-1.26,2.347
2024-05-16 00:30:00,o,3.45,0.05,0.9,1.826541256631595,0.029460772842,0.323,-0.016254300965,2.15,-1.26,2.289
2024-05-16 00:30:00,o,3.45,0.05,0.95,1.8330004091189396,0.033322206361,0.32,-0.017793358223,2.17,-1.299,2.307
2024-05-16 00:30:00,o,3.45,0.1,0.0,2.033773462984089,-0.084322540171,0.292,0.042587985979,2.32,-1.604,1.316
2024-05-16 00:30:00,o,3.45,0.1,0.95,1.8181070733995945,0.018994071133,0.328,-0.010110687402,2.12,-1.202,1.903
2024-05-16 00:30:00,o,3.45,0.15,0.0,2.020721663807185,-0.053590000114,0.3,0.029174914877,2.28,-1.52,1.287
2024-05-16 00:30:00,o,3.45,0.15,0.95,1.8181070733995945,0.018994071133,0.328,-0.010110687402,2.12,-1.202,1.903
2024-05-16 00:30:00,o,3.45,0.2,0.0,2.0475201842057715,-0.010548843202,0.285,0.0057719675071,2.36,-1.688,1.336
2024-05-16 00:30:00,o,3.45,0.2,0.95,1.7683494621695957,0.013183770917,0.356,-0.0077197762757,1.96,-0.914,1.637
2024-05-16 00:30:00,o,3.45,0.25,0.0,2.041621616444828,0.0017674765339,0.288,-0.00096181748438,2.34,-1.646,1.33
2024-05-16 00:30:00,o,3.45,0.25,0.95,1.7683494621695957,0.013183770917,0.356,-0.0077197762757,1.96,-0.914,1.637
2024-05-16 00:30:00,o,3.45,0.3,0.0,2.0127233655966625,-0.00097737258414,0.304,0.00046580892678,2.25,-1.459,1.25
2024-05-16 00:30:00,o,3.45,0.3,0.95,1.7544171445262589,0.0084060367743,0.364,-0.005293746814,1.9,-0.816,1.625
2024-05-16 00:30:00,o,3.45,0.35,0.0,2.0127233655966625,-0.00097737258414,0.304,0.00046580892678,2.25,-1.459,1.25
2024-05-16 00:30:00,o,3.45,0.35,0.95,1.7337989199918555,0.012293324501,0.377,-0.0076384524535,1.81,-0.678,1.56
2024-05-16 00:30:00,o,3.45,0.4,0.0,1.9878851442217578,0.016242898118,0.319,-0.0095255353211,2.17,-1.299,1.284
2024-05-16 00:30:00,o,3.45,0.4,0.95,1.7134905430939424,0.0058011652632,0.39,-0.0035692051337,1.69,-0.513,1.542
2024-05-16 00:30:00,o,3.45,0.45,0.0,1.9878851442217578,0.016242898118,0.319,-0.0095255353211,2.17,-1.299,1.284
2024-05-16 00:30:00,o,3.45,0.45,0.95,1.7134905430939424,0.0058011652632,0.39,-0.0035692051337,1.69,-0.513,1.542
2024-05-16 00:30:00,o,3.45,0.5,0.0,1.9878851442217578,0.016242898118,0.319,-0.0095255353211,2.17,-1.299,1.284
2024-05-16 00:30:00,o,3.45,0.5,0.95,1.7061969994202641,0.0014289533924,0.395,-0.000483940471,1.63,-0.438,1.541
2024-05-16 00:30:00,o,3.45,0.55,0.0,1.9790063065373038,0.015416789334,0.324,-0.0095401797853,2.15,-1.26,1.285
2024-05-16 00:30:00,o,3.45,0.55,0.95,1.7030074889585767,0.0013272752981,0.397,-0.00051793340185,1.61,-0.415,1.514
2024-05-16 00:30:00,o,3.45,0.6,0.0,1.989334109051853,0.015273985667,0.318,-0.0090346290672,2.18,-1.318,1.344
2024-05-16 00:30:00,o,3.45,0.6,0.95,1.7038586003275193,-0.00043780122061,0.396,0.0002060562955,1.61,-0.415,1.552
2024-05-16 00:30:00,o,3.45,0.65,0.0,1.989334109051853,0.015273985667,0.318,-0.0090346290672,2.18,-1.318,1.344
2024-05-16 00:30:00,o,3.45,0.65,0.95,1.7038586003275193,-0.00043780122061,0.396,0.0002060562955,1.61,-0.415,1.552
2024-05-16 00:30:00,o,3.45,0.7,0.0,1.989334109051853,0.015273985667,0.318,-0.0090346290672,2.18,-1.318,1.344
2024-05-16 00:30:00,o,3.45,0.7,0.95,1.7038586003275193,-0.00043780122061,0.396,0.0002060562955,1.61,-0.415,1.552
2024-05-16 00:30:00,o,3.45,0.75,0.0,2.0204234386693636,-0.016716091063,0.3,0.0095587621749,2.28,-1.52,1.443
2024-05-16 00:30:00,o,3.45,0.75,0.95,1.7128180002078501,-0.0071427231846,0.39,0.0043730966062,1.69,-0.513,1.598
2024-05-16 00:30:00,o,3.45,0.8,0.0,2.0204234386693636,-0.016716091063,0.3,0.0095587621749,2.28,-1.52,1.443
2024-05-16 00:30:00,o,3.45,0.8,0.95,1.7128180002078501,-0.0071427231846,0.39,0.0043730966062,1.69,-0.513,1.598
2024-05-16 00:30:00,o,3.45,0.85,0.0,2.031469059254197,-0.028257141237,0.294,0.015641096793,2.31,-1.583,1.461
2024-05-16 00:30:00,o,3.45,0.85,0.95,1.734047360757417,-0.0064179680302,0.377,0.0042881186982,1.81,-0.678,1.595
2024-05-16 00:30:00,o,3.45,0.9,0.0,2.031469059254197,-0.028257141237,0.294,0.015641096793,2.31,-1.583,1.461
2024-05-16 00:30:00,o,3.45,0.9,0.95,1.7520945651387643,-0.013223731081,0.366,0.0083635268015,1.88,-0.784,1.595
2024-05-16 00:30:00,o,3.45,0.95,0.0,2.0569010417190454,-0.071372185758,0.28,0.035317649633,2.39,-1.752,1.606
2024-05-16 00:30:00,o,3.45,0.95,0.95,1.775712366017232,-0.0093824592245,0.352,0.0059227719963,1.98,-0.948,1.703
2024-05-16 00:30:00,o,3.45,1.0,0.0,2.056763873230626,-0.079963033945,0.28,0.039178064498,2.39,-1.752,1.734
2024-05-16 00:30:00,o,3.45,1.0,0.95,1.775712366017232,-0.0093824592245,0.352,0.0059227719963,1.98,-0.948,1.703
2024-05-16 00:30:00,o,3.45,1.05,0.0,2.056763873230626,-0.079963033945,0.28,0.039178064498,2.39,-1.752,1.734
2024-05-16 00:30:00,o,3.45,1.05,0.95,1.7806556851072708,-0.012386958021,0.349,0.0074622860593,2.0,-0.983,1.805
2024-05-16 00:30:00,o,3.45,1.1,0.0,2.0537389909012047,-0.093002827329,0.282,0.045672682371,2.38,-1.731,1.848
2024-05-16 00:30:00,o,3.45,1.1,0.95,1.8024453155603493,-0.0069325633235,0.336,0.0036063007888,2.08,-1.127,1.989
2024-05-16 00:30:00,o,3.45,1.15,0.0,2.0537389909012047,-0.093002827329,0.282,0.045672682371,2.38,-1.731,1.848
2024-05-16 00:30:00,o,3.45,1.15,0.05,2.044437838176074,-0.097011935224,0.286,0.047308204317,2.35,-1.667,2.239
2024-05-16 00:30:00,o,3.45,1.15,0.1,2.0459368171533083,-0.11662460246,0.284,0.055770525485,2.36,-1.688,2.137
2024-05-16 00:30:00,o,3.45,1.15,0.15,2.0380834191074193,-0.12270013885,0.275,0.0568965864,2.42,-1.817,2.04
2024-05-16 00:30:00,o,3.45,1.15,0.2,2.0380834191074193,-0.12270013885,0.275,0.0568965864,2.42,-1.817,2.04
2024-05-16 00:30:00,o,3.45,1.15,0.25,2.0374185291614255,-0.11137532118,0.267,0.050333326726,2.46,-1.904,1.772
2024-05-16 00:30:00,o,3.45,1.15,0.3,2.00948489012237,-0.09823033143,0.272,0.045817730365,2.43,-1.839,1.645
2024-05-16 00:30:00,o,3.45,1.15,0.35,1.9636272975459963,-0.087610145297,0.285,0.043737936731,2.36,-1.688,1.629
2024-05-16 00:30:00,o,3.45,1.15,0.4,1.9211660506377388,-0.075577591888,0.303,0.04068949168,2.27,-1.5,1.616
2024-05-16 00:30:00,o,3.45,1.15,0.45,1.8797665958484975,-0.056626492516,0.318,0.032302771386,2.18,-1.318,1.582
2024-05-16 00:30:00,o,3.45,1.15,0.5,1.8476590159357078,-0.041883583137,0.329,0.024908502518,2.12,-1.202,1.617
2024-05-16 00:30:00,o,3.45,1.15,0.55,1.8446200531431607,-0.035930597105,0.326,0.020763367283,2.14,-1.24,1.604
2024-05-16 00:30:00,o,3.45,1.15,0.6,1.8446200531431607,-0.035930597105,0.326,0.020763367283,2.14,-1.24,1.604
2024-05-16 00:30:00,o,3.45,1.15,0.65,1.8269489932529281,-0.024608976448,0.325,0.013112849589,2.14,-1.24,1.731
2024-05-16 00:30:00,o,3.45,1.15,0.7,1.817677729547203,-0.018361405628,0.328,0.010007653711,2.12,-1.202,1.767
2024-05-16 00:30:00,o,3.45,1.15,0.75,1.817677729547203,-0.018361405628,0.328,0.010007653711,2.12,-1.202,1.767
2024-05-16 00:30:00,o,3.45,1.15,0.8,1.8081028924204843,-0.0079261813222,0.333,0.0042589477728,2.1,-1.164,2.381
2024-05-16 00:30:00,o,3.45,1.15,0.85,1.8056231774049216,-0.0091037427165,0.334,0.0045470158624,2.09,-1.146,2.481
2024-05-16 00:30:00,o,3.45,1.15,0.9,1.808183955319815,-0.010655325392,0.333,0.0057901456453,2.1,-1.164,2.329
2024-05-16 00:30:00,o,3.45,1.15,0.95,1.8158698359694638,-0.0015699203705,0.329,0.0010284801611,2.12,-1.202,2.09
2024-05-16 00:30:00,o,3.5,0.05,0.0,2.033773462984089,-0.084322540171,0.292,0.042587985979,2.32,-1.604,1.316
2024-05-16 00:30:00,o,3.5,0.05,0.05,2.033773462984089,-0.084322540171,0.292,0.042587985979,2.32,-1.604,1.316
2024-05-16 00:30:00,o,3.5,0.05,0.1,2.0456163219129087,-0.097713930242,0.282,0.047136518376,2.38,-1.731,1.436
2024-05-16 00:30:00,o,3.5,0.05,0.15,2.0456163219129087,-0.097713930242,0.282,0.047136518376,2.38,-1.731,1.436
2024-05-16 00:30:00,o,3.5,0.05,0.2,2.0235610900969454,-0.10437908325,0.28,0.049609698216,2.39,-1.752,1.433
2024-05-16 00:30:00,o,3.5,0.05,0.25,2.0163061227088646,-0.09676107599,0.279,0.046808317645,2.4,-1.774,1.328
2024-05-16 00:30:00,o,3.5,0.05,0.3,1.956057921139135,-0.07636338825,0.295,0.039652435577,2.31,-1.583,1.232
2024-05-16 00:30:00,o,3.5,0.05,0.35,1.956057921139135,-0.07636338825,0.295,0.039652435577,2.31,-1.583,1.232
2024-05-16 00:30:00,o,3.5,0.05,0.4,1.9033233575632427,-0.077774601745,0.306,0.041979627111,2.24,-1.438,1.407
2024-05-16 00:30:00,o,3.5,0.05,0.45,1.9033233575632427,-0.077774601745,0.306,0.041979627111,2.24,-1.438,1.407
2024-05-16 00:30:00,o,3.5,0.05,0.5,1.8644932817394728,-0.064163683263,0.318,0.03545644081,2.18,-1.318,1.443
2024-05-16 00:30:00,o,3.5,0.05,0.55,1.8644932817394728,-0.064163683263,0.318,0.03545644081,2.18,-1.318,1.443
2024-05-16 00:30:00,o,3.5,0.05,0.6,1.8644932817394728,-0.064163683263,0.318,0.03545644081,2.18,-1.318,1.443
2024-05-16 00:30:00,o,3.5,0.05,0.65,1.7988301259451687,-0.029868430099,0.341,0.016497484261,2.05,-1.072,1.459
2024-05-16 00:30:00,o,3.5,0.05,0.7,1.7936437331788009,-0.015525277393,0.341,0.0084909413462,2.05,-1.072,1.551
2024-05-16 00:30:00,o,3.5,0.05,0.75,1.8156640673947468,-0.0047344553092,0.329,0.0026366515263,2.12,-1.202,1.961
2024-05-16 00:30:00,o,3.5,0.05,0.8,1.8156640673947468,-0.0047344553092,0.329,0.0026366515263,2.12,-1.202,1.961
2024-05-16 00:30:00,o,3.5,0.05,0.85,1.8254585750363934,0.0089455116371,0.324,-0.0044768308865,2.15,-1.26,2.15
2024-05-16 00:30:00,o,3.5,0.05,0.9,1.8181070733995945,0.018994071133,0.328,-0.010110687402,2.12,-1.202,1.903
2024-05-16 00:30:00,o,3.5,0.05,0.95,1.8319145445997933,0.024880393909,0.32,-0.013690455195,2.17,-1.299,1.997
2024-05-16 00:30:00,o,3.5,0.1,0.0,2.033773462984089,-0.084322540171,0.292,0.042587985979,2.32,-1.604,1.316
2024-05-16 00:30:00,o,3.5,0.1,0.95,1.8181070733995945,0.018994071133,0.328,-0.010110687402,2.12,-1.202,1.903
2024-05-16 00:30:00,o,3.5,0.15,0.0,2.020721663807185,-0.053590000114,0.3,0.029174914877,2.28,-1.52,1.287
2024-05-16 00:30:00,o,3.5,0.15,0.95,1.8181070733995945,0.018994071133,0.328,-0.010110687402,2.12,-1.202,1.903
2024-05-16 00:30:00,o,3.5,0.2,0.0,2.00062927088754,-0.042662256568,0.311,0.023900697713,2.22,-1.398,1.212
2024-05-16 00:30:00,o,3.5,0.2,0.95,1.7852728746222135,0.010726713607,0.346,-0.0061955727232,2.02,-1.018,1.753
2024-05-16 00:30:00,o,3.5,0.25,0.0,1.988590167886173,-0.027523498473,0.318,0.015840486932,2.18,-1.318,1.212
2024-05-16 00:30:00,o,3.5,0.25,0.95,1.7704543397641426,-0.00085380950659,0.355,0.00090473434025,1.97,-0.931,1.714
2024-05-16 00:30:00,o,3.5,0.3,0.0,2.0127233655966625,-0.00097737258414,0.304,0.00046580892678,2.25,-1.459,1.25
2024-05-16 00:30:00,o,3.5,0.3,0.95,1.764400322956388,-0.0044892559348,0.358,0.002479113286,1.95,-0.897,1.598
2024-05-16 00:30:00,o,3.5,0.35,0.0,2.0127233655966625,-0.00097737258414,0.304,0.00046580892678,2.25,-1.459,1.25
2024-05-16 00:30:00,o,3.5,0.35,0.95,1.7481802716783508,-0.0078393246993,0.368,0.0047958333112,1.87,-0.768,1.539
2024-05-16 00:30:00,o,3.5,0.4,0.0,1.9878851442217578,0.016242898118,0.319,-0.0095255353211,2.17,-1.299,1.284
2024-05-16 00:30:00,o,3.5,0.4,0.95,1.7061969994202641,0.0014289533924,0.395,-0.000483940471,1.63,-0.438,1.541
2024-05-16 00:30:00,o,3.5,0.45,0.0,1.9878851442217578,0.016242898118,0.319,-0.0095255353211,2.17,-1.299,1.284
2024-05-16 00:30:00,o,3.5,0.45,0.95,1.7061969994202641,0.0014289533924,0.395,-0.000483940471,1.63,-0.438,1.541
2024-05-16 00:30:00,o,3.5,0.5,0.0,1.9745577448535798,0.013972819479,0.327,-0.0084307632503,2.13,-1.221,1.244
2024-05-16 00:30:00,o,3.5,0.5,0.95,1.7061969994202641,0.0014289533924,0.395,-0.000483940471,1.63,-0.438,1.541
2024-05-16 00:30:00,o,3.5,0.55,0.0,1.9790063065373038,0.015416789334,0.324,-0.0095401797853,2.15,-1.26,1.285
2024-05-16 00:30:00,o,3.5,0.55,0.95,1.7030074889585767,0.0013272752981,0.397,-0.00051793340185,1.61,-0.415,1.514
2024-05-16 00:30:00,o,3.5,0.6,0.0,1.9790063065373038,0.015416789334,0.324,-0.0095401797853,2.15,-1.26,1.285
2024-05-16 00:30:00,o,3.5,0.6,0.95,1.7001929911728786,-5.1965676742e-05,0.399,0.00053308744277,1.57,-0.369,1.542
2024-05-16 00:30:00,o,3.5,0.65,0.0,1.9790063065373038,0.015416789334,0.324,-0.0095401797853,2.15,-1.26,1.285
2024-05-16 00:30:00,o,3.5,0.65,0.95,1.7038586003275193,-0.00043780122061,0.396,0.0002060562955,1.61,-0.415,1.552
2024-05-16 00:30:00,o,3.5,0.7,0.0,1.989334109051853,0.015273985667,0.318,-0.0090346290672,2.18,-1.318,1.344
2024-05-16 00:30:00,o,3.5,0.7,0.95,1.7038586003275193,-0.00043780122061,0.396,0.0002060562955,1.61,-0.415,1.552
2024-05-16 00:30:00,o,3.5,0.75,0.0,2.031469059254197,-0.028257141237,0.294,0.015641096793,2.31,-1.583,1.461
2024-05-16 00:30:00,o,3.5,0.75,0.95,1.7128180002078501,-0.0071427231846,0.39,0.0043730966062,1.69,-0.513,1.598
2024-05-16 00:30:00,o,3.5,0.8,0.0,2.031469059254197,-0.028257141237,0.294,0.015641096793,2.31,-1.583,1.461
2024-05-16 00:30:00,o,3.5,0.8,0.95,1.7109800172844902,-0.011670355486,0.391,0.0070923722943,1.67,-0.487,1.599
2024-05-16 00:30:00,o,3.5,0.85,0.0,2.031469059254197,-0.028257141237,0.294,0.015641096793,2.31,-1.583,1.461
2024-05-16 00:30:00,o,3.5,0.85,0.95,1.7260830305010102,-0.015438861273,0.382,0.0099417607557,1.77,-0.62,1.606
2024-05-16 00:30:00,o,3.5,0.9,0.0,2.031469059254197,-0.028257141237,0.294,0.015641096793,2.31,-1.583,1.461
2024-05-16 00:30:00,o,3.5,0.9,0.95,1.7451372755015815,-0.016474870902,0.37,0.010154734327,1.86,-0.753,1.628
2024-05-16 00:30:00,o,3.5,0.95,0.0,2.0569010417190454,-0.071372185758,0.28,0.035317649633,2.39,-1.752,1.606
2024-05-16 00:30:00,o,3.5,0.95,0.95,1.7651318733317816,-0.019135846308,0.358,0.011446905798,1.95,-0.897,1.739
2024-05-16 00:30:00,o,3.5,1.0,0.0,2.0569010417190454,-0.071372185758,0.28,0.035317649633,2.39,-1.752,1.606
2024-05-16 00:30:00,o,3.5,1.0,0.95,1.7806556851072708,-0.012386958021,0.349,0.0074622860593,2.0,-0.983,1.805
2024-05-16 00:30:00,o,3.5,1.05,0.0,2.056763873230626,-0.079963033945,0.28,0.039178064498,2.39,-1.752,1.734
2024-05-16 00:30:00,o,3.5,1.05,0.95,1.8024453155603493,-0.0069325633235,0.336,0.0036063007888,2.08,-1.127,1.989
2024-05-16 00:30:00,o,3.5,1.1,0.0,2.0537389909012047,-0.093002827329,0.282,0.045672682371,2.38,-1.731,1.848
2024-05-16 00:30:00,o,3.5,1.1,0.95,1.808183955319815,-0.010655325392,0.333,0.0057901456453,2.1,-1.164,2.329
2024-05-16 00:30:00,o,3.5,1.15,0.0,2.066225261756694,-0.093104267677,0.275,0.044203165541,2.42,-1.817,2.068
2024-05-16 00:30:00,o,3.5,1.15,0.05,2.0599872823252126,-0.099856520117,0.278,0.047426341694,2.4,-1.774,1.987
2024-05-16 00:30:00,o,3.5,1.15,0.1,2.0599872823252126,-0.099856520117,0.278,0.047426341694,2.4,-1.774,1.987
2024-05-16 00:30:00,o,3.5,1.15,0.15,2.0380834191074193,-0.12270013885,0.275,0.0568965864,2.42,-1.817,2.04
2024-05-16 00:30:00,o,3.5,1.15,0.2,2.0374185291614255,-0.11137532118,0.267,0.050333326726,2.46,-1.904,1.772
2024-05-16 00:30:00,o,3.5,1.15,0.25,2.0374185291614255,-0.11137532118,0.267,0.050333326726,2.46,-1.904,1.772
2024-05-16 00:30:00,o,3.5,1.15,0.3,2.00948489012237,-0.09823033143,0.272,0.045817730365,2.43,-1.839,1.645
2024-05-16 00:30:00,o,3.5,1.15,0.35,1.9636272975459963,-0.087610145297,0.285,0.043737936731,2.36,-1.688,1.629
2024-05-16 00:30:00,o,3.5,1.15,0.4,1.9636272975459963,-0.087610145297,0.285,0.043737936731,2.36,-1.688,1.629
2024-05-16 00:30:00,o,3.5,1.15,0.45,1.8805449323490968,-0.046666262886,0.312,0.026298783578,2.21,-1.378,1.46
2024-05-16 00:30:00,o,3.5,1.15,0.5,1.8667184651206867,-0.044113967147,0.32,0.025962344693,2.17,-1.299,1.544
2024-05-16 00:30:00,o,3.5,1.15,0.55,1.844284527459441,-0.033691184441,0.323,0.018943644771,2.15,-1.26,1.653
2024-05-16 00:30:00,o,3.5,1.15,0.6,1.844284527459441,-0.033691184441,0.323,0.018943644771,2.15,-1.26,1.653
2024-05-16 00:30:00,o,3.5,1.15,0.65,1.8269489932529281,-0.024608976448,0.325,0.013112849589,2.14,-1.24,1.731
2024-05-16 00:30:00,o,3.5,1.15,0.7,1.8269489932529281,-0.024608976448,0.325,0.013112849589,2.14,-1.24,1.731
2024-05-16 00:30:00,o,3.5,1.15,0.75,1.809094871857159,-0.018158056735,0.333,0.010331981917,2.1,-1.164,1.918
2024-05-16 00:30:00,o,3.5,1.15,0.8,1.8085553001309644,-0.012092707686,0.333,0.0067718925584,2.1,-1.164,1.971
2024-05-16 00:30:00,o,3.5,1.15,0.85,1.8085553001309644,-0.012092707686,0.333,0.0067718925584,2.1,-1.164,1.971
2024-05-16 00:30:00,o,3.5,1.15,0.9,1.808183955319815,-0.010655325392,0.333,0.0057901456453,2.1,-1.164,2.329
2024-05-16 00:30:00,o,3.5,1.15,0.95,1.8145938275145694,-0.0077442736364,0.33,0.0046865847353,2.11,-1.183,2.381
2024-05-16 00:30:00,o,3.55,0.05,0.0,2.0185257473418767,-0.07954661802,0.301,0.042013843477,2.28,-1.52,1.323
2024-05-16 00:30:00,o,3.55,0.05,0.05,2.0185257473418767,-0.07954661802,0.301,0.042013843477,2.28,-1.52,1.323
2024-05-16 00:30:00,o,3.55,0.05,0.1,2.00455780640836,-0.075017744741,0.307,0.040209327066,2.24,-1.438,1.615
2024-05-16 00:30:00,o,3.55,0.05,0.15,2.0235610900969454,-0.10437908325,0.28,0.049609698216,2.39,-1.752,1.433
2024-05-16 00:30:00,o,3.55,0.05,0.2,1.9915317468642597,-0.092887227217,0.293,0.046660903321,2.32,-1.604,1.305
2024-05-16 00:30:00,o,3.55,0.05,0.25,1.9915317468642597,-0.092887227217,0.293,0.046660903321,2.32,-1.604,1.305
2024-05-16 00:30:00,o,3.55,0.05,0.3,1.9330922951139708,-0.081449243837,0.313,0.044385236556,2.21,-1.378,1.18
2024-05-16 00:30:00,o,3.55,0.05,0.35,1.9069865334542233,-0.086110065037,0.317,0.047732113179,2.19,-1.338,1.334
2024-05-16 00:30:00,o,3.55,0.05,0.4,1.9040173007331416,-0.081292387674,0.311,0.04396933594,2.22,-1.398,1.308
2024-05-16 00:30:00,o,3.55,0.05,0.45,1.9033233575632427,-0.077774601745,0.306,0.041979627111,2.24,-1.438,1.407
2024-05-16 00:30:00,o,3.55,0.05,0.5,1.8644932817394728,-0.064163683263,0.318,0.03545644081,2.18,-1.318,1.443
2024-05-16 00:30:00,o,3.55,0.05,0.55,1.8467266888040126,-0.059074586493,0.328,0.034145378595,2.12,-1.202,1.409
2024-05-16 00:30:00,o,3.55,0.05,0.6,1.8467266888040126,-0.059074586493,0.328,0.034145378595,2.12,-1.202,1.409
2024-05-16 00:30:00,o,3.55,0.05,0.65,1.817532316971622,-0.042925478452,0.337,0.024588014669,2.07,-1.109,1.378
2024-05-16 00:30:00,o,3.55,0.05,0.7,1.8098289610678862,-0.012430676762,0.332,0.0066441765757,2.1,-1.164,1.851
2024-05-16 00:30:00,o,3.55,0.05,0.75,1.8098289610678862,-0.012430676762,0.332,0.0066441765757,2.1,-1.164,1.851
2024-05-16 00:30:00,o,3.55,0.05,0.8,1.8098289610678862,-0.012430676762,0.332,0.0066441765757,2.1,-1.164,1.851
2024-05-16 00:30:00,o,3.55,0.05,0.85,1.8223904021574715,0.0055660141615,0.325,-0.003306983711,2.14,-1.24,2.624
2024-05-16 00:30:00,o,3.55,0.05,0.9,1.8206217529745883,0.0088524303973,0.326,-0.0050757369568,2.14,-1.24,2.502
2024-05-16 00:30:00,o,3.55,0.05,0.95,1.8251663722565497,0.008911811567,0.324,-0.0046179271648,2.15,-1.26,2.537
2024-05-16 00:30:00,o,3.55,0.1,0.0,1.9936257796114427,-0.062302717273,0.315,0.03464531651,2.2,-1.358,1.429
2024-05-16 00:30:00,o,3.55,0.1,0.95,1.8206217529745883,0.0088524303973,0.326,-0.0050757369568,2.14,-1.24,2.502
2024-05-16 00:30:00,o,3.55,0.15,0.0,2.00062927088754,-0.042662256568,0.311,0.023900697713,2.22,-1.398,1.212
2024-05-16 00:30:00,o,3.55,0.15,0.95,1.8206217529745883,0.0088524303973,0.326,-0.0050757369568,2.14,-1.24,2.502
2024-05-16 00:30:00,o,3.55,0.2,0.0,2.00062927088754,-0.042662256568,0.311,0.023900697713,2.22,-1.398,1.212
2024-05-16 00:30:00,o,3.55,0.2,0.95,1.7704543397641426,-0.00085380950659,0.355,0.00090473434025,1.97,-0.931,1.714
2024-05-16 00:30:00,o,3.55,0.25,0.0,1.988590167886173,-0.027523498473,0.318,0.015840486932,2.18,-1.318,1.212
2024-05-16 00:30:00,o,3.55,0.25,0.95,1.7704543397641426,-0.00085380950659,0.355,0.00090473434025,1.97,-0.931,1.714
2024-05-16 00:30:00,o,3.55,0.3,0.0,1.988590167886173,-0.027523498473,0.318,0.015840486932,2.18,-1.318,1.212
2024-05-16 00:30:00,o,3.55,0.3,0.95,1.7704543397641426,-0.00085380950659,0.355,0.00090473434025,1.97,-0.931,1.714
2024-05-16 00:30:00,o,3.55,0.35,0.0,1.988590167886173,-0.027523498473,0.318,0.015840486932,2.18,-1.318,1.212
2024-05-16 00:30:00,o,3.55,0.35,0.95,1.7347278411119735,-0.0072112366172,0.376,0.0041995368107,1.81,-0.678,1.539
2024-05-16 00:30:00,o,3.55,0.4,0.0,1.9745577448535798,0.013972819479,0.327,-0.0084307632503,2.13,-1.221,1.244
2024-05-16 00:30:00,o,3.55,0.4,0.95,1.7156607840741798,-0.0022010325897,0.388,0.0010260881424,1.71,-0.539,1.534
2024-05-16 00:30:00,o,3.55,0.45,0.0,1.9745577448535798,0.013972819479,0.327,-0.0084307632503,2.13,-1.221,1.244
2024-05-16 00:30:00,o,3.55,0.45,0.95,1.7061969994202641,0.0014289533924,0.395,-0.000483940471,1.63,-0.438,1.541
2024-05-16 00:30:00,o,3.55,0.5,0.0,1.9745577448535798,0.013972819479,0.327,-0.0084307632503,2.13,-1.221,1.244
2024-05-16 00:30:00,o,3.55,0.5,0.95,1.7061969994202641,0.0014289533924,0.395,-0.000483940471,1.63,-0.438,1.541
2024-05-16 00:30:00,o,3.55,0.55,0.0,1.9790063065373038,0.015416789334,0.324,-0.0095401797853,2.15,-1.26,1.285
2024-05-16 00:30:00,o,3.55,0.55,0.95,1.7030074889585767,0.0013272752981,0.397,-0.00051793340185,1.61,-0.415,1.514
2024-05-16 00:30:00,o,3.55,0.6,0.0,1.9790063065373038,0.015416789334,0.324,-0.0095401797853,2.15,-1.26,1.285
2024-05-16 00:30:00,o,3.55,0.6,0.95,1.7001929911728786,-5.1965676742e-05,0.399,0.00053308744277,1.57,-0.369,1.542
2024-05-16 00:30:00,o,3.55,0.65,0.0,1.9790063065373038,0.015416789334,0.324,-0.0095401797853,2.15,-1.26,1.285
2024-05-16 00:30:00,o,3.55,0.65,0.95,1.7001929911728786,-5.1965676742e-05,0.399,0.00053308744277,1.57,-0.369,1.542
2024-05-16 00:30:00,o,3.55,0.7,0.0,1.9765425484286256,0.0078868504104,0.326,-0.0043764801776,2.14,-1.24,1.286
2024-05-16 00:30:00,o,3.55,0.7,0.95,1.7084718906224416,-0.0012897661242,0.393,0.00078341053991,1.65,-0.463,1.513
2024-05-16 00:30:00,o,3.55,0.75,0.0,2.0138395824915793,-0.01643216988,0.303,0.0087820208289,2.27,-1.5,1.39
2024-05-16 00:30:00,o,3.55,0.75,0.95,1.7109800172844902,-0.011670355486,0.391,0.0070923722943,1.67,-0.487,1.599
2024-05-16 00:30:00,o,3.55,0.8,0.0,2.031469059254197,-0.028257141237,0.294,0.015641096793,2.31,-1.583,1.461
2024-05-16 00:30:00,o,3.55,0.8,0.95,1.7109800172844902,-0.011670355486,0.391,0.0070923722943,1.67,-0.487,1.599
2024-05-16 00:30:00,o,3.55,0.85,0.0,2.031469059254197,-0.028257141237,0.294,0.015641096793,2.31,-1.583,1.461
2024-05-16 00:30:00,o,3.55,0.85,0.95,1.7260830305010102,-0.015438861273,0.382,0.0099417607557,1.77,-0.62,1.606
2024-05-16 00:30:00,o,3.55,0.9,0.0,2.031469059254197,-0.028257141237,0.294,0.015641096793,2.31,-1.583,1.461
2024-05-16 00:30:00,o,3.55,0.9,0.95,1.7260830305010102,-0.015438861273,0.382,0.0099417607557,1.77,-0.62,1.606
2024-05-16 00:30:00,o,3.55,0.95,0.0,2.0569010417190454,-0.071372185758,0.28,0.035317649633,2.39,-1.752,1.606
2024-05-16 00:30:00,o,3.55,0.95,0.95,1.7651318733317816,-0.019135846308,0.358,0.011446905798,1.95,-0.897,1.739
2024-05-16 00:30:00,o,3.55,1.0,0.0,2.0569010417190454,-0.071372185758,0.28,0.035317649633,2.39,-1.752,1.606
2024-05-16 00:30:00,o,3.55,1.0,0.95,1.7651318733317816,-0.019135846308,0.358,0.011446905798,1.95,-0.897,1.739
2024-05-16 00:30:00,o,3.55,1.05,0.0,2.0569010417190454,-0.071372185758,0.28,0.035317649633,2.39,-1.752,1.606
2024-05-16 00:30:00,o,3.55,1.05,0.95,1.808183955319815,-0.010655325392,0.333,0.0057901456453,2.1,-1.164,2.329
2024-05-16 00:30:00,o,3.55,1.1,0.0,2.066225261756694,-0.093104267677,0.275,0.044203165541,2.42,-1.817,2.068
2024-05-16 00:30:00,o,3.55,1.1,0.95,1.8081231595638672,-0.019737002335,0.333,0.010657327506,2.1,-1.164,2.654
2024-05-16 00:30:00,o,3.55,1.15,0.0,2.066225261756694,-0.093104267677,0.275,0.044203165541,2.42,-1.817,2.068
2024-05-16 00:30:00,o,3.55,1.15,0.05,2.066225261756694,-0.093104267677,0.275,0.044203165541,2.42,-1.817,2.068
2024-05-16 00:30:00,o,3.55,1.15,0.1,2.0840898817972944,-0.086391859516,0.266,0.039994731304,2.47,-1.926,2.457
2024-05-16 00:30:00,o,3.55,1.15,0.15,2.0557260864551825,-0.099424653,0.265,0.044985886871,2.47,-1.926,1.798
2024-05-16 00:30:00,o,3.55,1.15,0.2,2.0557260864551825,-0.099424653,0.265,0.044985886871,2.47,-1.926,1.798
2024-05-16 00:30:00,o,3.55,1.15,0.25,2.0374185291614255,-0.11137532118,0.267,0.050333326726,2.46,-1.904,1.772
2024-05-16 00:30:00,o,3.55,1.15,0.3,2.00948489012237,-0.09823033143,0.272,0.045817730365,2.43,-1.839,1.645
2024-05-16 00:30:00,o,3.55,1.15,0.35,1.9636272975459963,-0.087610145297,0.285,0.043737936731,2.36,-1.688,1.629
2024-05-16 00:30:00,o,3.55,1.15,0.4,1.952898945910516,-0.076902689863,0.284,0.038046242703,2.36,-1.688,1.591
2024-05-16 00:30:00,o,3.55,1.15,0.45,1.9146022811353505,-0.057044600929,0.299,0.030724119786,2.29,-1.541,1.494
2024-05-16 00:30:00,o,3.55,1.15,0.5,1.8802989914257526,-0.045976556348,0.309,0.024959066332,2.23,-1.418,1.525
2024-05-16 00:30:00,o,3.55,1.15,0.55,1.8593064562353336,-0.037803571915,0.318,0.021240150173,2.18,-1.318,1.619
2024-05-16 00:30:00,o,3.55,1.15,0.6,1.8593064562353336,-0.037803571915,0.318,0.021240150173,2.18,-1.318,1.619
2024-05-16 00:30:00,o,3.55,1.15,0.65,1.8269489932529281,-0.024608976448,0.325,0.013112849589,2.14,-1.24,1.731
2024-05-16 00:30:00,o,3.55,1.15,0.7,1.8169038393756602,-0.0209496396,0.328,0.010964703099,2.12,-1.202,1.874
2024-05-16 00:30:00,o,3.55,1.15,0.75,1.809094871857159,-0.018158056735,0.333,0.010331981917,2.1,-1.164,1.918
2024-05-16 00:30:00,o,3.55,1.15,0.8,1.8102594084617596,-0.016204140631,0.332,0.0089085544532,2.1,-1.164,2.114
2024-05-16 00:30:00,o,3.55,1.15,0.85,1.8102594084617596,-0.016204140631,0.332,0.0089085544532,2.1,-1.164,2.114
2024-05-16 00:30:00,o,3.55,1.15,0.9,1.8081231595638672,-0.019737002335,0.333,0.010657327506,2.1,-1.164,2.654
2024-05-16 00:30:00,o,3.55,1.15,0.95,1.817743810080775,-0.01267803696,0.328,0.0070262290362,2.12,-1.202,2.208
2024-05-16 00:30:00,o,3.6,0.05,0.0,1.9936257796114427,-0.062302717273,0.315,0.03464531651,2.2,-1.358,1.429
2024-05-16 00:30:00,o,3.6,0.05,0.05,2.0010800491560805,-0.071247065844,0.311,0.039161946466,2.22,-1.398,1.644
2024-05-16 00:30:00,o,3.6,0.05,0.1,2.00455780640836,-0.075017744741,0.307,0.040209327066,2.24,-1.438,1.615
2024-05-16 00:30:00,o,3.6,0.05,0.15,1.9879431957280802,-0.081169655659,0.306,0.043504646668,2.24,-1.438,1.659
2024-05-16 00:30:00,o,3.6,0.05,0.2,1.9879431957280802,-0.081169655659,0.306,0.043504646668,2.24,-1.438,1.659
2024-05-16 00:30:00,o,3.6,0.05,0.25,1.9609271889948667,-0.086047658414,0.301,0.044720871827,2.28,-1.52,1.336
2024-05-16 00:30:00,o,3.6,0.05,0.3,1.9330922951139708,-0.081449243837,0.313,0.044385236556,2.21,-1.378,1.18
2024-05-16 00:30:00,o,3.6,0.05,0.35,1.9069865334542233,-0.086110065037,0.317,0.047732113179,2.19,-1.338,1.334
2024-05-16 00:30:00,o,3.6,0.05,0.4,1.9069865334542233,-0.086110065037,0.317,0.047732113179,2.19,-1.338,1.334
2024-05-16 00:30:00,o,3.6,0.05,0.45,1.9040173007331416,-0.081292387674,0.311,0.04396933594,2.22,-1.398,1.308
2024-05-16 00:30:00,o,3.6,0.05,0.5,1.8467266888040126,-0.059074586493,0.328,0.034145378595,2.12,-1.202,1.409
2024-05-16 00:30:00,o,3.6,0.05,0.55,1.8359884523865668,-0.055392876513,0.33,0.030869612211,2.11,-1.183,1.521
2024-05-16 00:30:00,o,3.6,0.05,0.6,1.8359884523865668,-0.055392876513,0.33,0.030869612211,2.11,-1.183,1.521
2024-05-16 00:30:00,o,3.6,0.05,0.65,1.8195702556219897,-0.041503929695,0.332,0.022829133983,2.1,-1.164,1.504
2024-05-16 00:30:00,o,3.6,0.05,0.7,1.8137610733613516,-0.024710205711,0.33,0.013289929052,2.11,-1.183,1.771
2024-05-16 00:30:00,o,3.6,0.05,0.75,1.8137610733613516,-0.024710205711,0.33,0.013289929052,2.11,-1.183,1.771
2024-05-16 00:30:00,o,3.6,0.05,0.8,1.8098289610678862,-0.012430676762,0.332,0.0066441765757,2.1,-1.164,1.851
2024-05-16 00:30:00,o,3.6,0.05,0.85,1.809297038550086,-0.0030212612471,0.332,0.0012260747684,2.1,-1.164,2.403
2024-05-16 00:30:00,o,3.6,0.05,0.9,1.8206217529745883,0.0088524303973,0.326,-0.0050757369568,2.14,-1.24,2.502
2024-05-16 00:30:00,o,3.6,0.05,0.95,1.8251663722565497,0.008911811567,0.324,-0.0046179271648,2.15,-1.26,2.537
2024-05-16 00:30:00,o,3.6,0.1,0.0,1.9936257796114427,-0.062302717273,0.315,0.03464531651,2.2,-1.358,1.429
2024-05-16 00:30:00,o,3.6,0.1,0.95,1.8206217529745883,0.0088524303973,0.326,-0.0050757369568,2.14,-1.24,2.502
2024-05-16 00:30:00,o,3.6,0.15,0.0,1.98850098762735,-0.049610278903,0.318,0.028089211997,2.18,-1.318,1.223
2024-05-16 00:30:00,o,3.6,0.15,0.95,1.7914520372405314,-0.0024221260858,0.342,0.00093376683789,2.04,-1.054,2.131
2024-05-16 00:30:00,o,3.6,0.2,0.0,2.00062927088754,-0.042662256568,0.311,0.023900697713,2.22,-1.398,1.212
2024-05-16 00:30:00,o,3.6,0.2,0.95,1.7914520372405314,-0.0024221260858,0.342,0.00093376683789,2.04,-1.054,2.131
2024-05-16 00:30:00,o,3.6,0.25,0.0,1.988590167886173,-0.027523498473,0.318,0.015840486932,2.18,-1.318,1.212
2024-05-16 00:30:00,o,3.6,0.25,0.95,1.750477538019339,-0.0057095926161,0.367,0.0038969089442,1.88,-0.784,1.697
2024-05-16 00:30:00,o,3.6,0.3,0.0,1.988590167886173,-0.027523498473,0.318,0.015840486932,2.18,-1.318,1.212
2024-05-16 00:30:00,o,3.6,0.3,0.95,1.750477538019339,-0.0057095926161,0.367,0.0038969089442,1.88,-0.784,1.697
2024-05-16 00:30:00,o,3.6,0.35,0.0,1.955312450109691,-0.018263327364,0.339,0.011667257518,2.06,-1.09,1.188
2024-05-16 00:30:00,o,3.6,0.35,0.95,1.7338550319435995,-0.0053295177524,0.377,0.0034942255595,1.81,-0.678,1.612
2024-05-16 00:30:00,o,3.6,0.4,0.0,1.9532521547868502,-0.0039719030563,0.34,0.0024417729295,2.06,-1.09,1.195
2024-05-16 00:30:00,o,3.6,0.4,0.95,1.7204156682759466,-0.0020125737037,0.385,0.0009506728657,1.73,-0.565,1.585
2024-05-16 00:30:00,o,3.6,0.45,0.0,1.9532521547868502,-0.0039719030563,0.34,0.0024417729295,2.06,-1.09,1.195
2024-05-16 00:30:00,o,3.6,0.45,0.95,1.7156607840741798,-0.0022010325897,0.388,0.0010260881424,1.71,-0.539,1.534
2024-05-16 00:30:00,o,3.6,0.5,0.0,1.9745577448535798,0.013972819479,0.327,-0.0084307632503,2.13,-1.221,1.244
2024-05-16 00:30:00,o,3.6,0.5,0.95,1.7156607840741798,-0.0022010325897,0.388,0.0010260881424,1.71,-0.539,1.534
2024-05-16 00:30:00,o,3.6,0.55,0.0,1.9745577448535798,0.013972819479,0.327,-0.0084307632503,2.13,-1.221,1.244
2024-05-16 00:30:00,o,3.6,0.55,0.95,1.7030074889585767,0.0013272752981,0.397,-0.00051793340185,1.61,-0.415,1.514
2024-05-16 00:30:00,o,3.6,0.6,0.0,1.9790063065373038,0.015416789334,0.324,-0.0095401797853,2.15,-1.26,1.285
2024-05-16 00:30:00,o,3.6,0.6,0.95,1.7053761397664917,-0.00018825075366,0.395,3.8931114997e-05,1.63,-0.438,1.52
2024-05-16 00:30:00,o,3.6,0.65,0.0,1.9765425484286256,0.0078868504104,0.326,-0.0043764801776,2.14,-1.24,1.286
2024-05-16 00:30:00,o,3.6,0.65,0.95,1.7084718906224416,-0.0012897661242,0.393,0.00078341053991,1.65,-0.463,1.513
2024-05-16 00:30:00,o,3.6,0.7,0.0,1.9765425484286256,0.0078868504104,0.326,-0.0043764801776,2.14,-1.24,1.286
2024-05-16 00:30:00,o,3.6,0.7,0.95,1.7080212673859974,-0.0083660900017,0.393,0.0050770166064,1.65,-0.463,1.567
2024-05-16 00:30:00,o,3.6,0.75,0.0,2.0138395824915793,-0.01643216988,0.303,0.0087820208289,2.27,-1.5,1.39
2024-05-16 00:30:00,o,3.6,0.75,0.95,1.7080212673859974,-0.0083660900017,0.393,0.0050770166064,1.65,-0.463,1.567
2024-05-16 00:30:00,o,3.6,0.8,0.0,2.0138395824915793,-0.01643216988,0.303,0.0087820208289,2.27,-1.5,1.39
2024-05-16 00:30:00,o,3.6,0.8,0.95,1.7109800172844902,-0.011670355486,0.391,0.0070923722943,1.67,-0.487,1.599
2024-05-16 00:30:00,o,3.6,0.85,0.0,2.0138395824915793,-0.01643216988,0.303,0.0087820208289,2.27,-1.5,1.39
2024-05-16 00:30:00,o,3.6,0.85,0.95,1.7260830305010102,-0.015438861273,0.382,0.0099417607557,1.77,-0.62,1.606
2024-05-16 00:30:00,o,3.6,0.9,0.0,2.031469059254197,-0.028257141237,0.294,0.015641096793,2.31,-1.583,1.461
2024-05-16 00:30:00,o,3.6,0.9,0.95,1.748978343849411,-0.01835565779,0.367,0.010559150079,1.88,-0.784,1.706
2024-05-16 00:30:00,o,3.6,0.95,0.0,2.057049592041663,-0.085239737005,0.28,0.041684889327,2.39,-1.752,1.752
2024-05-16 00:30:00,o,3.6,0.95,0.95,1.7651318733317816,-0.019135846308,0.358,0.011446905798,1.95,-0.897,1.739
2024-05-16 00:30:00,o,3.6,1.0,0.0,2.057049592041663,-0.085239737005,0.28,0.041684889327,2.39,-1.752,1.752
2024-05-16 00:30:00,o,3.6,1.0,0.95,1.775304550389529,-0.021769003814,0.352,0.012741793436,1.98,-0.948,1.824
2024-05-16 00:30:00,o,3.6,1.05,0.0,2.057049592041663,-0.085239737005,0.28,0.041684889327,2.39,-1.752,1.752
2024-05-16 00:30:00,o,3.6,1.05,0.95,1.775304550389529,-0.021769003814,0.352,0.012741793436,1.98,-0.948,1.824
2024-05-16 00:30:00,o,3.6,1.1,0.0,2.047251496648715,-0.10271236194,0.285,0.050100798894,2.36,-1.688,1.927
2024-05-16 00:30:00,o,3.6,1.1,0.95,1.7916696003122177,-0.021070003785,0.342,0.011457509024,2.04,-1.054,2.095
2024-05-16 00:30:00,o,3.6,1.15,0.0,2.047251496648715,-0.10271236194,0.285,0.050100798894,2.36,-1.688,1.927
2024-05-16 00:30:00,o,3.6,1.15,0.05,2.070259577400575,-0.088320007667,0.273,0.041877329176,2.43,-1.839,2.47
2024-05-16 00:30:00,o,3.6,1.15,0.1,2.0840898817972944,-0.086391859516,0.266,0.039994731304,2.47,-1.926,2.457
2024-05-16 00:30:00,o,3.6,1.15,0.15,2.0768406171167606,-0.092457539683,0.256,0.040664493293,2.53,-2.059,2.432
2024-05-16 00:30:00,o,3.6,1.15,0.2,2.0768406171167606,-0.092457539683,0.256,0.040664493293,2.53,-2.059,2.432
2024-05-16 00:30:00,o,3.6,1.15,0.25,2.0557260864551825,-0.099424653,0.265,0.044985886871,2.47,-1.926,1.798
2024-05-16 00:30:00,o,3.6,1.15,0.3,2.0130395672225316,-0.085825575026,0.273,0.040502056085,2.43,-1.839,1.5
2024-05-16 00:30:00,o,3.6,1.15,0.35,1.9768449851151357,-0.076444789212,0.279,0.037761784217,2.4,-1.774,1.561
2024-05-16 00:30:00,o,3.6,1.15,0.4,1.952898945910516,-0.076902689863,0.284,0.038046242703,2.36,-1.688,1.591
2024-05-16 00:30:00,o,3.6,1.15,0.45,1.952898945910516,-0.076902689863,0.284,0.038046242703,2.36,-1.688,1.591
2024-05-16 00:30:00,o,3.6,1.15,0.5,1.8802989914257526,-0.045976556348,0.309,0.024959066332,2.23,-1.418,1.525
2024-05-16 00:30:00,o,3.6,1.15,0.55,1.8593064562353336,-0.037803571915,0.318,0.021240150173,2.18,-1.318,1.619
2024-05-16 00:30:00,o,3.6,1.15,0.6,1.8593064562353336,-0.037803571915,0.318,0.021240150173,2.18,-1.318,1.619
2024-05-16 00:30:00,o,3.6,1.15,0.65,1.8274726641939167,-0.021946749603,0.327,0.011857676301,2.13,-1.221,1.485
2024-05-16 00:30:00,o,3.6,1.15,0.7,1.812238005000249,-0.019561406595,0.331,0.010759960429,2.11,-1.183,1.761
2024-05-16 00:30:00,o,3.6,1.15,0.75,1.812238005000249,-0.019561406595,0.331,0.010759960429,2.11,-1.183,1.761
2024-05-16 00:30:00,o,3.6,1.15,0.8,1.798519439695292,-0.018556494489,0.338,0.0098301864278,2.07,-1.109,1.703
2024-05-16 00:30:00,o,3.6,1.15,0.85,1.8089937532085605,-0.01776112749,0.333,0.010064890968,2.1,-1.164,2.692
2024-05-16 00:30:00,o,3.6,1.15,0.9,1.8081231595638672,-0.019737002335,0.333,0.010657327506,2.1,-1.164,2.654
2024-05-16 00:30:00,o,3.6,1.15,0.95,1.8155379029660208,-0.017532674541,0.329,0.0094355327292,2.12,-1.202,2.668
2024-05-16 00:30:00,o,3.65,0.05,0.0,1.9936257796114427,-0.062302717273,0.315,0.03464531651,2.2,-1.358,1.429
2024-05-16 00:30:00,o,3.65,0.05,0.05,1.9936257796114427,-0.062302717273,0.315,0.03464531651,2.2,-1.358,1.429
2024-05-16 00:30:00,o,3.65,0.05,0.1,1.993418593815366,-0.061493079126,0.315,0.034108527908,2.2,-1.358,1.408
2024-05-16 00:30:00,o,3.65,0.05,0.15,1.9747649189670218,-0.074782577186,0.31,0.041084455714,2.22,-1.398,1.469
2024-05-16 00:30:00,o,3.65,0.05,0.2,1.9747649189670218,-0.074782577186,0.31,0.041084455714,2.22,-1.398,1.469
2024-05-16 00:30:00,o,3.65,0.05,0.25,1.956744545282691,-0.075612270713,0.31,0.041193700159,2.22,-1.398,1.336
2024-05-16 00:30:00,o,3.65,0.05,0.3,1.9330922951139708,-0.081449243837,0.313,0.044385236556,2.21,-1.378,1.18
2024-05-16 00:30:00,o,3.65,0.05,0.35,1.9069865334542233,-0.086110065037,0.317,0.047732113179,2.19,-1.338,1.334
2024-05-16 00:30:00,o,3.65,0.05,0.4,1.9069865334542233,-0.086110065037,0.317,0.047732113179,2.19,-1.338,1.334
2024-05-16 00:30:00,o,3.65,0.05,0.45,1.8808250209325703,-0.073658696223,0.325,0.042480260652,2.14,-1.24,1.238
2024-05-16 00:30:00,o,3.65,0.05,0.5,1.8395031867034233,-0.059808335131,0.332,0.034411671431,2.1,-1.164,1.46
2024-05-16 00:30:00,o,3.65,0.05,0.55,1.8359884523865668,-0.055392876513,0.33,0.030869612211,2.11,-1.183,1.521
2024-05-16 00:30:00,o,3.65,0.05,0.6,1.8359884523865668,-0.055392876513,0.33,0.030869612211,2.11,-1.183,1.521
2024-05-16 00:30:00,o,3.65,0.05,0.65,1.8195702556219897,-0.041503929695,0.332,0.022829133983,2.1,-1.164,1.504
2024-05-16 00:30:00,o,3.65,0.05,0.7,1.8137610733613516,-0.024710205711,0.33,0.013289929052,2.11,-1.183,1.771
2024-05-16 00:30:00,o,3.65,0.05,0.75,1.8075350280688534,-0.018656435091,0.333,0.0097624773442,2.1,-1.164,1.83
2024-05-16 00:30:00,o,3.65,0.05,0.8,1.8075350280688534,-0.018656435091,0.333,0.0097624773442,2.1,-1.164,1.83
2024-05-16 00:30:00,o,3.65,0.05,0.85,1.8039007434137593,-0.0063855538498,0.335,0.0031075612885,2.09,-1.146,2.265
2024-05-16 00:30:00,o,3.65,0.05,0.9,1.7762652182681096,-0.0070164748462,0.351,0.0038787511089,1.99,-0.966,2.062
2024-05-16 00:30:00,o,3.65,0.05,0.95,1.8024247817041,-0.0003352648061,0.336,-6.8303490296e-05,2.08,-1.127,1.963
2024-05-16 00:30:00,o,3.65,0.1,0.0,1.9936257796114427,-0.062302717273,0.315,0.03464531651,2.2,-1.358,1.429
2024-05-16 00:30:00,o,3.65,0.1,0.95,1.7762652182681096,-0.0070164748462,0.351,0.0038787511089,1.99,-0.966,2.062
2024-05-16 00:30:00,o,3.65,0.15,0.0,1.98850098762735,-0.049610278903,0.318,0.028089211997,2.18,-1.318,1.223
2024-05-16 00:30:00,o,3.65,0.15,0.95,1.7762652182681096,-0.0070164748462,0.351,0.0038787511089,1.99,-0.966,2.062
2024-05-16 00:30:00,o,3.65,0.2,0.0,1.98850098762735,-0.049610278903,0.318,0.028089211997,2.18,-1.318,1.223
2024-05-16 00:30:00,o,3.65,0.2,0.95,1.7616572593153708,-0.0081408625894,0.36,0.0050153238379,1.93,-0.864,1.802
2024-05-16 00:30:00,o,3.65,0.25,0.0,2.00062927088754,-0.042662256568,0.311,0.023900697713,2.22,-1.398,1.212
2024-05-16 00:30:00,o,3.65,0.25,0.95,1.750477538019339,-0.0057095926161,0.367,0.0038969089442,1.88,-0.784,1.697
2024-05-16 00:30:00,o,3.65,0.3,0.0,1.955312450109691,-0.018263327364,0.339,0.011667257518,2.06,-1.09,1.188
2024-05-16 00:30:00,o,3.65,0.3,0.95,1.7338550319435995,-0.0053295177524,0.377,0.0034942255595,1.81,-0.678,1.612
2024-05-16 00:30:00,o,3.65,0.35,0.0,1.955312450109691,-0.018263327364,0.339,0.011667257518,2.06,-1.09,1.188
2024-05-16 00:30:00,o,3.65,0.35,0.95,1.7338550319435995,-0.0053295177524,0.377,0.0034942255595,1.81,-0.678,1.612
2024-05-16 00:30:00,o,3.65,0.4,0.0,1.9532521547868502,-0.0039719030563,0.34,0.0024417729295,2.06,-1.09,1.195
2024-05-16 00:30:00,o,3.65,0.4,0.95,1.7204156682759466,-0.0020125737037,0.385,0.0009506728657,1.73,-0.565,1.585
2024-05-16 00:30:00,o,3.65,0.45,0.0,1.9532521547868502,-0.0039719030563,0.34,0.0024417729295,2.06,-1.09,1.195
2024-05-16 00:30:00,o,3.65,0.45,0.95,1.7204156682759466,-0.0020125737037,0.385,0.0009506728657,1.73,-0.565,1.585
2024-05-16 00:30:00,o,3.65,0.5,0.0,1.9532521547868502,-0.0039719030563,0.34,0.0024417729295,2.06,-1.09,1.195
2024-05-16 00:30:00,o,3.65,0.5,0.95,1.7204156682759466,-0.0020125737037,0.385,0.0009506728657,1.73,-0.565,1.585
2024-05-16 00:30:00,o,3.65,0.55,0.0,1.9496046609729751,-0.002203816742,0.342,0.00098522901371,2.04,-1.054,1.19
2024-05-16 00:30:00,o,3.65,0.55,0.95,1.7074424236387409,0.0011258450424,0.394,-0.0004678248195,1.65,-0.463,1.515
2024-05-16 00:30:00,o,3.65,0.6,0.0,1.9765425484286256,0.0078868504104,0.326,-0.0043764801776,2.14,-1.24,1.286
2024-05-16 00:30:00,o,3.65,0.6,0.95,1.7074424236387409,0.0011258450424,0.394,-0.0004678248195,1.65,-0.463,1.515
2024-05-16 00:30:00,o,3.65,0.65,0.0,1.9765425484286256,0.0078868504104,0.326,-0.0043764801776,2.14,-1.24,1.286
2024-05-16 00:30:00,o,3.65,0.65,0.95,1.7084718906224416,-0.0012897661242,0.393,0.00078341053991,1.65,-0.463,1.513
2024-05-16 00:30:00,o,3.65,0.7,0.0,1.9765425484286256,0.0078868504104,0.326,-0.0043764801776,2.14,-1.24,1.286
2024-05-16 00:30:00,o,3.65,0.7,0.95,1.7080212673859974,-0.0083660900017,0.393,0.0050770166064,1.65,-0.463,1.567
2024-05-16 00:30:00,o,3.65,0.75,0.0,2.0138395824915793,-0.01643216988,0.303,0.0087820208289,2.27,-1.5,1.39
2024-05-16 00:30:00,o,3.65,0.75,0.95,1.7080212673859974,-0.0083660900017,0.393,0.0050770166064,1.65,-0.463,1.567
2024-05-16 00:30:00,o,3.65,0.8,0.0,2.0138395824915793,-0.01643216988,0.303,0.0087820208289,2.27,-1.5,1.39
2024-05-16 00:30:00,o,3.65,0.8,0.95,1.7195218706007587,-0.0093105891034,0.386,0.0060150806991,1.73,-0.565,1.568
2024-05-16 00:30:00,o,3.65,0.85,0.0,2.0296637464830187,-0.031000104277,0.295,0.017131662628,2.31,-1.583,1.446
2024-05-16 00:30:00,o,3.65,0.85,0.95,1.7195218706007587,-0.0093105891034,0.386,0.0060150806991,1.73,-0.565,1.568
2024-05-16 00:30:00,o,3.65,0.9,0.0,2.0296637464830187,-0.031000104277,0.295,0.017131662628,2.31,-1.583,1.446
2024-05-16 00:30:00,o,3.65,0.9,0.95,1.748978343849411,-0.01835565779,0.367,0.010559150079,1.88,-0.784,1.706
2024-05-16 00:30:00,o,3.65,0.95,0.0,2.0502985359857724,-0.076073177194,0.283,0.037440823463,2.38,-1.731,1.608
2024-05-16 00:30:00,o,3.65,0.95,0.95,1.7781222964530417,-0.019394528503,0.35,0.010991535673,1.99,-0.966,1.792
2024-05-16 00:30:00,o,3.65,1.0,0.0,2.057049592041663,-0.085239737005,0.28,0.041684889327,2.39,-1.752,1.752
2024-05-16 00:30:00,o,3.65,1.0,0.95,1.7781222964530417,-0.019394528503,0.35,0.010991535673,1.99,-0.966,1.792
2024-05-16 00:30:00,o,3.65,1.05,0.0,2.057049592041663,-0.085239737005,0.28,0.041684889327,2.39,-1.752,1.752
2024-05-16 00:30:00,o,3.65,1.05,0.95,1.7781222964530417,-0.019394528503,0.35,0.010991535673,1.99,-0.966,1.792
2024-05-16 00:30:00,o,3.65,1.1,0.0,2.047251496648715,-0.10271236194,0.285,0.050100798894,2.36,-1.688,1.927
2024-05-16 00:30:00,o,3.65,1.1,0.95,1.7916696003122177,-0.021070003785,0.342,0.011457509024,2.04,-1.054,2.095
2024-05-16 00:30:00,o,3.65,1.15,0.0,1.9850130913430037,-0.14067632557,0.32,0.074125437629,2.17,-1.299,2.183
2024-05-16 00:30:00,o,3.65,1.15,0.05,2.047251496648715,-0.10271236194,0.285,0.050100798894,2.36,-1.688,1.927
2024-05-16 00:30:00,o,3.65,1.15,0.1,2.0567219519941595,-0.099117939123,0.28,0.047683070223,2.39,-1.752,2.034
2024-05-16 00:30:00,o,3.65,1.15,0.15,2.0425282611501117,-0.11261032485,0.273,0.052262702651,2.43,-1.839,2.385
2024-05-16 00:30:00,o,3.65,1.15,0.2,2.0290183295464814,-0.10053300448,0.274,0.047317244226,2.42,-1.817,1.847
2024-05-16 00:30:00,o,3.65,1.15,0.25,2.0290183295464814,-0.10053300448,0.274,0.047317244226,2.42,-1.817,1.847
2024-05-16 00:30:00,o,3.65,1.15,0.3,1.9883850259065974,-0.073485712537,0.274,0.035177736191,2.42,-1.817,1.621
2024-05-16 00:30:00,o,3.65,1.15,0.35,1.9768449851151357,-0.076444789212,0.279,0.037761784217,2.4,-1.774,1.561
2024-05-16 00:30:00,o,3.65,1.15,0.4,1.9768449851151357,-0.076444789212,0.279,0.037761784217,2.4,-1.774,1.561
2024-05-16 00:30:00,o,3.65,1.15,0.45,1.9768449851151357,-0.076444789212,0.279,0.037761784217,2.4,-1.774,1.561
2024-05-16 00:30:00,o,3.65,1.15,0.5,1.8802989914257526,-0.045976556348,0.309,0.024959066332,2.23,-1.418,1.525
2024-05-16 00:30:00,o,3.65,1.15,0.55,1.8521871121048594,-0.029745061026,0.321,0.016984018908,2.16,-1.279,1.591
2024-05-16 00:30:00,o,3.65,1.15,0.6,1.8521871121048594,-0.029745061026,0.321,0.016984018908,2.16,-1.279,1.591
2024-05-16 00:30:00,o,3.65,1.15,0.65,1.8284601008972066,-0.016054351745,0.327,0.0087927926838,2.13,-1.221,1.511
2024-05-16 00:30:00,o,3.65,1.15,0.7,1.8101989025701744,-0.015292127309,0.332,0.0083861257957,2.1,-1.164,1.868
2024-05-16 00:30:00,o,3.65,1.15,0.75,1.8101989025701744,-0.015292127309,0.332,0.0083861257957,2.1,-1.164,1.868
2024-05-16 00:30:00,o,3.65,1.15,0.8,1.8043098441413052,-0.013043945373,0.335,0.0069816365363,2.09,-1.146,1.882
2024-05-16 00:30:00,o,3.65,1.15,0.85,1.7978005577071832,-0.01556690029,0.339,0.0088021063242,2.06,-1.09,2.376
2024-05-16 00:30:00,o,3.65,1.15,0.9,1.7911500756518022,-0.018025674176,0.343,0.01049466411,2.04,-1.054,2.061
2024-05-16 00:30:00,o,3.65,1.15,0.95,1.8073658773434809,-0.017176471123,0.334,0.0098756886579,2.09,-1.146,2.049
2024-05-16 00:30:00,o,3.7,0.05,0.0,1.9877958190572795,-0.05778531214,0.319,0.033134631268,2.17,-1.299,1.314
2024-05-16 00:30:00,o,3.7,0.05,0.05,1.9819091700907923,-0.055078827716,0.322,0.031475956787,2.16,-1.279,1.931
2024-05-16 00:30:00,o,3.7,0.05,0.1,1.9707976760666566,-0.046444408481,0.329,0.027481223849,2.12,-1.202,1.117
2024-05-16 00:30:00,o,3.7,0.05,0.15,1.9756339726355912,-0.070810462517,0.312,0.039088781837,2.21,-1.378,1.954
2024-05-16 00:30:00,o,3.7,0.05,0.2,1.960969952987846,-0.069176214594,0.31,0.037649540369,2.22,-1.398,1.465
2024-05-16 00:30:00,o,3.7,0.05,0.25,1.960969952987846,-0.069176214594,0.31,0.037649540369,2.22,-1.398,1.465
2024-05-16 00:30:00,o,3.7,0.05,0.3,1.9295772865906997,-0.067892103909,0.321,0.038485554006,2.16,-1.279,1.028
2024-05-16 00:30:00,o,3.7,0.05,0.35,1.8808250209325703,-0.073658696223,0.325,0.042480260652,2.14,-1.24,1.238
2024-05-16 00:30:00,o,3.7,0.05,0.4,1.8586274155837232,-0.068742947455,0.332,0.040833351392,2.1,-1.164,1.384
2024-05-16 00:30:00,o,3.7,0.05,0.45,1.8586274155837232,-0.068742947455,0.332,0.040833351392,2.1,-1.164,1.384
2024-05-16 00:30:00,o,3.7,0.05,0.5,1.8395031867034233,-0.059808335131,0.332,0.034411671431,2.1,-1.164,1.46
2024-05-16 00:30:00,o,3.7,0.05,0.55,1.8395031867034233,-0.059808335131,0.332,0.034411671431,2.1,-1.164,1.46
2024-05-16 00:30:00,o,3.7,0.05,0.6,1.8395031867034233,-0.059808335131,0.332,0.034411671431,2.1,-1.164,1.46
2024-05-16 00:30:00,o,3.7,0.05,0.65,1.8109982445794113,-0.037800304949,0.337,0.020913777484,2.07,-1.109,1.395
2024-05-16 00:30:00,o,3.7,0.05,0.7,1.8075350280688534,-0.018656435091,0.333,0.0097624773442,2.1,-1.164,1.83
2024-05-16 00:30:00,o,3.7,0.05,0.75,1.8075350280688534,-0.018656435091,0.333,0.0097624773442,2.1,-1.164,1.83
2024-05-16 00:30:00,o,3.7,0.05,0.8,1.8039007434137593,-0.0063855538498,0.335,0.0031075612885,2.09,-1.146,2.265
2024-05-16 00:30:00,o,3.7,0.05,0.85,1.7915853952775735,-0.0088911051984,0.342,0.0046543349765,2.04,-1.054,2.149
2024-05-16 00:30:00,o,3.7,0.05,0.9,1.7978420640291553,-0.0049658563325,0.339,0.0029584241802,2.06,-1.09,2.65
2024-05-16 00:30:00,o,3.7,0.05,0.95,1.807677063782658,-0.0011818279269,0.333,0.00031958665338,2.1,-1.164,2.581
2024-05-16 00:30:00,o,3.7,0.1,0.0,1.9700910600401518,-0.044232027256,0.329,0.025820967059,2.12,-1.202,1.205
2024-05-16 00:30:00,o,3.7,0.1,0.95,1.7747723579628447,-0.010550357408,0.352,0.0060537712397,1.98,-0.948,2.101
2024-05-16 00:30:00,o,3.7,0.15,0.0,1.9641888924359785,-0.043102167016,0.333,0.025783678946,2.1,-1.164,1.11
2024-05-16 00:30:00,o,3.7,0.15,0.95,1.7684901051712452,-0.0091251847745,0.356,0.0055956300993,1.96,-0.914,1.715
2024-05-16 00:30:00,o,3.7,0.2,0.0,1.9641888924359785,-0.043102167016,0.333,0.025783678946,2.1,-1.164,1.11
2024-05-16 00:30:00,o,3.7,0.2,0.95,1.7684901051712452,-0.0091251847745,0.356,0.0055956300993,1.96,-0.914,1.715
2024-05-16 00:30:00,o,3.7,0.25,0.0,1.952138330237461,-0.040432859442,0.341,0.025157679679,2.05,-1.072,1.099
2024-05-16 00:30:00,o,3.7,0.25,0.95,1.7684901051712452,-0.0091251847745,0.356,0.0055956300993,1.96,-0.914,1.715
2024-05-16 00:30:00,o,3.7,0.3,0.0,1.9491557172226313,-0.033603822488,0.343,0.021273840001,2.04,-1.054,1.137
2024-05-16 00:30:00,o,3.7,0.3,0.95,1.750354088762708,-0.0043458219665,0.367,0.0029986651616,1.88,-0.784,1.55
2024-05-16 00:30:00,o,3.7,0.35,0.0,1.955312450109691,-0.018263327364,0.339,0.011667257518,2.06,-1.09,1.188
2024-05-16 00:30:00,o,3.7,0.35,0.95,1.7338550319435995,-0.0053295177524,0.377,0.0034942255595,1.81,-0.678,1.612
2024-05-16 00:30:00,o,3.7,0.4,0.0,1.955312450109691,-0.018263327364,0.339,0.011667257518,2.06,-1.09,1.188
2024-05-16 00:30:00,o,3.7,0.4,0.95,1.7204156682759466,-0.0020125737037,0.385,0.0009506728657,1.73,-0.565,1.585
2024-05-16 00:30:00,o,3.7,0.45,0.0,1.9532521547868502,-0.0039719030563,0.34,0.0024417729295,2.06,-1.09,1.195
2024-05-16 00:30:00,o,3.7,0.45,0.95,1.7238413578267713,0.0021378872961,0.383,-0.001512029832,1.75,-0.592,1.551
2024-05-16 00:30:00,o,3.7,0.5,0.0,1.9496046609729751,-0.002203816742,0.342,0.00098522901371,2.04,-1.054,1.19
2024-05-16 00:30:00,o,3.7,0.5,0.95,1.7238413578267713,0.0021378872961,0.383,-0.001512029832,1.75,-0.592,1.551
2024-05-16 00:30:00,o,3.7,0.55,0.0,1.9496046609729751,-0.002203816742,0.342,0.00098522901371,2.04,-1.054,1.19
2024-05-16 00:30:00,o,3.7,0.55,0.95,1.7180613584988715,0.005041486046,0.387,-0.0030992846803,1.71,-0.539,1.508
2024-05-16 00:30:00,o,3.7,0.6,0.0,1.968777048438442,0.0077310809699,0.33,-0.0051399665867,2.11,-1.183,1.251
2024-05-16 00:30:00,o,3.7,0.6,0.95,1.7074424236387409,0.0011258450424,0.394,-0.0004678248195,1.65,-0.463,1.515
2024-05-16 00:30:00,o,3.7,0.65,0.0,1.968777048438442,0.0077310809699,0.33,-0.0051399665867,2.11,-1.183,1.251
2024-05-16 00:30:00,o,3.7,0.65,0.95,1.7084718906224416,-0.0012897661242,0.393,0.00078341053991,1.65,-0.463,1.513
2024-05-16 00:30:00,o,3.7,0.7,0.0,1.9765425484286256,0.0078868504104,0.326,-0.0043764801776,2.14,-1.24,1.286
2024-05-16 00:30:00,o,3.7,0.7,0.95,1.7286134692892414,-0.0027335062567,0.38,0.0015991216274,1.78,-0.634,1.513
2024-05-16 00:30:00,o,3.7,0.75,0.0,2.0138395824915793,-0.01643216988,0.303,0.0087820208289,2.27,-1.5,1.39
2024-05-16 00:30:00,o,3.7,0.75,0.95,1.7195218706007587,-0.0093105891034,0.386,0.0060150806991,1.73,-0.565,1.568
2024-05-16 00:30:00,o,3.7,0.8,0.0,2.0296637464830187,-0.031000104277,0.295,0.017131662628,2.31,-1.583,1.446
2024-05-16 00:30:00,o,3.7,0.8,0.95,1.7195218706007587,-0.0093105891034,0.386,0.0060150806991,1.73,-0.565,1.568
2024-05-16 00:30:00,o,3.7,0.85,0.0,2.0296637464830187,-0.031000104277,0.295,0.017131662628,2.31,-1.583,1.446
2024-05-16 00:30:00,o,3.7,0.85,0.95,1.735854291932475,-0.0065251510656,0.376,0.0044714414339,1.81,-0.678,1.573
2024-05-16 00:30:00,o,3.7,0.9,0.0,2.0296637464830187,-0.031000104277,0.295,0.017131662628,2.31,-1.583,1.446
2024-05-16 00:30:00,o,3.7,0.9,0.95,1.761506864715432,-0.0077818207885,0.36,0.004714760621,1.93,-0.864,1.628
2024-05-16 00:30:00,o,3.7,0.95,0.0,2.0502985359857724,-0.076073177194,0.283,0.037440823463,2.38,-1.731,1.608
2024-05-16 00:30:00,o,3.7,0.95,0.95,1.7774630725025917,-0.011835538657,0.35,0.0063312930016,1.99,-0.966,1.681
2024-05-16 00:30:00,o,3.7,1.0,0.0,2.0502985359857724,-0.076073177194,0.283,0.037440823463,2.38,-1.731,1.608
2024-05-16 00:30:00,o,3.7,1.0,0.95,1.7781222964530417,-0.019394528503,0.35,0.010991535673,1.99,-0.966,1.792
2024-05-16 00:30:00,o,3.7,1.05,0.0,2.0502985359857724,-0.076073177194,0.283,0.037440823463,2.38,-1.731,1.608
2024-05-16 00:30:00,o,3.7,1.05,0.95,1.7781222964530417,-0.019394528503,0.35,0.010991535673,1.99,-0.966,1.792
2024-05-16 00:30:00,o,3.7,1.1,0.0,1.9850130913430037,-0.14067632557,0.32,0.074125437629,2.17,-1.299,2.183
2024-05-16 00:30:00,o,3.7,1.1,0.95,1.812197852034068,-0.007490824213,0.331,0.00425155078,2.11,-1.183,2.855
2024-05-16 00:30:00,o,3.7,1.15,0.0,1.9850130913430037,-0.14067632557,0.32,0.074125437629,2.17,-1.299,2.183
2024-05-16 00:30:00,o,3.7,1.15,0.05,1.9850130913430037,-0.14067632557,0.32,0.074125437629,2.17,-1.299,2.183
2024-05-16 00:30:00,o,3.7,1.15,0.1,2.0097142822343477,-0.12354991188,0.305,0.063514493946,2.25,-1.459,2.157
2024-05-16 00:30:00,o,3.7,1.15,0.15,2.024358398306814,-0.10414426155,0.284,0.050156373349,2.36,-1.688,1.976
2024-05-16 00:30:00,o,3.7,1.15,0.2,2.019917644782915,-0.093450722058,0.271,0.043910538589,2.43,-1.839,1.799
2024-05-16 00:30:00,o,3.7,1.15,0.25,2.019917644782915,-0.093450722058,0.271,0.043910538589,2.43,-1.839,1.799
2024-05-16 00:30:00,o,3.7,1.15,0.3,2.019917644782915,-0.093450722058,0.271,0.043910538589,2.43,-1.839,1.799
2024-05-16 00:30:00,o,3.7,1.15,0.35,1.9883850259065974,-0.073485712537,0.274,0.035177736191,2.42,-1.817,1.621
2024-05-16 00:30:00,o,3.7,1.15,0.4,1.9883850259065974,-0.073485712537,0.274,0.035177736191,2.42,-1.817,1.621
2024-05-16 00:30:00,o,3.7,1.15,0.45,1.9423007929031817,-0.054372833887,0.291,0.028654769379,2.33,-1.625,1.421
2024-05-16 00:30:00,o,3.7,1.15,0.5,1.8672022338494396,-0.03404897179,0.315,0.019051151422,2.2,-1.358,1.427
2024-05-16 00:30:00,o,3.7,1.15,0.55,1.8570851194108742,-0.021488374737,0.318,0.01183645491,2.18,-1.318,1.57
2024-05-16 00:30:00,o,3.7,1.15,0.6,1.8570851194108742,-0.021488374737,0.318,0.01183645491,2.18,-1.318,1.57
2024-05-16 00:30:00,o,3.7,1.15,0.65,1.8284601008972066,-0.016054351745,0.327,0.0087927926838,2.13,-1.221,1.511
2024-05-16 00:30:00,o,3.7,1.15,0.7,1.8171685723810556,-0.012996500784,0.328,0.0068892779523,2.12,-1.202,1.682
2024-05-16 00:30:00,o,3.7,1.15,0.75,1.8101989025701744,-0.015292127309,0.332,0.0083861257957,2.1,-1.164,1.868
2024-05-16 00:30:00,o,3.7,1.15,0.8,1.8043098441413052,-0.013043945373,0.335,0.0069816365363,2.09,-1.146,1.882
2024-05-16 00:30:00,o,3.7,1.15,0.85,1.805330913142769,-0.0117317854,0.335,0.0068229703559,2.09,-1.146,2.376
2024-05-16 00:30:00,o,3.7,1.15,0.9,1.812197852034068,-0.007490824213,0.331,0.00425155078,2.11,-1.183,2.855
2024-05-16 00:30:00,o,3.7,1.15,0.95,1.8240151300602505,-0.0057580704175,0.324,0.0026801588836,2.15,-1.26,2.057
2024-05-16 00:30:00,o,3.75,0.05,0.0,1.9700910600401518,-0.044232027256,0.329,0.025820967059,2.12,-1.202,1.205
2024-05-16 00:30:00,o,3.75,0.05,0.05,1.9700910600401518,-0.044232027256,0.329,0.025820967059,2.12,-1.202,1.205
2024-05-16 00:30:00,o,3.75,0.05,0.1,1.9604089349247562,-0.041199316139,0.331,0.024955591162,2.11,-1.183,1.282
2024-05-16 00:30:00,o,3.75,0.05,0.15,1.9604089349247562,-0.041199316139,0.331,0.024955591162,2.11,-1.183,1.282
2024-05-16 00:30:00,o,3.75,0.05,0.2,1.9504378798195432,-0.053418851397,0.321,0.031074027495,2.16,-1.279,1.432
2024-05-16 00:30:00,o,3.75,0.05,0.25,1.9504378798195432,-0.053418851397,0.321,0.031074027495,2.16,-1.279,1.432
2024-05-16 00:30:00,o,3.75,0.05,0.3,1.8915653319052304,-0.056113408032,0.334,0.033145276137,2.09,-1.146,1.132
2024-05-16 00:30:00,o,3.75,0.05,0.35,1.8564872128686307,-0.062915171147,0.337,0.038035918537,2.07,-1.109,1.279
2024-05-16 00:30:00,o,3.75,0.05,0.4,1.8564872128686307,-0.062915171147,0.337,0.038035918537,2.07,-1.109,1.279
2024-05-16 00:30:00,o,3.75,0.05,0.45,1.8586274155837232,-0.068742947455,0.332,0.040833351392,2.1,-1.164,1.384
2024-05-16 00:30:00,o,3.75,0.05,0.5,1.8395031867034233,-0.059808335131,0.332,0.034411671431,2.1,-1.164,1.46
2024-05-16 00:30:00,o,3.75,0.05,0.55,1.8395031867034233,-0.059808335131,0.332,0.034411671431,2.1,-1.164,1.46
2024-05-16 00:30:00,o,3.75,0.05,0.6,1.8231937382705214,-0.048583454435,0.338,0.028309582851,2.07,-1.109,1.426
2024-05-16 00:30:00,o,3.75,0.05,0.65,1.8120305080373058,-0.030360281429,0.333,0.016796750548,2.1,-1.164,1.645
2024-05-16 00:30:00,o,3.75,0.05,0.7,1.8067225030761813,-0.026717865841,0.334,0.014631793891,2.09,-1.146,1.602
2024-05-16 00:30:00,o,3.75,0.05,0.75,1.8067225030761813,-0.026717865841,0.334,0.014631793891,2.09,-1.146,1.602
2024-05-16 00:30:00,o,3.75,0.05,0.8,1.7915853952775735,-0.0088911051984,0.342,0.0046543349765,2.04,-1.054,2.149
2024-05-16 00:30:00,o,3.75,0.05,0.85,1.8066615023763264,-0.0043031859973,0.334,0.0024814008494,2.09,-1.146,2.671
2024-05-16 00:30:00,o,3.75,0.05,0.9,1.7978420640291553,-0.0049658563325,0.339,0.0029584241802,2.06,-1.09,2.65
2024-05-16 00:30:00,o,3.75,0.05,0.95,1.8227759276882507,-0.00077002587886,0.325,0.0003387124288,2.14,-1.24,2.09
2024-05-16 00:30:00,o,3.75,0.1,0.0,1.9700910600401518,-0.044232027256,0.329,0.025820967059,2.12,-1.202,1.205
2024-05-16 00:30:00,o,3.75,0.1,0.95,1.8107095764430834,-0.0028513980934,0.332,0.0019082453354,2.1,-1.164,1.967
2024-05-16 00:30:00,o,3.75,0.15,0.0,1.9641888924359785,-0.043102167016,0.333,0.025783678946,2.1,-1.164,1.11
2024-05-16 00:30:00,o,3.75,0.15,0.95,1.7684901051712452,-0.0091251847745,0.356,0.0055956300993,1.96,-0.914,1.715
2024-05-16 00:30:00,o,3.75,0.2,0.0,1.952138330237461,-0.040432859442,0.341,0.025157679679,2.05,-1.072,1.099
2024-05-16 00:30:00,o,3.75,0.2,0.95,1.7684901051712452,-0.0091251847745,0.356,0.0055956300993,1.96,-0.914,1.715
2024-05-16 00:30:00,o,3.75,0.25,0.0,1.952138330237461,-0.040432859442,0.341,0.025157679679,2.05,-1.072,1.099
2024-05-16 00:30:00,o,3.75,0.25,0.95,1.7684901051712452,-0.0091251847745,0.356,0.0055956300993,1.96,-0.914,1.715
2024-05-16 00:30:00,o,3.75,0.3,0.0,1.9491557172226313,-0.033603822488,0.343,0.021273840001,2.04,-1.054,1.137
2024-05-16 00:30:00,o,3.75,0.3,0.95,1.7687268746915723,-0.0080251434684,0.356,0.0050927308562,1.96,-0.914,1.635
2024-05-16 00:30:00,o,3.75,0.35,0.0,1.9491557172226313,-0.033603822488,0.343,0.021273840001,2.04,-1.054,1.137
2024-05-16 00:30:00,o,3.75,0.35,0.95,1.7454339514135326,0.0035184772867,0.37,-0.0018150429095,1.86,-0.753,1.548
2024-05-16 00:30:00,o,3.75,0.4,0.0,1.955312450109691,-0.018263327364,0.339,0.011667257518,2.06,-1.09,1.188
2024-05-16 00:30:00,o,3.75,0.4,0.95,1.7454339514135326,0.0035184772867,0.37,-0.0018150429095,1.86,-0.753,1.548
2024-05-16 00:30:00,o,3.75,0.45,0.0,1.9496046609729751,-0.002203816742,0.342,0.00098522901371,2.04,-1.054,1.19
2024-05-16 00:30:00,o,3.75,0.45,0.95,1.7238413578267713,0.0021378872961,0.383,-0.001512029832,1.75,-0.592,1.551
2024-05-16 00:30:00,o,3.75,0.5,0.0,1.9496046609729751,-0.002203816742,0.342,0.00098522901371,2.04,-1.054,1.19
2024-05-16 00:30:00,o,3.75,0.5,0.95,1.7238413578267713,0.0021378872961,0.383,-0.001512029832,1.75,-0.592,1.551
2024-05-16 00:30:00,o,3.75,0.55,0.0,1.9496046609729751,-0.002203816742,0.342,0.00098522901371,2.04,-1.054,1.19
2024-05-16 00:30:00,o,3.75,0.55,0.95,1.7180613584988715,0.005041486046,0.387,-0.0030992846803,1.71,-0.539,1.508
2024-05-16 00:30:00,o,3.75,0.6,0.0,1.968777048438442,0.0077310809699,0.33,-0.0051399665867,2.11,-1.183,1.251
2024-05-16 00:30:00,o,3.75,0.6,0.95,1.7317257195863889,0.011351390249,0.378,-0.0073620183995,1.8,-0.663,1.491
2024-05-16 00:30:00,o,3.75,0.65,0.0,1.968777048438442,0.0077310809699,0.33,-0.0051399665867,2.11,-1.183,1.251
2024-05-16 00:30:00,o,3.75,0.65,0.95,1.7355829326957735,0.011143209299,0.376,-0.0067680884252,1.81,-0.678,1.477
2024-05-16 00:30:00,o,3.75,0.7,0.0,1.9970542012464727,0.0028250604288,0.313,-0.0018587640134,2.21,-1.378,1.29
2024-05-16 00:30:00,o,3.75,0.7,0.95,1.7286134692892414,-0.0027335062567,0.38,0.0015991216274,1.78,-0.634,1.513
2024-05-16 00:30:00,o,3.75,0.75,0.0,2.0209865810071554,-0.0033718172997,0.299,0.0014908139083,2.29,-1.541,1.367
2024-05-16 00:30:00,o,3.75,0.75,0.95,1.7392558032685106,0.00083201997076,0.373,-0.00097813711926,1.84,-0.722,1.537
2024-05-16 00:30:00,o,3.75,0.8,0.0,2.0209865810071554,-0.0033718172997,0.299,0.0014908139083,2.29,-1.541,1.367
2024-05-16 00:30:00,o,3.75,0.8,0.95,1.735854291932475,-0.0065251510656,0.376,0.0044714414339,1.81,-0.678,1.573
2024-05-16 00:30:00,o,3.75,0.85,0.0,2.0296637464830187,-0.031000104277,0.295,0.017131662628,2.31,-1.583,1.446
2024-05-16 00:30:00,o,3.75,0.85,0.95,1.735854291932475,-0.0065251510656,0.376,0.0044714414339,1.81,-0.678,1.573
2024-05-16 00:30:00,o,3.75,0.9,0.0,2.0296637464830187,-0.031000104277,0.295,0.017131662628,2.31,-1.583,1.446
2024-05-16 00:30:00,o,3.75,0.9,0.95,1.761506864715432,-0.0077818207885,0.36,0.004714760621,1.93,-0.864,1.628
2024-05-16 00:30:00,o,3.75,0.95,0.0,2.0502985359857724,-0.076073177194,0.283,0.037440823463,2.38,-1.731,1.608
2024-05-16 00:30:00,o,3.75,0.95,0.95,1.761506864715432,-0.0077818207885,0.36,0.004714760621,1.93,-0.864,1.628
2024-05-16 00:30:00,o,3.75,1.0,0.0,2.0427998858887473,-0.08523731988,0.287,0.042208985735,2.35,-1.667,1.653
2024-05-16 00:30:00,o,3.75,1.0,0.95,1.787750851707469,-0.013350874082,0.345,0.0080045530982,2.02,-1.018,1.702
2024-05-16 00:30:00,o,3.75,1.05,0.0,2.0427998858887473,-0.08523731988,0.287,0.042208985735,2.35,-1.667,1.653
2024-05-16 00:30:00,o,3.75,1.05,0.95,1.8129133566428555,-0.0061894802688,0.33,0.0029333832321,2.11,-1.183,1.83
2024-05-16 00:30:00,o,3.75,1.1,0.0,2.0022568003773795,-0.11759929399,0.31,0.061412443001,2.22,-1.398,2.109
2024-05-16 00:30:00,o,3.75,1.1,0.95,1.8329493704419424,-0.0023162087899,0.32,0.001598732213,2.17,-1.299,1.96
2024-05-16 00:30:00,o,3.75,1.15,0.0,2.0022568003773795,-0.11759929399,0.31,0.061412443001,2.22,-1.398,2.109
2024-05-16 00:30:00,o,3.75,1.15,0.05,1.9876483923576223,-0.13493115766,0.319,0.071682788689,2.17,-1.299,2.312
2024-05-16 00:30:00,o,3.75,1.15,0.1,2.0097142822343477,-0.12354991188,0.305,0.063514493946,2.25,-1.459,2.157
2024-05-16 00:30:00,o,3.75,1.15,0.15,2.024358398306814,-0.10414426155,0.284,0.050156373349,2.36,-1.688,1.976
2024-05-16 00:30:00,o,3.75,1.15,0.2,2.0302271941834444,-0.088384696391,0.273,0.041596158098,2.43,-1.839,1.935
2024-05-16 00:30:00,o,3.75,1.15,0.25,2.019917644782915,-0.093450722058,0.271,0.043910538589,2.43,-1.839,1.799
2024-05-16 00:30:00,o,3.75,1.15,0.3,2.019917644782915,-0.093450722058,0.271,0.043910538589,2.43,-1.839,1.799
2024-05-16 00:30:00,o,3.75,1.15,0.35,1.9883850259065974,-0.073485712537,0.274,0.035177736191,2.42,-1.817,1.621
2024-05-16 00:30:00,o,3.75,1.15,0.4,1.9615824412757596,-0.040177224611,0.28,0.020165124001,2.39,-1.752,1.514
2024-05-16 00:30:00,o,3.75,1.15,0.45,1.9615824412757596,-0.040177224611,0.28,0.020165124001,2.39,-1.752,1.514
2024-05-16 00:30:00,o,3.75,1.15,0.5,1.8921113060031842,-0.016245013962,0.302,0.008819497888,2.27,-1.5,1.52
2024-05-16 00:30:00,o,3.75,1.15,0.55,1.8570851194108742,-0.021488374737,0.318,0.01183645491,2.18,-1.318,1.57
2024-05-16 00:30:00,o,3.75,1.15,0.6,1.8570851194108742,-0.021488374737,0.318,0.01183645491,2.18,-1.318,1.57
2024-05-16 00:30:00,o,3.75,1.15,0.65,1.8284601008972066,-0.016054351745,0.327,0.0087927926838,2.13,-1.221,1.511
2024-05-16 00:30:00,o,3.75,1.15,0.7,1.8171685723810556,-0.012996500784,0.328,0.0068892779523,2.12,-1.202,1.682
2024-05-16 00:30:00,o,3.75,1.15,0.75,1.8152921091096168,-0.0081299494219,0.329,0.0042718808739,2.12,-1.202,1.797
2024-05-16 00:30:00,o,3.75,1.15,0.8,1.8152921091096168,-0.0081299494219,0.329,0.0042718808739,2.12,-1.202,1.797
2024-05-16 00:30:00,o,3.75,1.15,0.85,1.8365582930236526,0.00074093873018,0.318,-0.00010953161722,2.18,-1.318,2.256
2024-05-16 00:30:00,o,3.75,1.15,0.9,1.8430894434994107,0.0015235132234,0.314,-0.0010859808416,2.2,-1.358,2.274
2024-05-16 00:30:00,o,3.75,1.15,0.95,1.8287178845085699,-0.0029599646829,0.322,0.0016952802481,2.16,-1.279,2.228
2024-05-16 00:30:00,o,3.8,0.05,0.0,1.953140900790978,-0.030286909449,0.34,0.018678043434,2.06,-1.09,1.268
2024-05-16 00:30:00,o,3.8,0.05,0.05,1.962752785240488,-0.037064772762,0.334,0.022433980437,2.09,-1.146,1.352
2024-05-16 00:30:00,o,3.8,0.05,0.1,1.9604089349247562,-0.041199316139,0.331,0.024955591162,2.11,-1.183,1.282
2024-05-16 00:30:00,o,3.8,0.05,0.15,1.9604089349247562,-0.041199316139,0.331,0.024955591162,2.11,-1.183,1.282
2024-05-16 00:30:00,o,3.8,0.05,0.2,1.9262446679042229,-0.048455807484,0.327,0.028890384152,2.13,-1.221,1.201
2024-05-16 00:30:00,o,3.8,0.05,0.25,1.9262446679042229,-0.048455807484,0.327,0.028890384152,2.13,-1.221,1.201
2024-05-16 00:30:00,o,3.8,0.05,0.3,1.8915653319052304,-0.056113408032,0.334,0.033145276137,2.09,-1.146,1.132
2024-05-16 00:30:00,o,3.8,0.05,0.35,1.8623162730395426,-0.060710025534,0.342,0.036940206337,2.04,-1.054,1.32
2024-05-16 00:30:00,o,3.8,0.05,0.4,1.8623162730395426,-0.060710025534,0.342,0.036940206337,2.04,-1.054,1.32
2024-05-16 00:30:00,o,3.8,0.05,0.45,1.8564872128686307,-0.062915171147,0.337,0.038035918537,2.07,-1.109,1.279
2024-05-16 00:30:00,o,3.8,0.05,0.5,1.8278020592793751,-0.049960781497,0.342,0.030391539896,2.04,-1.054,1.24
2024-05-16 00:30:00,o,3.8,0.05,0.55,1.8231937382705214,-0.048583454435,0.338,0.028309582851,2.07,-1.109,1.426
2024-05-16 00:30:00,o,3.8,0.05,0.6,1.8168177663915503,-0.042458666236,0.338,0.023861101555,2.07,-1.109,1.518
2024-05-16 00:30:00,o,3.8,0.05,0.65,1.8168177663915503,-0.042458666236,0.338,0.023861101555,2.07,-1.109,1.518
2024-05-16 00:30:00,o,3.8,0.05,0.7,1.8120305080373058,-0.030360281429,0.333,0.016796750548,2.1,-1.164,1.645
2024-05-16 00:30:00,o,3.8,0.05,0.75,1.8067225030761813,-0.026717865841,0.334,0.014631793891,2.09,-1.146,1.602
2024-05-16 00:30:00,o,3.8,0.05,0.8,1.7915853952775735,-0.0088911051984,0.342,0.0046543349765,2.04,-1.054,2.149
2024-05-16 00:30:00,o,3.8,0.05,0.85,1.8279827974620537,-0.0033941984582,0.322,0.0015351479,2.16,-1.279,2.257
2024-05-16 00:30:00,o,3.8,0.05,0.9,1.835589118596583,-0.00079197078307,0.318,0.00018825203664,2.18,-1.318,2.242
2024-05-16 00:30:00,o,3.8,0.05,0.95,1.8396665568824333,0.00037710087629,0.316,-0.00027987487735,2.19,-1.338,2.283
2024-05-16 00:30:00,o,3.8,0.1,0.0,1.9700910600401518,-0.044232027256,0.329,0.025820967059,2.12,-1.202,1.205
2024-05-16 00:30:00,o,3.8,0.1,0.95,1.835589118596583,-0.00079197078307,0.318,0.00018825203664,2.18,-1.318,2.242
2024-05-16 00:30:00,o,3.8,0.15,0.0,1.9641888924359785,-0.043102167016,0.333,0.025783678946,2.1,-1.164,1.11
2024-05-16 00:30:00,o,3.8,0.15,0.95,1.7859061385829234,-0.0053633423273,0.346,0.0034547063331,2.02,-1.018,1.768
2024-05-16 00:30:00,o,3.8,0.2,0.0,1.952138330237461,-0.040432859442,0.341,0.025157679679,2.05,-1.072,1.099
2024-05-16 00:30:00,o,3.8,0.2,0.95,1.7816261438457053,-0.0034544342916,0.348,0.0019145806134,2.01,-1.001,1.675
2024-05-16 00:30:00,o,3.8,0.25,0.0,1.952138330237461,-0.040432859442,0.341,0.025157679679,2.05,-1.072,1.099
2024-05-16 00:30:00,o,3.8,0.25,0.95,1.7816261438457053,-0.0034544342916,0.348,0.0019145806134,2.01,-1.001,1.675
2024-05-16 00:30:00,o,3.8,0.3,0.0,1.9491557172226313,-0.033603822488,0.343,0.021273840001,2.04,-1.054,1.137
2024-05-16 00:30:00,o,3.8,0.3,0.95,1.7787443809619397,0.00037603760607,0.35,3.3732986851e-05,1.99,-0.966,1.652
2024-05-16 00:30:00,o,3.8,0.35,0.0,1.9491557172226313,-0.033603822488,0.343,0.021273840001,2.04,-1.054,1.137
2024-05-16 00:30:00,o,3.8,0.35,0.95,1.7636001796504306,0.0052788448579,0.359,-0.0028179562719,1.94,-0.881,1.575
2024-05-16 00:30:00,o,3.8,0.4,0.0,1.940954542766318,-0.024905394041,0.348,0.015881367887,2.01,-1.001,1.183
2024-05-16 00:30:00,o,3.8,0.4,0.95,1.7454339514135326,0.0035184772867,0.37,-0.0018150429095,1.86,-0.753,1.548
2024-05-16 00:30:00,o,3.8,0.45,0.0,1.943222378308492,-0.011430104573,0.347,0.007804831803,2.01,-1.001,1.197
2024-05-16 00:30:00,o,3.8,0.45,0.95,1.7454339514135326,0.0035184772867,0.37,-0.0018150429095,1.86,-0.753,1.548
2024-05-16 00:30:00,o,3.8,0.5,0.0,1.9496046609729751,-0.002203816742,0.342,0.00098522901371,2.04,-1.054,1.19
2024-05-16 00:30:00,o,3.8,0.5,0.95,1.7537055938395905,0.01083912386,0.365,-0.0062280741181,1.9,-0.816,1.501
2024-05-16 00:30:00,o,3.8,0.55,0.0,1.9496046609729751,-0.002203816742,0.342,0.00098522901371,2.04,-1.054,1.19
2024-05-16 00:30:00,o,3.8,0.55,0.95,1.7317257195863889,0.011351390249,0.378,-0.0073620183995,1.8,-0.663,1.491
2024-05-16 00:30:00,o,3.8,0.6,0.0,1.968777048438442,0.0077310809699,0.33,-0.0051399665867,2.11,-1.183,1.251
2024-05-16 00:30:00,o,3.8,0.6,0.95,1.7317257195863889,0.011351390249,0.378,-0.0073620183995,1.8,-0.663,1.491
2024-05-16 00:30:00,o,3.8,0.65,0.0,1.9970542012464727,0.0028250604288,0.313,-0.0018587640134,2.21,-1.378,1.29
2024-05-16 00:30:00,o,3.8,0.65,0.95,1.7355829326957735,0.011143209299,0.376,-0.0067680884252,1.81,-0.678,1.477
2024-05-16 00:30:00,o,3.8,0.7,0.0,1.9970542012464727,0.0028250604288,0.313,-0.0018587640134,2.21,-1.378,1.29
2024-05-16 00:30:00,o,3.8,0.7,0.95,1.7453637043794725,0.011564784388,0.37,-0.0068626140028,1.86,-0.753,1.509
2024-05-16 00:30:00,o,3.8,0.75,0.0,2.0209865810071554,-0.0033718172997,0.299,0.0014908139083,2.29,-1.541,1.367
2024-05-16 00:30:00,o,3.8,0.75,0.95,1.7392558032685106,0.00083201997076,0.373,-0.00097813711926,1.84,-0.722,1.537
2024-05-16 00:30:00,o,3.8,0.8,0.0,2.0209865810071554,-0.0033718172997,0.299,0.0014908139083,2.29,-1.541,1.367
2024-05-16 00:30:00,o,3.8,0.8,0.95,1.7392558032685106,0.00083201997076,0.373,-0.00097813711926,1.84,-0.722,1.537
2024-05-16 00:30:00,o,3.8,0.85,0.0,2.0209865810071554,-0.0033718172997,0.299,0.0014908139083,2.29,-1.541,1.367
2024-05-16 00:30:00,o,3.8,0.85,0.95,1.7392558032685106,0.00083201997076,0.373,-0.00097813711926,1.84,-0.722,1.537
2024-05-16 00:30:00,o,3.8,0.9,0.0,2.0209865810071554,-0.0033718172997,0.299,0.0014908139083,2.29,-1.541,1.367
2024-05-16 00:30:00,o,3.8,0.9,0.95,1.7791923083697372,-0.0016720286136,0.349,0.00048191115564,2.0,-0.983,1.611
2024-05-16 00:30:00,o,3.8,0.95,0.0,2.0427998858887473,-0.08523731988,0.287,0.042208985735,2.35,-1.667,1.653
2024-05-16 00:30:00,o,3.8,0.95,0.95,1.7791923083697372,-0.0016720286136,0.349,0.00048191115564,2.0,-0.983,1.611
2024-05-16 00:30:00,o,3.8,1.0,0.0,2.0427998858887473,-0.08523731988,0.287,0.042208985735,2.35,-1.667,1.653
2024-05-16 00:30:00,o,3.8,1.0,0.95,1.8186349145899134,-0.0014219750174,0.327,0.0004513679066,2.13,-1.221,1.712
2024-05-16 00:30:00,o,3.8,1.05,0.0,2.0427998858887473,-0.08523731988,0.287,0.042208985735,2.35,-1.667,1.653
2024-05-16 00:30:00,o,3.8,1.05,0.95,1.8186349145899134,-0.0014219750174,0.327,0.0004513679066,2.13,-1.221,1.712
2024-05-16 00:30:00,o,3.8,1.1,0.0,2.0022568003773795,-0.11759929399,0.31,0.061412443001,2.22,-1.398,2.109
2024-05-16 00:30:00,o,3.8,1.1,0.95,1.8532296022549193,0.0023139308205,0.309,-0.0012296018667,2.23,-1.418,2.102
2024-05-16 00:30:00,o,3.8,1.15,0.0,2.0022568003773795,-0.11759929399,0.31,0.061412443001,2.22,-1.398,2.109
2024-05-16 00:30:00,o,3.8,1.15,0.05,2.0022568003773795,-0.11759929399,0.31,0.061412443001,2.22,-1.398,2.109
2024-05-16 00:30:00,o,3.8,1.15,0.1,2.0219992264056037,-0.10666170345,0.299,0.054496042306,2.29,-1.541,1.925
2024-05-16 00:30:00,o,3.8,1.15,0.15,2.024358398306814,-0.10414426155,0.284,0.050156373349,2.36,-1.688,1.976
2024-05-16 00:30:00,o,3.8,1.15,0.2,2.0302271941834444,-0.088384696391,0.273,0.041596158098,2.43,-1.839,1.935
2024-05-16 00:30:00,o,3.8,1.15,0.25,2.0302271941834444,-0.088384696391,0.273,0.041596158098,2.43,-1.839,1.935
2024-05-16 00:30:00,o,3.8,1.15,0.3,2.0530630699553236,-0.050555951085,0.259,0.023969946536,2.5,-1.992,1.734
2024-05-16 00:30:00,o,3.8,1.15,0.35,1.9615824412757596,-0.040177224611,0.28,0.020165124001,2.39,-1.752,1.514
2024-05-16 00:30:00,o,3.8,1.15,0.4,1.9444037023378038,-0.022469845251,0.282,0.011801987713,2.38,-1.731,1.585
2024-05-16 00:30:00,o,3.8,1.15,0.45,1.9444037023378038,-0.022469845251,0.282,0.011801987713,2.38,-1.731,1.585
2024-05-16 00:30:00,o,3.8,1.15,0.5,1.8921113060031842,-0.016245013962,0.302,0.008819497888,2.27,-1.5,1.52
2024-05-16 00:30:00,o,3.8,1.15,0.55,1.8921113060031842,-0.016245013962,0.302,0.008819497888,2.27,-1.5,1.52
2024-05-16 00:30:00,o,3.8,1.15,0.6,1.8570851194108742,-0.021488374737,0.318,0.01183645491,2.18,-1.318,1.57
2024-05-16 00:30:00,o,3.8,1.15,0.65,1.818166487570332,-0.0052294832915,0.329,0.0026293667081,2.12,-1.202,1.45
2024-05-16 00:30:00,o,3.8,1.15,0.7,1.8147136126959766,-0.005165784443,0.329,0.0023550639149,2.12,-1.202,1.534
2024-05-16 00:30:00,o,3.8,1.15,0.75,1.8322086347945665,-0.0013782884005,0.32,0.00070954198785,2.17,-1.299,1.918
2024-05-16 00:30:00,o,3.8,1.15,0.8,1.8322086347945665,-0.0013782884005,0.32,0.00070954198785,2.17,-1.299,1.918
2024-05-16 00:30:00,o,3.8,1.15,0.85,1.8443404664111542,0.0020370877789,0.314,-0.00070019423747,2.2,-1.358,2.056
2024-05-16 00:30:00,o,3.8,1.15,0.9,1.8430894434994107,0.0015235132234,0.314,-0.0010859808416,2.2,-1.358,2.274
2024-05-16 00:30:00,o,3.8,1.15,0.95,1.8532296022549193,0.0023139308205,0.309,-0.0012296018667,2.23,-1.418,2.102
2024-05-16 00:30:00,o,3.85,0.05,0.0,1.953140900790978,-0.030286909449,0.34,0.018678043434,2.06,-1.09,1.268
2024-05-16 00:30:00,o,3.85,0.05,0.05,1.953140900790978,-0.030286909449,0.34,0.018678043434,2.06,-1.09,1.268
2024-05-16 00:30:00,o,3.85,0.05,0.1,1.9467813001827698,-0.031928632738,0.341,0.020279874697,2.05,-1.072,1.451
2024-05-16 00:30:00,o,3.85,0.05,0.15,1.9341599736766037,-0.035828717681,0.332,0.021234571665,2.1,-1.164,1.218
2024-05-16 00:30:00,o,3.85,0.05,0.2,1.9341599736766037,-0.035828717681,0.332,0.021234571665,2.1,-1.164,1.218
2024-05-16 00:30:00,o,3.85,0.05,0.25,1.9262446679042229,-0.048455807484,0.327,0.028890384152,2.13,-1.221,1.201
2024-05-16 00:30:00,o,3.85,0.05,0.3,1.8915653319052304,-0.056113408032,0.334,0.033145276137,2.09,-1.146,1.132
2024-05-16 00:30:00,o,3.85,0.05,0.35,1.8623162730395426,-0.060710025534,0.342,0.036940206337,2.04,-1.054,1.32
2024-05-16 00:30:00,o,3.85,0.05,0.4,1.8623162730395426,-0.060710025534,0.342,0.036940206337,2.04,-1.054,1.32
2024-05-16 00:30:00,o,3.85,0.05,0.45,1.8395094713083608,-0.053575084529,0.349,0.033502760854,2.0,-0.983,1.376
2024-05-16 00:30:00,o,3.85,0.05,0.5,1.8242234903608168,-0.049219185115,0.346,0.030481235687,2.02,-1.018,1.357
2024-05-16 00:30:00,o,3.85,0.05,0.55,1.8159229217147814,-0.044714495059,0.343,0.026694654083,2.04,-1.054,1.512
2024-05-16 00:30:00,o,3.85,0.05,0.6,1.8168177663915503,-0.042458666236,0.338,0.023861101555,2.07,-1.109,1.518
2024-05-16 00:30:00,o,3.85,0.05,0.65,1.8168177663915503,-0.042458666236,0.338,0.023861101555,2.07,-1.109,1.518
2024-05-16 00:30:00,o,3.85,0.05,0.7,1.8120305080373058,-0.030360281429,0.333,0.016796750548,2.1,-1.164,1.645
2024-05-16 00:30:00,o,3.85,0.05,0.75,1.8115683037435413,-0.020646722105,0.331,0.010980999271,2.11,-1.183,1.708
2024-05-16 00:30:00,o,3.85,0.05,0.8,1.8251338931418577,-0.014626887819,0.324,0.0079676816786,2.15,-1.26,1.928
2024-05-16 00:30:00,o,3.85,0.05,0.85,1.8352782715918319,-0.0073247281107,0.318,0.0034564136879,2.18,-1.318,2.164
2024-05-16 00:30:00,o,3.85,0.05,0.9,1.8529615981903176,-0.000328891021,0.309,-8.0566415715e-06,2.23,-1.418,2.656
2024-05-16 00:30:00,o,3.85,0.05,0.95,1.8568798705623637,-0.0016934164619,0.307,0.00069205594403,2.24,-1.438,2.613
2024-05-16 00:30:00,o,3.85,0.1,0.0,1.9418988452515966,-0.048057946585,0.347,0.029600478659,2.01,-1.001,1.295
2024-05-16 00:30:00,o,3.85,0.1,0.95,1.8529615981903176,-0.000328891021,0.309,-8.0566415715e-06,2.23,-1.418,2.656
2024-05-16 00:30:00,o,3.85,0.15,0.0,1.9448625136653952,-0.050724423309,0.345,0.030944447814,2.02,-1.018,1.082
2024-05-16 00:30:00,o,3.85,0.15,0.95,1.8251273970274313,0.00081928884054,0.324,-0.00025046799238,2.15,-1.26,1.78
2024-05-16 00:30:00,o,3.85,0.2,0.0,1.952138330237461,-0.040432859442,0.341,0.025157679679,2.05,-1.072,1.099
2024-05-16 00:30:00,o,3.85,0.2,0.95,1.7964563777973506,-0.00031216510573,0.34,0.00056984081962,2.06,-1.09,1.617
2024-05-16 00:30:00,o,3.85,0.25,0.0,1.952138330237461,-0.040432859442,0.341,0.025157679679,2.05,-1.072,1.099
2024-05-16 00:30:00,o,3.85,0.25,0.95,1.7964563777973506,-0.00031216510573,0.34,0.00056984081962,2.06,-1.09,1.617
2024-05-16 00:30:00,o,3.85,0.3,0.0,1.9491557172226313,-0.033603822488,0.343,0.021273840001,2.04,-1.054,1.137
2024-05-16 00:30:00,o,3.85,0.3,0.95,1.7787443809619397,0.00037603760607,0.35,3.3732986851e-05,1.99,-0.966,1.652
2024-05-16 00:30:00,o,3.85,0.35,0.0,1.940954542766318,-0.024905394041,0.348,0.015881367887,2.01,-1.001,1.183
2024-05-16 00:30:00,o,3.85,0.35,0.95,1.7636001796504306,0.0052788448579,0.359,-0.0028179562719,1.94,-0.881,1.575
2024-05-16 00:30:00,o,3.85,0.4,0.0,1.940954542766318,-0.024905394041,0.348,0.015881367887,2.01,-1.001,1.183
2024-05-16 00:30:00,o,3.85,0.4,0.95,1.7734060880151397,0.011485763405,0.353,-0.0066610786598,1.97,-0.931,1.546
2024-05-16 00:30:00,o,3.85,0.45,0.0,1.943222378308492,-0.011430104573,0.347,0.007804831803,2.01,-1.001,1.197
2024-05-16 00:30:00,o,3.85,0.45,0.95,1.7684679014092881,0.016112097256,0.356,-0.0094216303009,1.96,-0.914,1.506
2024-05-16 00:30:00,o,3.85,0.5,0.0,1.943222378308492,-0.011430104573,0.347,0.007804831803,2.01,-1.001,1.197
2024-05-16 00:30:00,o,3.85,0.5,0.95,1.7537055938395905,0.01083912386,0.365,-0.0062280741181,1.9,-0.816,1.501
2024-05-16 00:30:00,o,3.85,0.55,0.0,1.943222378308492,-0.011430104573,0.347,0.007804831803,2.01,-1.001,1.197
2024-05-16 00:30:00,o,3.85,0.55,0.95,1.7492182534904566,0.016832536232,0.367,-0.010748443008,1.88,-0.784,1.495
2024-05-16 00:30:00,o,3.85,0.6,0.0,1.9946734183864083,0.0037000160343,0.315,-0.0017930923996,2.2,-1.358,1.312
2024-05-16 00:30:00,o,3.85,0.6,0.95,1.7317257195863889,0.011351390249,0.378,-0.0073620183995,1.8,-0.663,1.491
2024-05-16 00:30:00,o,3.85,0.65,0.0,1.9970542012464727,0.0028250604288,0.313,-0.0018587640134,2.21,-1.378,1.29
2024-05-16 00:30:00,o,3.85,0.65,0.95,1.7355829326957735,0.011143209299,0.376,-0.0067680884252,1.81,-0.678,1.477
2024-05-16 00:30:00,o,3.85,0.7,0.0,1.9970542012464727,0.0028250604288,0.313,-0.0018587640134,2.21,-1.378,1.29
2024-05-16 00:30:00,o,3.85,0.7,0.95,1.7453637043794725,0.011564784388,0.37,-0.0068626140028,1.86,-0.753,1.509
2024-05-16 00:30:00,o,3.85,0.75,0.0,1.9970542012464727,0.0028250604288,0.313,-0.0018587640134,2.21,-1.378,1.29
2024-05-16 00:30:00,o,3.85,0.75,0.95,1.7453637043794725,0.011564784388,0.37,-0.0068626140028,1.86,-0.753,1.509
2024-05-16 00:30:00,o,3.85,0.8,0.0,2.0209865810071554,-0.0033718172997,0.299,0.0014908139083,2.29,-1.541,1.367
2024-05-16 00:30:00,o,3.85,0.8,0.95,1.7453637043794725,0.011564784388,0.37,-0.0068626140028,1.86,-0.753,1.509
2024-05-16 00:30:00,o,3.85,0.85,0.0,2.071679534721944,-0.0082032538106,0.272,0.0039984437501,2.43,-1.839,1.525
2024-05-16 00:30:00,o,3.85,0.85,0.95,1.769561935848059,0.003818894427,0.355,-0.0023842009228,1.97,-0.931,1.529
2024-05-16 00:30:00,o,3.85,0.9,0.0,2.071679534721944,-0.0082032538106,0.272,0.0039984437501,2.43,-1.839,1.525
2024-05-16 00:30:00,o,3.85,0.9,0.95,1.7791923083697372,-0.0016720286136,0.349,0.00048191115564,2.0,-0.983,1.611
2024-05-16 00:30:00,o,3.85,0.95,0.0,2.0807599290088343,-0.022376449376,0.268,0.011469336162,2.46,-1.904,1.647
2024-05-16 00:30:00,o,3.85,0.95,0.95,1.7982569092187741,0.0069101835726,0.339,-0.0035013383424,2.06,-1.09,1.587
2024-05-16 00:30:00,o,3.85,1.0,0.0,2.0807599290088343,-0.022376449376,0.268,0.011469336162,2.46,-1.904,1.647
2024-05-16 00:30:00,o,3.85,1.0,0.95,1.8164733037652496,0.0054213746489,0.328,-0.0034705541459,2.12,-1.202,1.644
2024-05-16 00:30:00,o,3.85,1.05,0.0,2.0427998858887473,-0.08523731988,0.287,0.042208985735,2.35,-1.667,1.653
2024-05-16 00:30:00,o,3.85,1.05,0.95,1.8489154135773542,0.0029001202707,0.311,-0.0017655145697,2.22,-1.398,2.156
2024-05-16 00:30:00,o,3.85,1.1,0.0,2.0128709550055195,-0.099274711544,0.304,0.051780444801,2.25,-1.459,2.361
2024-05-16 00:30:00,o,3.85,1.1,0.95,1.8615642787784406,0.0034363047622,0.305,-0.0015346363498,2.25,-1.459,2.515
2024-05-16 00:30:00,o,3.85,1.15,0.0,2.0128709550055195,-0.099274711544,0.304,0.051780444801,2.25,-1.459,2.361
2024-05-16 00:30:00,o,3.85,1.15,0.05,2.0128709550055195,-0.099274711544,0.304,0.051780444801,2.25,-1.459,2.361
2024-05-16 00:30:00,o,3.85,1.15,0.1,2.073032466674229,-0.061514367179,0.262,0.028185036239,2.49,-1.97,1.67
2024-05-16 00:30:00,o,3.85,1.15,0.15,2.073032466674229,-0.061514367179,0.262,0.028185036239,2.49,-1.97,1.67
2024-05-16 00:30:00,o,3.85,1.15,0.2,2.0530630699553236,-0.050555951085,0.259,0.023969946536,2.5,-1.992,1.734
2024-05-16 00:30:00,o,3.85,1.15,0.25,2.0775495804517936,-0.029130769994,0.249,0.013553877666,2.56,-2.126,1.918
2024-05-16 00:30:00,o,3.85,1.15,0.3,2.0090044734720083,4.2540354809e-05,0.265,9.9957357803e-05,2.47,-1.926,1.705
2024-05-16 00:30:00,o,3.85,1.15,0.35,1.9747419045009502,-0.011460844841,0.274,0.0053963011683,2.42,-1.817,1.535
2024-05-16 00:30:00,o,3.85,1.15,0.4,1.9747419045009502,-0.011460844841,0.274,0.0053963011683,2.42,-1.817,1.535
2024-05-16 00:30:00,o,3.85,1.15,0.45,1.9444037023378038,-0.022469845251,0.282,0.011801987713,2.38,-1.731,1.585
2024-05-16 00:30:00,o,3.85,1.15,0.5,1.8921113060031842,-0.016245013962,0.302,0.008819497888,2.27,-1.5,1.52
2024-05-16 00:30:00,o,3.85,1.15,0.55,1.8921113060031842,-0.016245013962,0.302,0.008819497888,2.27,-1.5,1.52
2024-05-16 00:30:00,o,3.85,1.15,0.6,1.874098959595603,-0.0037271780902,0.308,0.001658582292,2.23,-1.418,1.566
2024-05-16 00:30:00,o,3.85,1.15,0.65,1.8431143746541072,-0.00019316793757,0.318,-0.00031994313506,2.18,-1.318,1.502
2024-05-16 00:30:00,o,3.85,1.15,0.7,1.8340262895297406,-7.6366183053e-05,0.319,-1.7008674305e-05,2.17,-1.299,1.749
2024-05-16 00:30:00,o,3.85,1.15,0.75,1.8340262895297406,-7.6366183053e-05,0.319,-1.7008674305e-05,2.17,-1.299,1.749
2024-05-16 00:30:00,o,3.85,1.15,0.8,1.8322086347945665,-0.0013782884005,0.32,0.00070954198785,2.17,-1.299,1.918
2024-05-16 00:30:00,o,3.85,1.15,0.85,1.855652391554579,0.0044735688242,0.308,-0.0020940060539,2.23,-1.418,2.526
2024-05-16 00:30:00,o,3.85,1.15,0.9,1.8615642787784406,0.0034363047622,0.305,-0.0015346363498,2.25,-1.459,2.515
2024-05-16 00:30:00,o,3.85,1.15,0.95,1.8638104239716684,0.0049906059063,0.304,-0.0021825163743,2.25,-1.459,2.143
2024-05-16 00:30:00,o,3.9,0.05,0.0,1.9418988452515966,-0.048057946585,0.347,0.029600478659,2.01,-1.001,1.295
2024-05-16 00:30:00,o,3.9,0.05,0.05,1.945394719244763,-0.03388498354,0.345,0.021160828719,2.02,-1.018,1.495
2024-05-16 00:30:00,o,3.9,0.05,0.1,1.9467813001827698,-0.031928632738,0.341,0.020279874697,2.05,-1.072,1.451
2024-05-16 00:30:00,o,3.9,0.05,0.15,1.9341599736766037,-0.035828717681,0.332,0.021234571665,2.1,-1.164,1.218
2024-05-16 00:30:00,o,3.9,0.05,0.2,1.9341599736766037,-0.035828717681,0.332,0.021234571665,2.1,-1.164,1.218
2024-05-16 00:30:00,o,3.9,0.05,0.25,1.9260181484144596,-0.045957760435,0.332,0.027526887959,2.1,-1.164,1.232
2024-05-16 00:30:00,o,3.9,0.05,0.3,1.8915653319052304,-0.056113408032,0.334,0.033145276137,2.09,-1.146,1.132
2024-05-16 00:30:00,o,3.9,0.05,0.35,1.8623162730395426,-0.060710025534,0.342,0.036940206337,2.04,-1.054,1.32
2024-05-16 00:30:00,o,3.9,0.05,0.4,1.8395094713083608,-0.053575084529,0.349,0.033502760854,2.0,-0.983,1.376
2024-05-16 00:30:00,o,3.9,0.05,0.45,1.8395094713083608,-0.053575084529,0.349,0.033502760854,2.0,-0.983,1.376
2024-05-16 00:30:00,o,3.9,0.05,0.5,1.8242234903608168,-0.049219185115,0.346,0.030481235687,2.02,-1.018,1.357
2024-05-16 00:30:00,o,3.9,0.05,0.55,1.8159229217147814,-0.044714495059,0.343,0.026694654083,2.04,-1.054,1.512
2024-05-16 00:30:00,o,3.9,0.05,0.6,1.8159229217147814,-0.044714495059,0.343,0.026694654083,2.04,-1.054,1.512
2024-05-16 00:30:00,o,3.9,0.05,0.65,1.8159229217147814,-0.044714495059,0.343,0.026694654083,2.04,-1.054,1.512
2024-05-16 00:30:00,o,3.9,0.05,0.7,1.8100778654920946,-0.019238775133,0.332,0.010436348366,2.1,-1.164,1.55
2024-05-16 00:30:00,o,3.9,0.05,0.75,1.8249649625791595,-0.015993820977,0.324,0.0085960432337,2.15,-1.26,1.856
2024-05-16 00:30:00,o,3.9,0.05,0.8,1.8249649625791595,-0.015993820977,0.324,0.0085960432337,2.15,-1.26,1.856
2024-05-16 00:30:00,o,3.9,0.05,0.85,1.846392787340689,-0.0051223920168,0.313,0.0030792244959,2.21,-1.378,2.726
2024-05-16 00:30:00,o,3.9,0.05,0.9,1.8529615981903176,-0.000328891021,0.309,-8.0566415715e-06,2.23,-1.418,2.656
2024-05-16 00:30:00,o,3.9,0.05,0.95,1.8568798705623637,-0.0016934164619,0.307,0.00069205594403,2.24,-1.438,2.613
2024-05-16 00:30:00,o,3.9,0.1,0.0,1.9418988452515966,-0.048057946585,0.347,0.029600478659,2.01,-1.001,1.295
2024-05-16 00:30:00,o,3.9,0.1,0.95,1.8467637731249218,-0.0012404983723,0.312,0.00026625808692,2.21,-1.378,2.076
2024-05-16 00:30:00,o,3.9,0.15,0.0,1.9448625136653952,-0.050724423309,0.345,0.030944447814,2.02,-1.018,1.082
2024-05-16 00:30:00,o,3.9,0.15,0.95,1.8251273970274313,0.00081928884054,0.324,-0.00025046799238,2.15,-1.26,1.78
2024-05-16 00:30:00,o,3.9,0.2,0.0,1.9448625136653952,-0.050724423309,0.345,0.030944447814,2.02,-1.018,1.082
2024-05-16 00:30:00,o,3.9,0.2,0.95,1.8251273970274313,0.00081928884054,0.324,-0.00025046799238,2.15,-1.26,1.78
2024-05-16 00:30:00,o,3.9,0.25,0.0,1.9448625136653952,-0.050724423309,0.345,0.030944447814,2.02,-1.018,1.082
2024-05-16 00:30:00,o,3.9,0.25,0.95,1.8262109035237513,0.0029584428635,0.323,-0.0018196260458,2.15,-1.26,1.687
2024-05-16 00:30:00,o,3.9,0.3,0.0,1.9445714960284255,-0.040374158632,0.346,0.025594226047,2.02,-1.018,1.196
2024-05-16 00:30:00,o,3.9,0.3,0.95,1.8021509041425452,0.0010011213597,0.336,-0.00096854297013,2.08,-1.127,1.535
2024-05-16 00:30:00,o,3.9,0.35,0.0,1.940954542766318,-0.024905394041,0.348,0.015881367887,2.01,-1.001,1.183
2024-05-16 00:30:00,o,3.9,0.35,0.95,1.7924337159629968,0.011655705529,0.342,-0.006568075411,2.04,-1.054,1.556
2024-05-16 00:30:00,o,3.9,0.4,0.0,1.940954542766318,-0.024905394041,0.348,0.015881367887,2.01,-1.001,1.183
2024-05-16 00:30:00,o,3.9,0.4,0.95,1.7734060880151397,0.011485763405,0.353,-0.0066610786598,1.97,-0.931,1.546
2024-05-16 00:30:00,o,3.9,0.45,0.0,1.943222378308492,-0.011430104573,0.347,0.007804831803,2.01,-1.001,1.197
2024-05-16 00:30:00,o,3.9,0.45,0.95,1.7684679014092881,0.016112097256,0.356,-0.0094216303009,1.96,-0.914,1.506
2024-05-16 00:30:00,o,3.9,0.5,0.0,1.943222378308492,-0.011430104573,0.347,0.007804831803,2.01,-1.001,1.197
2024-05-16 00:30:00,o,3.9,0.5,0.95,1.768319847312058,0.024379137683,0.356,-0.014566151877,1.96,-0.914,1.488
2024-05-16 00:30:00,o,3.9,0.55,0.0,1.9663060292996606,-0.00018300012474,0.332,0.00027418024548,2.1,-1.164,1.26
2024-05-16 00:30:00,o,3.9,0.55,0.95,1.7492182534904566,0.016832536232,0.367,-0.010748443008,1.88,-0.784,1.495
2024-05-16 00:30:00,o,3.9,0.6,0.0,1.9946734183864083,0.0037000160343,0.315,-0.0017930923996,2.2,-1.358,1.312
2024-05-16 00:30:00,o,3.9,0.6,0.95,1.7492182534904566,0.016832536232,0.367,-0.010748443008,1.88,-0.784,1.495
2024-05-16 00:30:00,o,3.9,0.65,0.0,1.9946734183864083,0.0037000160343,0.315,-0.0017930923996,2.2,-1.358,1.312
2024-05-16 00:30:00,o,3.9,0.65,0.95,1.7355829326957735,0.011143209299,0.376,-0.0067680884252,1.81,-0.678,1.477
2024-05-16 00:30:00,o,3.9,0.7,0.0,1.9946734183864083,0.0037000160343,0.315,-0.0017930923996,2.2,-1.358,1.312
2024-05-16 00:30:00,o,3.9,0.7,0.95,1.7453637043794725,0.011564784388,0.37,-0.0068626140028,1.86,-0.753,1.509
2024-05-16 00:30:00,o,3.9,0.75,0.0,1.9970542012464727,0.0028250604288,0.313,-0.0018587640134,2.21,-1.378,1.29
2024-05-16 00:30:00,o,3.9,0.75,0.95,1.7712713817327281,0.022014445548,0.354,-0.013307745347,1.97,-0.931,1.498
2024-05-16 00:30:00,o,3.9,0.8,0.0,2.071679534721944,-0.0082032538106,0.272,0.0039984437501,2.43,-1.839,1.525
2024-05-16 00:30:00,o,3.9,0.8,0.95,1.7712713817327281,0.022014445548,0.354,-0.013307745347,1.97,-0.931,1.498
2024-05-16 00:30:00,o,3.9,0.85,0.0,2.071679534721944,-0.0082032538106,0.272,0.0039984437501,2.43,-1.839,1.525
2024-05-16 00:30:00,o,3.9,0.85,0.95,1.8007995314323786,0.018441587616,0.337,-0.010654364091,2.07,-1.109,1.551
2024-05-16 00:30:00,o,3.9,0.9,0.0,2.071679534721944,-0.0082032538106,0.272,0.0039984437501,2.43,-1.839,1.525
2024-05-16 00:30:00,o,3.9,0.9,0.95,1.8007995314323786,0.018441587616,0.337,-0.010654364091,2.07,-1.109,1.551
2024-05-16 00:30:00,o,3.9,0.95,0.0,2.0807599290088343,-0.022376449376,0.268,0.011469336162,2.46,-1.904,1.647
2024-05-16 00:30:00,o,3.9,0.95,0.95,1.7982569092187741,0.0069101835726,0.339,-0.0035013383424,2.06,-1.09,1.587
2024-05-16 00:30:00,o,3.9,1.0,0.0,2.0807599290088343,-0.022376449376,0.268,0.011469336162,2.46,-1.904,1.647
2024-05-16 00:30:00,o,3.9,1.0,0.95,1.8164733037652496,0.0054213746489,0.328,-0.0034705541459,2.12,-1.202,1.644
2024-05-16 00:30:00,o,3.9,1.05,0.0,2.058110818822266,-0.015625855799,0.279,0.0078818135228,2.4,-1.774,1.867
2024-05-16 00:30:00,o,3.9,1.05,0.95,1.830870836339318,0.012796774325,0.321,-0.0066260911681,2.16,-1.279,1.711
2024-05-16 00:30:00,o,3.9,1.1,0.0,2.0116507827594754,-0.047560361648,0.305,0.026371258038,2.25,-1.459,1.936
2024-05-16 00:30:00,o,3.9,1.1,0.95,1.8409462561315026,0.0096140859822,0.315,-0.0054887179442,2.2,-1.358,1.769
2024-05-16 00:30:00,o,3.9,1.15,0.0,2.0116507827594754,-0.047560361648,0.305,0.026371258038,2.25,-1.459,1.936
2024-05-16 00:30:00,o,3.9,1.15,0.05,2.0332709212801667,-0.067030682734,0.293,0.035097663244,2.32,-1.604,2.807
2024-05-16 00:30:00,o,3.9,1.15,0.1,2.0964546337305796,-0.05268746953,0.257,0.024690350149,2.52,-2.037,2.772
2024-05-16 00:30:00,o,3.9,1.15,0.15,2.097146204967822,-0.032018221099,0.247,0.014325325998,2.58,-2.17,2.775
2024-05-16 00:30:00,o,3.9,1.15,0.2,2.0775495804517936,-0.029130769994,0.249,0.013553877666,2.56,-2.126,1.918
2024-05-16 00:30:00,o,3.9,1.15,0.25,2.0584753732988177,-0.0074402948898,0.25,0.0035284699111,2.56,-2.126,1.875
2024-05-16 00:30:00,o,3.9,1.15,0.3,2.0090044734720083,4.2540354809e-05,0.265,9.9957357803e-05,2.47,-1.926,1.705
2024-05-16 00:30:00,o,3.9,1.15,0.35,2.0090044734720083,4.2540354809e-05,0.265,9.9957357803e-05,2.47,-1.926,1.705
2024-05-16 00:30:00,o,3.9,1.15,0.4,1.9747419045009502,-0.011460844841,0.274,0.0053963011683,2.42,-1.817,1.535
2024-05-16 00:30:00,o,3.9,1.15,0.45,1.9747419045009502,-0.011460844841,0.274,0.0053963011683,2.42,-1.817,1.535
2024-05-16 00:30:00,o,3.9,1.15,0.5,1.8871557579250282,0.0061422076459,0.305,-0.0039459756402,2.25,-1.459,1.524
2024-05-16 00:30:00,o,3.9,1.15,0.55,1.874098959595603,-0.0037271780902,0.308,0.001658582292,2.23,-1.418,1.566
2024-05-16 00:30:00,o,3.9,1.15,0.6,1.874098959595603,-0.0037271780902,0.308,0.001658582292,2.23,-1.418,1.566
2024-05-16 00:30:00,o,3.9,1.15,0.65,1.8431143746541072,-0.00019316793757,0.318,-0.00031994313506,2.18,-1.318,1.502
2024-05-16 00:30:00,o,3.9,1.15,0.7,1.8353100008690626,0.0024882533675,0.318,-0.0016965978871,2.18,-1.318,1.696
2024-05-16 00:30:00,o,3.9,1.15,0.75,1.8340262895297406,-7.6366183053e-05,0.319,-1.7008674305e-05,2.17,-1.299,1.749
2024-05-16 00:30:00,o,3.9,1.15,0.8,1.8493948419854185,0.0042409676985,0.311,-0.0022134305645,2.22,-1.398,2.281
2024-05-16 00:30:00,o,3.9,1.15,0.85,1.8493948419854185,0.0042409676985,0.311,-0.0022134305645,2.22,-1.398,2.281
2024-05-16 00:30:00,o,3.9,1.15,0.9,1.8615642787784406,0.0034363047622,0.305,-0.0015346363498,2.25,-1.459,2.515
2024-05-16 00:30:00,o,3.9,1.15,0.95,1.8620120512502165,0.0068322260354,0.305,-0.0030396671647,2.25,-1.459,2.516
2024-05-16 00:30:00,o,3.95,0.05,0.0,1.9407654356312176,-0.056607841089,0.348,0.034998046689,2.01,-1.001,1.276
2024-05-16 00:30:00,o,3.95,0.05,0.05,1.9418988452515966,-0.048057946585,0.347,0.029600478659,2.01,-1.001,1.295
2024-05-16 00:30:00,o,3.95,0.05,0.1,1.9444234461371346,-0.055142042089,0.346,0.034286203008,2.02,-1.018,1.232
2024-05-16 00:30:00,o,3.95,0.05,0.15,1.9282165663535795,-0.062144491061,0.334,0.036612975685,2.09,-1.146,1.451
2024-05-16 00:30:00,o,3.95,0.05,0.2,1.9282165663535795,-0.062144491061,0.334,0.036612975685,2.09,-1.146,1.451
2024-05-16 00:30:00,o,3.95,0.05,0.25,1.9260181484144596,-0.045957760435,0.332,0.027526887959,2.1,-1.164,1.232
2024-05-16 00:30:00,o,3.95,0.05,0.3,1.86203591948588,-0.04214927895,0.344,0.026091456363,2.03,-1.036,1.141
2024-05-16 00:30:00,o,3.95,0.05,0.35,1.8355637516690968,-0.045164116136,0.351,0.028730449216,1.99,-0.966,1.351
2024-05-16 00:30:00,o,3.95,0.05,0.4,1.8395094713083608,-0.053575084529,0.349,0.033502760854,2.0,-0.983,1.376
2024-05-16 00:30:00,o,3.95,0.05,0.45,1.8395094713083608,-0.053575084529,0.349,0.033502760854,2.0,-0.983,1.376
2024-05-16 00:30:00,o,3.95,0.05,0.5,1.8242234903608168,-0.049219185115,0.346,0.030481235687,2.02,-1.018,1.357
2024-05-16 00:30:00,o,3.95,0.05,0.55,1.8159229217147814,-0.044714495059,0.343,0.026694654083,2.04,-1.054,1.512
2024-05-16 00:30:00,o,3.95,0.05,0.6,1.8081974643321153,-0.037743529214,0.342,0.021465440899,2.04,-1.054,1.601
2024-05-16 00:30:00,o,3.95,0.05,0.65,1.8081974643321153,-0.037743529214,0.342,0.021465440899,2.04,-1.054,1.601
2024-05-16 00:30:00,o,3.95,0.05,0.7,1.8159096508867747,-0.02442859099,0.329,0.013270720486,2.12,-1.202,1.756
2024-05-16 00:30:00,o,3.95,0.05,0.75,1.8227171408252127,-0.020584171884,0.325,0.010821110134,2.14,-1.24,1.865
2024-05-16 00:30:00,o,3.95,0.05,0.8,1.8254326094155973,-0.01788116297,0.324,0.0098276134032,2.15,-1.26,1.849
2024-05-16 00:30:00,o,3.95,0.05,0.85,1.8338544165051758,-0.01269298676,0.319,0.0065108489802,2.17,-1.299,2.165
2024-05-16 00:30:00,o,3.95,0.05,0.9,1.8437247413002,-0.0020985849562,0.314,0.0011347229435,2.2,-1.358,2.193
2024-05-16 00:30:00,o,3.95,0.05,0.95,1.8529981539392157,-0.0046117198138,0.309,0.0022014069177,2.23,-1.418,1.902
2024-05-16 00:30:00,o,3.95,0.1,0.0,1.9418988452515966,-0.048057946585,0.347,0.029600478659,2.01,-1.001,1.295
2024-05-16 00:30:00,o,3.95,0.1,0.95,1.8467637731249218,-0.0012404983723,0.312,0.00026625808692,2.21,-1.378,2.076
2024-05-16 00:30:00,o,3.95,0.15,0.0,1.9448625136653952,-0.050724423309,0.345,0.030944447814,2.02,-1.018,1.082
2024-05-16 00:30:00,o,3.95,0.15,0.95,1.8437247413002,-0.0020985849562,0.314,0.0011347229435,2.2,-1.358,2.193
2024-05-16 00:30:00,o,3.95,0.2,0.0,1.9475709490249122,-0.050396145206,0.344,0.0313475021,2.03,-1.036,1.141
2024-05-16 00:30:00,o,3.95,0.2,0.95,1.8262109035237513,0.0029584428635,0.323,-0.0018196260458,2.15,-1.26,1.687
2024-05-16 00:30:00,o,3.95,0.25,0.0,1.9475709490249122,-0.050396145206,0.344,0.0313475021,2.03,-1.036,1.141
2024-05-16 00:30:00,o,3.95,0.25,0.95,1.8262109035237513,0.0029584428635,0.323,-0.0018196260458,2.15,-1.26,1.687
2024-05-16 00:30:00,o,3.95,0.3,0.0,1.9445714960284255,-0.040374158632,0.346,0.025594226047,2.02,-1.018,1.196
2024-05-16 00:30:00,o,3.95,0.3,0.95,1.8102661308182812,0.017167537228,0.332,-0.0095059689926,2.1,-1.164,1.547
2024-05-16 00:30:00,o,3.95,0.35,0.0,1.9445714960284255,-0.040374158632,0.346,0.025594226047,2.02,-1.018,1.196
2024-05-16 00:30:00,o,3.95,0.35,0.95,1.7924337159629968,0.011655705529,0.342,-0.006568075411,2.04,-1.054,1.556
2024-05-16 00:30:00,o,3.95,0.4,0.0,1.9445714960284255,-0.040374158632,0.346,0.025594226047,2.02,-1.018,1.196
2024-05-16 00:30:00,o,3.95,0.4,0.95,1.7924337159629968,0.011655705529,0.342,-0.006568075411,2.04,-1.054,1.556
2024-05-16 00:30:00,o,3.95,0.45,0.0,1.9663060292996606,-0.00018300012474,0.332,0.00027418024548,2.1,-1.164,1.26
2024-05-16 00:30:00,o,3.95,0.45,0.95,1.7684679014092881,0.016112097256,0.356,-0.0094216303009,1.96,-0.914,1.506
2024-05-16 00:30:00,o,3.95,0.5,0.0,1.9663060292996606,-0.00018300012474,0.332,0.00027418024548,2.1,-1.164,1.26
2024-05-16 00:30:00,o,3.95,0.5,0.95,1.768319847312058,0.024379137683,0.356,-0.014566151877,1.96,-0.914,1.488
2024-05-16 00:30:00,o,3.95,0.55,0.0,1.9663060292996606,-0.00018300012474,0.332,0.00027418024548,2.1,-1.164,1.26
2024-05-16 00:30:00,o,3.95,0.55,0.95,1.768319847312058,0.024379137683,0.356,-0.014566151877,1.96,-0.914,1.488
2024-05-16 00:30:00,o,3.95,0.6,0.0,1.9946734183864083,0.0037000160343,0.315,-0.0017930923996,2.2,-1.358,1.312
2024-05-16 00:30:00,o,3.95,0.6,0.95,1.768319847312058,0.024379137683,0.356,-0.014566151877,1.96,-0.914,1.488
2024-05-16 00:30:00,o,3.95,0.65,0.0,1.9946734183864083,0.0037000160343,0.315,-0.0017930923996,2.2,-1.358,1.312
2024-05-16 00:30:00,o,3.95,0.65,0.95,1.7734646261580918,0.027547059236,0.353,-0.016351139873,1.97,-0.931,1.479
2024-05-16 00:30:00,o,3.95,0.7,0.0,1.9946734183864083,0.0037000160343,0.315,-0.0017930923996,2.2,-1.358,1.312
2024-05-16 00:30:00,o,3.95,0.7,0.95,1.7712713817327281,0.022014445548,0.354,-0.013307745347,1.97,-0.931,1.498
2024-05-16 00:30:00,o,3.95,0.75,0.0,2.0148732072918323,0.0060644539635,0.303,-0.0033404444787,2.27,-1.5,1.382
2024-05-16 00:30:00,o,3.95,0.75,0.95,1.7913677900080842,0.031171560553,0.342,-0.018692721216,2.04,-1.054,1.499
2024-05-16 00:30:00,o,3.95,0.8,0.0,2.0720586335467095,0.0025052291969,0.272,-0.001260183283,2.43,-1.839,1.55
2024-05-16 00:30:00,o,3.95,0.8,0.95,1.7913677900080842,0.031171560553,0.342,-0.018692721216,2.04,-1.054,1.499
2024-05-16 00:30:00,o,3.95,0.85,0.0,2.071679534721944,-0.0082032538106,0.272,0.0039984437501,2.43,-1.839,1.525
2024-05-16 00:30:00,o,3.95,0.85,0.95,1.8045414969406337,0.030170537091,0.335,-0.017298099321,2.09,-1.146,1.548
2024-05-16 00:30:00,o,3.95,0.9,0.0,2.071679534721944,-0.0082032538106,0.272,0.0039984437501,2.43,-1.839,1.525
2024-05-16 00:30:00,o,3.95,0.9,0.95,1.8007995314323786,0.018441587616,0.337,-0.010654364091,2.07,-1.109,1.551
2024-05-16 00:30:00,o,3.95,0.95,0.0,2.0807599290088343,-0.022376449376,0.268,0.011469336162,2.46,-1.904,1.647
2024-05-16 00:30:00,o,3.95,0.95,0.95,1.8007995314323786,0.018441587616,0.337,-0.010654364091,2.07,-1.109,1.551
2024-05-16 00:30:00,o,3.95,1.0,0.0,2.058110818822266,-0.015625855799,0.279,0.0078818135228,2.4,-1.774,1.867
2024-05-16 00:30:00,o,3.95,1.0,0.95,1.830870836339318,0.012796774325,0.321,-0.0066260911681,2.16,-1.279,1.711
2024-05-16 00:30:00,o,3.95,1.05,0.0,2.058110818822266,-0.015625855799,0.279,0.0078818135228,2.4,-1.774,1.867
2024-05-16 00:30:00,o,3.95,1.05,0.95,1.830870836339318,0.012796774325,0.321,-0.0066260911681,2.16,-1.279,1.711
2024-05-16 00:30:00,o,3.95,1.1,0.0,2.0116507827594754,-0.047560361648,0.305,0.026371258038,2.25,-1.459,1.936
2024-05-16 00:30:00,o,3.95,1.1,0.95,1.843693620902782,0.013297444419,0.314,-0.0069874598009,2.2,-1.358,1.905
2024-05-16 00:30:00,o,3.95,1.15,0.0,2.0116507827594754,-0.047560361648,0.305,0.026371258038,2.25,-1.459,1.936
2024-05-16 00:30:00,o,3.95,1.15,0.05,2.0116507827594754,-0.047560361648,0.305,0.026371258038,2.25,-1.459,1.936
2024-05-16 00:30:00,o,3.95,1.15,0.1,2.03756592791285,-0.028349740276,0.29,0.014863402676,2.33,-1.625,1.982
2024-05-16 00:30:00,o,3.95,1.15,0.15,2.0716574410920923,-0.012990319763,0.259,0.0064595120064,2.5,-1.992,2.535
2024-05-16 00:30:00,o,3.95,1.15,0.2,2.0716574410920923,-0.012990319763,0.259,0.0064595120064,2.5,-1.992,2.535
2024-05-16 00:30:00,o,3.95,1.15,0.25,2.0638435522377314,0.00026252462983,0.255,0.00011592222019,2.53,-2.059,2.065
2024-05-16 00:30:00,o,3.95,1.15,0.3,2.0090044734720083,4.2540354809e-05,0.265,9.9957357803e-05,2.47,-1.926,1.705
2024-05-16 00:30:00,o,3.95,1.15,0.35,2.0090044734720083,4.2540354809e-05,0.265,9.9957357803e-05,2.47,-1.926,1.705
2024-05-16 00:30:00,o,3.95,1.15,0.4,1.9762811835100489,0.013296599193,0.277,-0.0074896323826,2.4,-1.774,1.684
2024-05-16 00:30:00,o,3.95,1.15,0.45,1.9762811835100489,0.013296599193,0.277,-0.0074896323826,2.4,-1.774,1.684
2024-05-16 00:30:00,o,3.95,1.15,0.5,1.8871557579250282,0.0061422076459,0.305,-0.0039459756402,2.25,-1.459,1.524
2024-05-16 00:30:00,o,3.95,1.15,0.55,1.8871557579250282,0.0061422076459,0.305,-0.0039459756402,2.25,-1.459,1.524
2024-05-16 00:30:00,o,3.95,1.15,0.6,1.8871557579250282,0.0061422076459,0.305,-0.0039459756402,2.25,-1.459,1.524
2024-05-16 00:30:00,o,3.95,1.15,0.65,1.8431143746541072,-0.00019316793757,0.318,-0.00031994313506,2.18,-1.318,1.502
2024-05-16 00:30:00,o,3.95,1.15,0.7,1.8353100008690626,0.0024882533675,0.318,-0.0016965978871,2.18,-1.318,1.696
2024-05-16 00:30:00,o,3.95,1.15,0.75,1.826593053934048,0.0095038845118,0.323,-0.0051625978788,2.15,-1.26,1.795
2024-05-16 00:30:00,o,3.95,1.15,0.8,1.8279763438219805,0.013189545332,0.322,-0.0074202127927,2.16,-1.279,1.833
2024-05-16 00:30:00,o,3.95,1.15,0.85,1.8333256397582285,0.011681122216,0.319,-0.0066884776292,2.17,-1.299,2.396
2024-05-16 00:30:00,o,3.95,1.15,0.9,1.843693620902782,0.013297444419,0.314,-0.0069874598009,2.2,-1.358,1.905
2024-05-16 00:30:00,o,3.95,1.15,0.95,1.8516740936725438,0.011411129255,0.31,-0.0057687669948,2.22,-1.398,1.916
2024-05-16 00:30:00,o,4.0,0.05,0.0,1.9407654356312176,-0.056607841089,0.348,0.034998046689,2.01,-1.001,1.276
2024-05-16 00:30:00,o,4.0,0.05,0.05,1.940601144182706,-0.063479365879,0.348,0.038922577403,2.01,-1.001,1.638
2024-05-16 00:30:00,o,4.0,0.05,0.1,1.9406359990777704,-0.063947592196,0.34,0.038194151466,2.06,-1.09,1.157
2024-05-16 00:30:00,o,4.0,0.05,0.15,1.9406359990777704,-0.063947592196,0.34,0.038194151466,2.06,-1.09,1.157
2024-05-16 00:30:00,o,4.0,0.05,0.2,1.9098287147808732,-0.06044840834,0.34,0.036696224325,2.06,-1.09,1.464
2024-05-16 00:30:00,o,4.0,0.05,0.25,1.9098287147808732,-0.06044840834,0.34,0.036696224325,2.06,-1.09,1.464
2024-05-16 00:30:00,o,4.0,0.05,0.3,1.8814930741849432,-0.052752806838,0.346,0.03287979774,2.02,-1.018,1.494
2024-05-16 00:30:00,o,4.0,0.05,0.35,1.829965968937737,-0.042685525127,0.356,0.027456791542,1.96,-0.914,1.412
2024-05-16 00:30:00,o,4.0,0.05,0.4,1.829965968937737,-0.042685525127,0.356,0.027456791542,1.96,-0.914,1.412
2024-05-16 00:30:00,o,4.0,0.05,0.45,1.829965968937737,-0.042685525127,0.356,0.027456791542,1.96,-0.914,1.412
2024-05-16 00:30:00,o,4.0,0.05,0.5,1.815703901179956,-0.040487073332,0.351,0.025372588392,1.99,-0.966,1.279
2024-05-16 00:30:00,o,4.0,0.05,0.55,1.802267323210414,-0.035567229647,0.351,0.021299115552,1.99,-0.966,1.508
2024-05-16 00:30:00,o,4.0,0.05,0.6,1.8081974643321153,-0.037743529214,0.342,0.021465440899,2.04,-1.054,1.601
2024-05-16 00:30:00,o,4.0,0.05,0.65,1.8081974643321153,-0.037743529214,0.342,0.021465440899,2.04,-1.054,1.601
2024-05-16 00:30:00,o,4.0,0.05,0.7,1.8159096508867747,-0.02442859099,0.329,0.013270720486,2.12,-1.202,1.756
2024-05-16 00:30:00,o,4.0,0.05,0.75,1.8227171408252127,-0.020584171884,0.325,0.010821110134,2.14,-1.24,1.865
2024-05-16 00:30:00,o,4.0,0.05,0.8,1.8254326094155973,-0.01788116297,0.324,0.0098276134032,2.15,-1.26,1.849
2024-05-16 00:30:00,o,4.0,0.05,0.85,1.8332491368106298,-0.014816758593,0.319,0.0072981707662,2.17,-1.299,2.717
2024-05-16 00:30:00,o,4.0,0.05,0.9,1.8380363889433415,-0.013148551688,0.317,0.0069091456546,2.19,-1.338,2.744
2024-05-16 00:30:00,o,4.0,0.05,0.95,1.8481090269365603,-0.015897457394,0.312,0.0084444311811,2.21,-1.378,2.191
2024-05-16 00:30:00,o,4.0,0.1,0.0,1.9407654356312176,-0.056607841089,0.348,0.034998046689,2.01,-1.001,1.276
2024-05-16 00:30:00,o,4.0,0.1,0.95,1.8380363889433415,-0.013148551688,0.317,0.0069091456546,2.19,-1.338,2.744
2024-05-16 00:30:00,o,4.0,0.15,0.0,1.9475709490249122,-0.050396145206,0.344,0.0313475021,2.03,-1.036,1.141
2024-05-16 00:30:00,o,4.0,0.15,0.95,1.8422534216843536,-0.0054425990498,0.315,0.0031065776774,2.2,-1.358,1.85
2024-05-16 00:30:00,o,4.0,0.2,0.0,1.9475709490249122,-0.050396145206,0.344,0.0313475021,2.03,-1.036,1.141
2024-05-16 00:30:00,o,4.0,0.2,0.95,1.8284278671844485,0.011041011492,0.322,-0.0060003447959,2.16,-1.279,1.608
2024-05-16 00:30:00,o,4.0,0.25,0.0,1.9475709490249122,-0.050396145206,0.344,0.0313475021,2.03,-1.036,1.141
2024-05-16 00:30:00,o,4.0,0.25,0.95,1.8284278671844485,0.011041011492,0.322,-0.0060003447959,2.16,-1.279,1.608
2024-05-16 00:30:00,o,4.0,0.3,0.0,1.9445714960284255,-0.040374158632,0.346,0.025594226047,2.02,-1.018,1.196
2024-05-16 00:30:00,o,4.0,0.3,0.95,1.8102661308182812,0.017167537228,0.332,-0.0095059689926,2.1,-1.164,1.547
2024-05-16 00:30:00,o,4.0,0.35,0.0,1.9445714960284255,-0.040374158632,0.346,0.025594226047,2.02,-1.018,1.196
2024-05-16 00:30:00,o,4.0,0.35,0.95,1.8102661308182812,0.017167537228,0.332,-0.0095059689926,2.1,-1.164,1.547
2024-05-16 00:30:00,o,4.0,0.4,0.0,1.9634478116405591,-0.030354218486,0.334,0.018888151815,2.09,-1.146,1.302
2024-05-16 00:30:00,o,4.0,0.4,0.95,1.8102661308182812,0.017167537228,0.332,-0.0095059689926,2.1,-1.164,1.547
2024-05-16 00:30:00,o,4.0,0.45,0.0,1.9703747743371383,-0.016334273727,0.329,0.0096553440312,2.12,-1.202,1.311
2024-05-16 00:30:00,o,4.0,0.45,0.95,1.7859416878296221,0.01505287313,0.346,-0.0083420312104,2.02,-1.018,1.501
2024-05-16 00:30:00,o,4.0,0.5,0.0,1.9703747743371383,-0.016334273727,0.329,0.0096553440312,2.12,-1.202,1.311
2024-05-16 00:30:00,o,4.0,0.5,0.95,1.768319847312058,0.024379137683,0.356,-0.014566151877,1.96,-0.914,1.488
2024-05-16 00:30:00,o,4.0,0.55,0.0,1.9663060292996606,-0.00018300012474,0.332,0.00027418024548,2.1,-1.164,1.26
2024-05-16 00:30:00,o,4.0,0.55,0.95,1.7918449750478418,0.037183265211,0.342,-0.022024436474,2.04,-1.054,1.487
2024-05-16 00:30:00,o,4.0,0.6,0.0,1.9946734183864083,0.0037000160343,0.315,-0.0017930923996,2.2,-1.358,1.312
2024-05-16 00:30:00,o,4.0,0.6,0.95,1.7918449750478418,0.037183265211,0.342,-0.022024436474,2.04,-1.054,1.487
2024-05-16 00:30:00,o,4.0,0.65,0.0,2.0148732072918323,0.0060644539635,0.303,-0.0033404444787,2.27,-1.5,1.382
2024-05-16 00:30:00,o,4.0,0.65,0.95,1.791760804012905,0.038277330227,0.342,-0.022737684243,2.04,-1.054,1.472
2024-05-16 00:30:00,o,4.0,0.7,0.0,2.0148732072918323,0.0060644539635,0.303,-0.0033404444787,2.27,-1.5,1.382
2024-05-16 00:30:00,o,4.0,0.7,0.95,1.800524626699878,0.040071984985,0.337,-0.023539105331,2.07,-1.109,1.514
2024-05-16 00:30:00,o,4.0,0.75,0.0,2.0148732072918323,0.0060644539635,0.303,-0.0033404444787,2.27,-1.5,1.382
2024-05-16 00:30:00,o,4.0,0.75,0.95,1.7913677900080842,0.031171560553,0.342,-0.018692721216,2.04,-1.054,1.499
2024-05-16 00:30:00,o,4.0,0.8,0.0,2.0720586335467095,0.0025052291969,0.272,-0.001260183283,2.43,-1.839,1.55
2024-05-16 00:30:00,o,4.0,0.8,0.95,1.8045414969406337,0.030170537091,0.335,-0.017298099321,2.09,-1.146,1.548
2024-05-16 00:30:00,o,4.0,0.85,0.0,2.0720586335467095,0.0025052291969,0.272,-0.001260183283,2.43,-1.839,1.55
2024-05-16 00:30:00,o,4.0,0.85,0.95,1.8045414969406337,0.030170537091,0.335,-0.017298099321,2.09,-1.146,1.548
2024-05-16 00:30:00,o,4.0,0.9,0.0,2.0720586335467095,0.0025052291969,0.272,-0.001260183283,2.43,-1.839,1.55
2024-05-16 00:30:00,o,4.0,0.9,0.95,1.8279634362541226,0.038961228497,0.322,-0.021837978,2.16,-1.279,1.483
2024-05-16 00:30:00,o,4.0,0.95,0.0,2.037063770378654,-0.0038746421373,0.29,0.0016269859977,2.33,-1.625,1.721
2024-05-16 00:30:00,o,4.0,0.95,0.95,1.8256078472365551,0.029832073078,0.324,-0.015990444409,2.15,-1.26,1.41
2024-05-16 00:30:00,o,4.0,1.0,0.0,2.037063770378654,-0.0038746421373,0.29,0.0016269859977,2.33,-1.625,1.721
2024-05-16 00:30:00,o,4.0,1.0,0.95,1.8256078472365551,0.029832073078,0.324,-0.015990444409,2.15,-1.26,1.41
2024-05-16 00:30:00,o,4.0,1.05,0.0,2.037063770378654,-0.0038746421373,0.29,0.0016269859977,2.33,-1.625,1.721
2024-05-16 00:30:00,o,4.0,1.05,0.95,1.8396854033337025,0.016765807916,0.316,-0.0089992992265,2.19,-1.338,1.771
2024-05-16 00:30:00,o,4.0,1.1,0.0,1.9772387535308862,-0.039205383171,0.325,0.023028275022,2.14,-1.24,2.315
2024-05-16 00:30:00,o,4.0,1.1,0.95,1.834248986707253,0.016617519517,0.319,-0.008867080016,2.17,-1.299,2.736
2024-05-16 00:30:00,o,4.0,1.15,0.0,1.9772387535308862,-0.039205383171,0.325,0.023028275022,2.14,-1.24,2.315
2024-05-16 00:30:00,o,4.0,1.15,0.05,1.973035440686933,-0.024578080612,0.328,0.015139475139,2.12,-1.202,3.034
2024-05-16 00:30:00,o,4.0,1.15,0.1,1.9448378587152098,-0.011743531616,0.346,0.00803342358,2.02,-1.018,2.469
2024-05-16 00:30:00,o,4.0,1.15,0.15,2.027663491268162,0.0021159633049,0.277,-0.00080095345272,2.4,-1.774,2.089
2024-05-16 00:30:00,o,4.0,1.15,0.2,2.027663491268162,0.0021159633049,0.277,-0.00080095345272,2.4,-1.774,2.089
2024-05-16 00:30:00,o,4.0,1.15,0.25,2.0638435522377314,0.00026252462983,0.255,0.00011592222019,2.53,-2.059,2.065
2024-05-16 00:30:00,o,4.0,1.15,0.3,1.9762811835100489,0.013296599193,0.277,-0.0074896323826,2.4,-1.774,1.684
2024-05-16 00:30:00,o,4.0,1.15,0.35,1.9762811835100489,0.013296599193,0.277,-0.0074896323826,2.4,-1.774,1.684
2024-05-16 00:30:00,o,4.0,1.15,0.4,1.936915680945254,0.021705858149,0.29,-0.01191570416,2.33,-1.625,1.732
2024-05-16 00:30:00,o,4.0,1.15,0.45,1.936915680945254,0.021705858149,0.29,-0.01191570416,2.33,-1.625,1.732
2024-05-16 00:30:00,o,4.0,1.15,0.5,1.8891727959826699,0.018300900915,0.306,-0.010841686453,2.24,-1.438,1.615
2024-05-16 00:30:00,o,4.0,1.15,0.55,1.8891727959826699,0.018300900915,0.306,-0.010841686453,2.24,-1.438,1.615
2024-05-16 00:30:00,o,4.0,1.15,0.6,1.8871557579250282,0.0061422076459,0.305,-0.0039459756402,2.25,-1.459,1.524
2024-05-16 00:30:00,o,4.0,1.15,0.65,1.8242820736886753,0.016044084841,0.331,-0.0094400828722,2.11,-1.183,1.416
2024-05-16 00:30:00,o,4.0,1.15,0.7,1.826593053934048,0.0095038845118,0.323,-0.0051625978788,2.15,-1.26,1.795
2024-05-16 00:30:00,o,4.0,1.15,0.75,1.826593053934048,0.0095038845118,0.323,-0.0051625978788,2.15,-1.26,1.795
2024-05-16 00:30:00,o,4.0,1.15,0.8,1.8279763438219805,0.013189545332,0.322,-0.0074202127927,2.16,-1.279,1.833
2024-05-16 00:30:00,o,4.0,1.15,0.85,1.8273111047189967,0.015635579352,0.323,-0.0081273314764,2.15,-1.26,1.985
2024-05-16 00:30:00,o,4.0,1.15,0.9,1.834248986707253,0.016617519517,0.319,-0.008867080016,2.17,-1.299,2.736
2024-05-16 00:30:00,o,4.0,1.15,0.95,1.8339626407846055,0.021029240244,0.319,-0.011436087542,2.17,-1.299,2.194
2024-05-16 00:30:00,o,4.05,0.05,0.0,1.9465013905695876,-0.059468031292,0.344,0.036018908787,2.03,-1.036,1.393
2024-05-16 00:30:00,o,4.05,0.05,0.05,1.9441864612836874,-0.064422225973,0.346,0.039544238403,2.02,-1.018,1.496
2024-05-16 00:30:00,o,4.05,0.05,0.1,1.944314844131478,-0.064583270639,0.344,0.03943475004,2.03,-1.036,1.465
2024-05-16 00:30:00,o,4.05,0.05,0.15,1.9266819280756229,-0.059323518631,0.342,0.035778896379,2.04,-1.054,1.651
2024-05-16 00:30:00,o,4.05,0.05,0.2,1.9196637332610669,-0.05947017961,0.342,0.036539538545,2.04,-1.054,1.39
2024-05-16 00:30:00,o,4.05,0.05,0.25,1.8814930741849432,-0.052752806838,0.346,0.03287979774,2.02,-1.018,1.494
2024-05-16 00:30:00,o,4.05,0.05,0.3,1.8814930741849432,-0.052752806838,0.346,0.03287979774,2.02,-1.018,1.494
2024-05-16 00:30:00,o,4.05,0.05,0.35,1.8329493704419424,-0.042840895489,0.36,0.027727725166,1.93,-0.864,1.515
2024-05-16 00:30:00,o,4.05,0.05,0.4,1.8329493704419424,-0.042840895489,0.36,0.027727725166,1.93,-0.864,1.515
2024-05-16 00:30:00,o,4.05,0.05,0.45,1.8329493704419424,-0.042840895489,0.36,0.027727725166,1.93,-0.864,1.515
2024-05-16 00:30:00,o,4.05,0.05,0.5,1.8048410996116735,-0.032400016689,0.364,0.021362532259,1.9,-0.816,1.443
2024-05-16 00:30:00,o,4.05,0.05,0.55,1.802267323210414,-0.035567229647,0.351,0.021299115552,1.99,-0.966,1.508
2024-05-16 00:30:00,o,4.05,0.05,0.6,1.802267323210414,-0.035567229647,0.351,0.021299115552,1.99,-0.966,1.508
2024-05-16 00:30:00,o,4.05,0.05,0.65,1.808541802244968,-0.027617680854,0.335,0.015131820437,2.09,-1.146,1.57
2024-05-16 00:30:00,o,4.05,0.05,0.7,1.8159096508867747,-0.02442859099,0.329,0.013270720486,2.12,-1.202,1.756
2024-05-16 00:30:00,o,4.05,0.05,0.75,1.8159096508867747,-0.02442859099,0.329,0.013270720486,2.12,-1.202,1.756
2024-05-16 00:30:00,o,4.05,0.05,0.8,1.8254326094155973,-0.01788116297,0.324,0.0098276134032,2.15,-1.26,1.849
2024-05-16 00:30:00,o,4.05,0.05,0.85,1.8294903185385223,-0.019314382513,0.321,0.0096805158576,2.16,-1.279,2.188
2024-05-16 00:30:00,o,4.05,0.05,0.9,1.8437496360126302,-0.018787213643,0.314,0.0097023860284,2.2,-1.358,2.293
2024-05-16 00:30:00,o,4.05,0.05,0.95,1.849382555558318,-0.016473229083,0.311,0.0083756058233,2.22,-1.398,2.064
2024-05-16 00:30:00,o,4.05,0.1,0.0,1.9465013905695876,-0.059468031292,0.344,0.036018908787,2.03,-1.036,1.393
2024-05-16 00:30:00,o,4.05,0.1,0.95,1.8492781068916475,-0.01065237026,0.311,0.0053819174236,2.22,-1.398,1.862
2024-05-16 00:30:00,o,4.05,0.15,0.0,1.9566245843720858,-0.053433559008,0.338,0.032378716941,2.07,-1.109,1.316
2024-05-16 00:30:00,o,4.05,0.15,0.95,1.8492781068916475,-0.01065237026,0.311,0.0053819174236,2.22,-1.398,1.862
2024-05-16 00:30:00,o,4.05,0.2,0.0,1.9566245843720858,-0.053433559008,0.338,0.032378716941,2.07,-1.109,1.316
2024-05-16 00:30:00,o,4.05,0.2,0.95,1.8427776832480518,0.010447634509,0.314,-0.0059578543128,2.2,-1.358,1.566
2024-05-16 00:30:00,o,4.05,0.25,0.0,1.9475709490249122,-0.050396145206,0.344,0.0313475021,2.03,-1.036,1.141
2024-05-16 00:30:00,o,4.05,0.25,0.95,1.8427776832480518,0.010447634509,0.314,-0.0059578543128,2.2,-1.358,1.566
2024-05-16 00:30:00,o,4.05,0.3,0.0,1.9445714960284255,-0.040374158632,0.346,0.025594226047,2.02,-1.018,1.196
2024-05-16 00:30:00,o,4.05,0.3,0.95,1.8102661308182812,0.017167537228,0.332,-0.0095059689926,2.1,-1.164,1.547
2024-05-16 00:30:00,o,4.05,0.35,0.0,1.9634478116405591,-0.030354218486,0.334,0.018888151815,2.09,-1.146,1.302
2024-05-16 00:30:00,o,4.05,0.35,0.95,1.8074200127438413,0.025944686791,0.333,-0.015164506349,2.1,-1.164,1.516
2024-05-16 00:30:00,o,4.05,0.4,0.0,1.9634478116405591,-0.030354218486,0.334,0.018888151815,2.09,-1.146,1.302
2024-05-16 00:30:00,o,4.05,0.4,0.95,1.8074200127438413,0.025944686791,0.333,-0.015164506349,2.1,-1.164,1.516
2024-05-16 00:30:00,o,4.05,0.45,0.0,1.9703747743371383,-0.016334273727,0.329,0.0096553440312,2.12,-1.202,1.311
2024-05-16 00:30:00,o,4.05,0.45,0.95,1.819412311209325,0.038893383429,0.327,-0.021718137805,2.13,-1.221,1.52
2024-05-16 00:30:00,o,4.05,0.5,0.0,1.9703747743371383,-0.016334273727,0.329,0.0096553440312,2.12,-1.202,1.311
2024-05-16 00:30:00,o,4.05,0.5,0.95,1.8161617273011943,0.04522139356,0.329,-0.025311704569,2.12,-1.202,1.49
2024-05-16 00:30:00,o,4.05,0.55,0.0,1.9703747743371383,-0.016334273727,0.329,0.0096553440312,2.12,-1.202,1.311
2024-05-16 00:30:00,o,4.05,0.55,0.95,1.7918449750478418,0.037183265211,0.342,-0.022024436474,2.04,-1.054,1.487
2024-05-16 00:30:00,o,4.05,0.6,0.0,1.9864716540174456,-0.0074933441777,0.319,0.0039847424344,2.17,-1.299,1.373
2024-05-16 00:30:00,o,4.05,0.6,0.95,1.7918449750478418,0.037183265211,0.342,-0.022024436474,2.04,-1.054,1.487
2024-05-16 00:30:00,o,4.05,0.65,0.0,2.0148732072918323,0.0060644539635,0.303,-0.0033404444787,2.27,-1.5,1.382
2024-05-16 00:30:00,o,4.05,0.65,0.95,1.791760804012905,0.038277330227,0.342,-0.022737684243,2.04,-1.054,1.472
2024-05-16 00:30:00,o,4.05,0.7,0.0,2.0148732072918323,0.0060644539635,0.303,-0.0033404444787,2.27,-1.5,1.382
2024-05-16 00:30:00,o,4.05,0.7,0.95,1.800524626699878,0.040071984985,0.337,-0.023539105331,2.07,-1.109,1.514
2024-05-16 00:30:00,o,4.05,0.75,0.0,2.0148732072918323,0.0060644539635,0.303,-0.0033404444787,2.27,-1.5,1.382
2024-05-16 00:30:00,o,4.05,0.75,0.95,1.800524626699878,0.040071984985,0.337,-0.023539105331,2.07,-1.109,1.514
2024-05-16 00:30:00,o,4.05,0.8,0.0,2.0720586335467095,0.0025052291969,0.272,-0.001260183283,2.43,-1.839,1.55
2024-05-16 00:30:00,o,4.05,0.8,0.95,1.8214087086415411,0.040321440795,0.326,-0.022389036006,2.14,-1.24,1.531
2024-05-16 00:30:00,o,4.05,0.85,0.0,2.0720586335467095,0.0025052291969,0.272,-0.001260183283,2.43,-1.839,1.55
2024-05-16 00:30:00,o,4.05,0.85,0.95,1.8214087086415411,0.040321440795,0.326,-0.022389036006,2.14,-1.24,1.531
2024-05-16 00:30:00,o,4.05,0.9,0.0,2.0944396822068274,0.014358208772,0.261,-0.0069014052492,2.49,-1.97,1.62
2024-05-16 00:30:00,o,4.05,0.9,0.95,1.8279634362541226,0.038961228497,0.322,-0.021837978,2.16,-1.279,1.483
2024-05-16 00:30:00,o,4.05,0.95,0.0,2.076520295301169,0.0079226059083,0.27,-0.003751916418,2.44,-1.861,1.777
2024-05-16 00:30:00,o,4.05,0.95,0.95,1.8279634362541226,0.038961228497,0.322,-0.021837978,2.16,-1.279,1.483
2024-05-16 00:30:00,o,4.05,1.0,0.0,2.037063770378654,-0.0038746421373,0.29,0.0016269859977,2.33,-1.625,1.721
2024-05-16 00:30:00,o,4.05,1.0,0.95,1.832151111076709,0.034800459638,0.32,-0.019102066248,2.17,-1.299,1.552
2024-05-16 00:30:00,o,4.05,1.05,0.0,2.037063770378654,-0.0038746421373,0.29,0.0016269859977,2.33,-1.625,1.721
2024-05-16 00:30:00,o,4.05,1.05,0.95,1.8389560776479936,0.024568624313,0.316,-0.013638835463,2.19,-1.338,1.499
2024-05-16 00:30:00,o,4.05,1.1,0.0,1.9574779850019277,-0.0040237901621,0.337,0.0021472807187,2.07,-1.109,1.981
2024-05-16 00:30:00,o,4.05,1.1,0.95,1.8357920006940085,0.024746781782,0.318,-0.013474249326,2.18,-1.318,1.873
2024-05-16 00:30:00,o,4.05,1.15,0.0,1.9574779850019277,-0.0040237901621,0.337,0.0021472807187,2.07,-1.109,1.981
2024-05-16 00:30:00,o,4.05,1.15,0.05,1.9448378587152098,-0.011743531616,0.346,0.00803342358,2.02,-1.018,2.469
2024-05-16 00:30:00,o,4.05,1.15,0.1,1.9003835168182768,-0.00241865473,0.376,0.0020521654921,1.81,-0.678,2.594
2024-05-16 00:30:00,o,4.05,1.15,0.15,1.9541122015475927,0.0094223019337,0.322,-0.0060586602415,2.16,-1.279,2.297
2024-05-16 00:30:00,o,4.05,1.15,0.2,1.9541122015475927,0.0094223019337,0.322,-0.0060586602415,2.16,-1.279,2.297
2024-05-16 00:30:00,o,4.05,1.15,0.25,1.9736957610739154,0.020284030753,0.302,-0.012126026255,2.27,-1.5,2.009
2024-05-16 00:30:00,o,4.05,1.15,0.3,1.9991958111041765,0.019169702185,0.274,-0.0095850382733,2.42,-1.817,1.541
2024-05-16 00:30:00,o,4.05,1.15,0.35,1.9407206350358792,0.029786892183,0.294,-0.016931230242,2.31,-1.583,1.813
2024-05-16 00:30:00,o,4.05,1.15,0.4,1.936915680945254,0.021705858149,0.29,-0.01191570416,2.33,-1.625,1.732
2024-05-16 00:30:00,o,4.05,1.15,0.45,1.936915680945254,0.021705858149,0.29,-0.01191570416,2.33,-1.625,1.732
2024-05-16 00:30:00,o,4.05,1.15,0.5,1.8891727959826699,0.018300900915,0.306,-0.010841686453,2.24,-1.438,1.615
2024-05-16 00:30:00,o,4.05,1.15,0.55,1.8891727959826699,0.018300900915,0.306,-0.010841686453,2.24,-1.438,1.615
2024-05-16 00:30:00,o,4.05,1.15,0.6,1.8451104482507659,0.02867690776,0.33,-0.017832167872,2.11,-1.183,1.617
2024-05-16 00:30:00,o,4.05,1.15,0.65,1.8013145092576468,0.026017244771,0.337,-0.01512026651,2.07,-1.109,1.597
2024-05-16 00:30:00,o,4.05,1.15,0.7,1.8151193058426227,0.016385814027,0.329,-0.0093239290413,2.12,-1.202,1.75
2024-05-16 00:30:00,o,4.05,1.15,0.75,1.8151193058426227,0.016385814027,0.329,-0.0093239290413,2.12,-1.202,1.75
2024-05-16 00:30:00,o,4.05,1.15,0.8,1.8279763438219805,0.013189545332,0.322,-0.0074202127927,2.16,-1.279,1.833
2024-05-16 00:30:00,o,4.05,1.15,0.85,1.8232981281412328,0.020401313197,0.325,-0.010991952171,2.14,-1.24,2.251
2024-05-16 00:30:00,o,4.05,1.15,0.9,1.8285761224579644,0.023646543415,0.322,-0.012859199222,2.16,-1.279,2.316
2024-05-16 00:30:00,o,4.05,1.15,0.95,1.8285761224579644,0.023646543415,0.322,-0.012859199222,2.16,-1.279,2.316
2024-05-16 00:30:00,o,4.1,0.05,0.0,1.9431233768874439,-0.054699703858,0.347,0.034262787519,2.01,-1.001,1.647
2024-05-16 00:30:00,o,4.1,0.05,0.05,1.9465013905695876,-0.059468031292,0.344,0.036018908787,2.03,-1.036,1.393
2024-05-16 00:30:00,o,4.1,0.05,0.1,1.944314844131478,-0.064583270639,0.344,0.03943475004,2.03,-1.036,1.465
2024-05-16 00:30:00,o,4.1,0.05,0.15,1.9266819280756229,-0.059323518631,0.342,0.035778896379,2.04,-1.054,1.651
2024-05-16 00:30:00,o,4.1,0.05,0.2,1.9266819280756229,-0.059323518631,0.342,0.035778896379,2.04,-1.054,1.651
2024-05-16 00:30:00,o,4.1,0.05,0.25,1.8969889244215297,-0.049001288537,0.342,0.030121112114,2.04,-1.054,1.333
2024-05-16 00:30:00,o,4.1,0.05,0.3,1.8764487868783413,-0.047902875566,0.346,0.029831402328,2.02,-1.018,1.426
2024-05-16 00:30:00,o,4.1,0.05,0.35,1.8329493704419424,-0.042840895489,0.36,0.027727725166,1.93,-0.864,1.515
2024-05-16 00:30:00,o,4.1,0.05,0.4,1.8329493704419424,-0.042840895489,0.36,0.027727725166,1.93,-0.864,1.515
2024-05-16 00:30:00,o,4.1,0.05,0.45,1.8129935266855846,-0.034856646779,0.366,0.023695237117,1.88,-0.784,1.58
2024-05-16 00:30:00,o,4.1,0.05,0.5,1.8048410996116735,-0.032400016689,0.364,0.021362532259,1.9,-0.816,1.443
2024-05-16 00:30:00,o,4.1,0.05,0.55,1.7929237244567073,-0.029878328172,0.362,0.019785951844,1.92,-0.848,1.594
2024-05-16 00:30:00,o,4.1,0.05,0.6,1.7929237244567073,-0.029878328172,0.362,0.019785951844,1.92,-0.848,1.594
2024-05-16 00:30:00,o,4.1,0.05,0.65,1.7994094796151268,-0.024911645236,0.345,0.01494833523,2.02,-1.018,1.437
2024-05-16 00:30:00,o,4.1,0.05,0.7,1.8151458954363677,-0.018708521069,0.329,0.0098514003132,2.12,-1.202,1.756
2024-05-16 00:30:00,o,4.1,0.05,0.75,1.8151458954363677,-0.018708521069,0.329,0.0098514003132,2.12,-1.202,1.756
2024-05-16 00:30:00,o,4.1,0.05,0.8,1.8272141401777684,-0.019129158439,0.323,0.010404871416,2.15,-1.26,2.061
2024-05-16 00:30:00,o,4.1,0.05,0.85,1.8324131018851169,-0.021710680216,0.32,0.011419426863,2.17,-1.299,2.323
2024-05-16 00:30:00,o,4.1,0.05,0.9,1.8437496360126302,-0.018787213643,0.314,0.0097023860284,2.2,-1.358,2.293
2024-05-16 00:30:00,o,4.1,0.05,0.95,1.8460029108959963,-0.019805554025,0.313,0.010351814662,2.21,-1.378,2.39
2024-05-16 00:30:00,o,4.1,0.1,0.0,1.9465013905695876,-0.059468031292,0.344,0.036018908787,2.03,-1.036,1.393
2024-05-16 00:30:00,o,4.1,0.1,0.95,1.8492781068916475,-0.01065237026,0.311,0.0053819174236,2.22,-1.398,1.862
2024-05-16 00:30:00,o,4.1,0.15,0.0,1.9566245843720858,-0.053433559008,0.338,0.032378716941,2.07,-1.109,1.316
2024-05-16 00:30:00,o,4.1,0.15,0.95,1.855500983970402,0.0088793846088,0.308,-0.0044506349742,2.23,-1.418,1.582
2024-05-16 00:30:00,o,4.1,0.2,0.0,1.9566245843720858,-0.053433559008,0.338,0.032378716941,2.07,-1.109,1.316
2024-05-16 00:30:00,o,4.1,0.2,0.95,1.855500983970402,0.0088793846088,0.308,-0.0044506349742,2.23,-1.418,1.582
2024-05-16 00:30:00,o,4.1,0.25,0.0,1.966216847450493,-0.046860648501,0.332,0.028109724173,2.1,-1.164,1.398
2024-05-16 00:30:00,o,4.1,0.25,0.95,1.8427776832480518,0.010447634509,0.314,-0.0059578543128,2.2,-1.358,1.566
2024-05-16 00:30:00,o,4.1,0.3,0.0,1.9723833710512502,-0.039812479696,0.328,0.023605289277,2.12,-1.202,1.406
2024-05-16 00:30:00,o,4.1,0.3,0.95,1.8325408449500582,0.025933572612,0.32,-0.013927185785,2.17,-1.299,1.502
2024-05-16 00:30:00,o,4.1,0.35,0.0,1.9634478116405591,-0.030354218486,0.334,0.018888151815,2.09,-1.146,1.302
2024-05-16 00:30:00,o,4.1,0.35,0.95,1.819412311209325,0.038893383429,0.327,-0.021718137805,2.13,-1.221,1.52
2024-05-16 00:30:00,o,4.1,0.4,0.0,1.9634478116405591,-0.030354218486,0.334,0.018888151815,2.09,-1.146,1.302
2024-05-16 00:30:00,o,4.1,0.4,0.95,1.819412311209325,0.038893383429,0.327,-0.021718137805,2.13,-1.221,1.52
2024-05-16 00:30:00,o,4.1,0.45,0.0,1.9703747743371383,-0.016334273727,0.329,0.0096553440312,2.12,-1.202,1.311
2024-05-16 00:30:00,o,4.1,0.45,0.95,1.819412311209325,0.038893383429,0.327,-0.021718137805,2.13,-1.221,1.52
2024-05-16 00:30:00,o,4.1,0.5,0.0,1.9703747743371383,-0.016334273727,0.329,0.0096553440312,2.12,-1.202,1.311
2024-05-16 00:30:00,o,4.1,0.5,0.95,1.8161617273011943,0.04522139356,0.329,-0.025311704569,2.12,-1.202,1.49
2024-05-16 00:30:00,o,4.1,0.55,0.0,1.9864716540174456,-0.0074933441777,0.319,0.0039847424344,2.17,-1.299,1.373
2024-05-16 00:30:00,o,4.1,0.55,0.95,1.8161617273011943,0.04522139356,0.329,-0.025311704569,2.12,-1.202,1.49
2024-05-16 00:30:00,o,4.1,0.6,0.0,1.9864716540174456,-0.0074933441777,0.319,0.0039847424344,2.17,-1.299,1.373
2024-05-16 00:30:00,o,4.1,0.6,0.95,1.7918449750478418,0.037183265211,0.342,-0.022024436474,2.04,-1.054,1.487
2024-05-16 00:30:00,o,4.1,0.65,0.0,2.009263879439996,0.0099636570281,0.306,-0.0058693863706,2.24,-1.438,1.438
2024-05-16 00:30:00,o,4.1,0.65,0.95,1.791760804012905,0.038277330227,0.342,-0.022737684243,2.04,-1.054,1.472
2024-05-16 00:30:00,o,4.1,0.7,0.0,2.009263879439996,0.0099636570281,0.306,-0.0058693863706,2.24,-1.438,1.438
2024-05-16 00:30:00,o,4.1,0.7,0.95,1.8173934686253965,0.048548257562,0.328,-0.027547092775,2.12,-1.202,1.504
2024-05-16 00:30:00,o,4.1,0.75,0.0,2.0148732072918323,0.0060644539635,0.303,-0.0033404444787,2.27,-1.5,1.382
2024-05-16 00:30:00,o,4.1,0.75,0.95,1.8173934686253965,0.048548257562,0.328,-0.027547092775,2.12,-1.202,1.504
2024-05-16 00:30:00,o,4.1,0.8,0.0,2.0944396822068274,0.014358208772,0.261,-0.0069014052492,2.49,-1.97,1.62
2024-05-16 00:30:00,o,4.1,0.8,0.95,1.8274662029687245,0.05008288471,0.323,-0.027539434221,2.15,-1.26,1.536
2024-05-16 00:30:00,o,4.1,0.85,0.0,2.0944396822068274,0.014358208772,0.261,-0.0069014052492,2.49,-1.97,1.62
2024-05-16 00:30:00,o,4.1,0.85,0.95,1.8274662029687245,0.05008288471,0.323,-0.027539434221,2.15,-1.26,1.536
2024-05-16 00:30:00,o,4.1,0.9,0.0,2.0944396822068274,0.014358208772,0.261,-0.0069014052492,2.49,-1.97,1.62
2024-05-16 00:30:00,o,4.1,0.9,0.95,1.8279634362541226,0.038961228497,0.322,-0.021837978,2.16,-1.279,1.483
2024-05-16 00:30:00,o,4.1,0.95,0.0,2.076520295301169,0.0079226059083,0.27,-0.003751916418,2.44,-1.861,1.777
2024-05-16 00:30:00,o,4.1,0.95,0.95,1.8279634362541226,0.038961228497,0.322,-0.021837978,2.16,-1.279,1.483
2024-05-16 00:30:00,o,4.1,1.0,0.0,2.076520295301169,0.0079226059083,0.27,-0.003751916418,2.44,-1.861,1.777
2024-05-16 00:30:00,o,4.1,1.0,0.95,1.837304286407038,0.032497222146,0.317,-0.017927362016,2.19,-1.338,1.547
2024-05-16 00:30:00,o,4.1,1.05,0.0,2.037063770378654,-0.0038746421373,0.29,0.0016269859977,2.33,-1.625,1.721
2024-05-16 00:30:00,o,4.1,1.05,0.95,1.8343253137447937,0.037556770842,0.319,-0.02043015918,2.17,-1.299,1.504
2024-05-16 00:30:00,o,4.1,1.1,0.0,1.9574779850019277,-0.0040237901621,0.337,0.0021472807187,2.07,-1.109,1.981
2024-05-16 00:30:00,o,4.1,1.1,0.95,1.8314858392486575,0.028664241613,0.32,-0.016033940274,2.17,-1.299,2.108
2024-05-16 00:30:00,o,4.1,1.15,0.0,1.8877354213707793,0.0066647571408,0.385,-0.0045520750353,1.73,-0.565,2.366
2024-05-16 00:30:00,o,4.1,1.15,0.05,1.8984179960693532,0.0022832609139,0.377,-0.0016677111433,1.81,-0.678,2.296
2024-05-16 00:30:00,o,4.1,1.15,0.1,1.8984179960693532,0.0022832609139,0.377,-0.0016677111433,1.81,-0.678,2.296
2024-05-16 00:30:00,o,4.1,1.15,0.15,1.9736957610739154,0.020284030753,0.302,-0.012126026255,2.27,-1.5,2.009
2024-05-16 00:30:00,o,4.1,1.15,0.2,1.9736957610739154,0.020284030753,0.302,-0.012126026255,2.27,-1.5,2.009
2024-05-16 00:30:00,o,4.1,1.15,0.25,1.9998219027499882,0.02308228833,0.283,-0.012849359786,2.38,-1.731,2.002
2024-05-16 00:30:00,o,4.1,1.15,0.3,1.9705839530359663,0.028367488677,0.286,-0.015599608251,2.35,-1.667,1.655
2024-05-16 00:30:00,o,4.1,1.15,0.35,1.9407206350358792,0.029786892183,0.294,-0.016931230242,2.31,-1.583,1.813
2024-05-16 00:30:00,o,4.1,1.15,0.4,1.9407206350358792,0.029786892183,0.294,-0.016931230242,2.31,-1.583,1.813
2024-05-16 00:30:00,o,4.1,1.15,0.45,1.9407206350358792,0.029786892183,0.294,-0.016931230242,2.31,-1.583,1.813
2024-05-16 00:30:00,o,4.1,1.15,0.5,1.8451104482507659,0.02867690776,0.33,-0.017832167872,2.11,-1.183,1.617
2024-05-16 00:30:00,o,4.1,1.15,0.55,1.8451104482507659,0.02867690776,0.33,-0.017832167872,2.11,-1.183,1.617
2024-05-16 00:30:00,o,4.1,1.15,0.6,1.8207267628238342,0.032056484615,0.339,-0.020174079213,2.06,-1.09,1.698
2024-05-16 00:30:00,o,4.1,1.15,0.65,1.8013145092576468,0.026017244771,0.337,-0.01512026651,2.07,-1.109,1.597
2024-05-16 00:30:00,o,4.1,1.15,0.7,1.8005315014393914,0.021454743019,0.337,-0.012554633339,2.07,-1.109,1.749
2024-05-16 00:30:00,o,4.1,1.15,0.75,1.8005315014393914,0.021454743019,0.337,-0.012554633339,2.07,-1.109,1.749
2024-05-16 00:30:00,o,4.1,1.15,0.8,1.8182588934606265,0.023366715791,0.328,-0.012489894329,2.12,-1.202,1.853
2024-05-16 00:30:00,o,4.1,1.15,0.85,1.8182588934606265,0.023366715791,0.328,-0.012489894329,2.12,-1.202,1.853
2024-05-16 00:30:00,o,4.1,1.15,0.9,1.8314858392486575,0.028664241613,0.32,-0.016033940274,2.17,-1.299,2.108
2024-05-16 00:30:00,o,4.1,1.15,0.95,1.8314858392486575,0.028664241613,0.32,-0.016033940274,2.17,-1.299,2.108
2024-05-16 00:30:00,o,4.15,0.05,0.0,1.9431233768874439,-0.054699703858,0.347,0.034262787519,2.01,-1.001,1.647
2024-05-16 00:30:00,o,4.15,0.05,0.05,1.9431233768874439,-0.054699703858,0.347,0.034262787519,2.01,-1.001,1.647
2024-05-16 00:30:00,o,4.15,0.05,0.1,1.9469776203153537,-0.04966537104,0.343,0.030744785757,2.04,-1.054,2.284
2024-05-16 00:30:00,o,4.15,0.05,0.15,1.9128594751623549,-0.049358280913,0.346,0.030812425976,2.02,-1.018,1.807
2024-05-16 00:30:00,o,4.15,0.05,0.2,1.9128594751623549,-0.049358280913,0.346,0.030812425976,2.02,-1.018,1.807
2024-05-16 00:30:00,o,4.15,0.05,0.25,1.8905719057269867,-0.044552286553,0.347,0.028069315617,2.01,-1.001,1.607
2024-05-16 00:30:00,o,4.15,0.05,0.3,1.867160957549899,-0.041677786816,0.352,0.026445407951,1.98,-0.948,1.673
2024-05-16 00:30:00,o,4.15,0.05,0.35,1.8373485000151875,-0.031965375765,0.366,0.021215567195,1.88,-0.784,1.719
2024-05-16 00:30:00,o,4.15,0.05,0.4,1.8129935266855846,-0.034856646779,0.366,0.023695237117,1.88,-0.784,1.58
2024-05-16 00:30:00,o,4.15,0.05,0.45,1.8129935266855846,-0.034856646779,0.366,0.023695237117,1.88,-0.784,1.58
2024-05-16 00:30:00,o,4.15,0.05,0.5,1.8048410996116735,-0.032400016689,0.364,0.021362532259,1.9,-0.816,1.443
2024-05-16 00:30:00,o,4.15,0.05,0.55,1.7929237244567073,-0.029878328172,0.362,0.019785951844,1.92,-0.848,1.594
2024-05-16 00:30:00,o,4.15,0.05,0.6,1.779906590865361,-0.015438045815,0.368,0.0098678790995,1.87,-0.768,1.524
2024-05-16 00:30:00,o,4.15,0.05,0.65,1.7680828557231396,0.0081733839423,0.363,-0.0048013708479,1.91,-0.832,1.455
2024-05-16 00:30:00,o,4.15,0.05,0.7,1.7891716058999008,0.0082137678478,0.344,-0.0044639560274,2.03,-1.036,1.825
2024-05-16 00:30:00,o,4.15,0.05,0.75,1.815750369312116,-0.014793392157,0.329,0.0080912319956,2.12,-1.202,1.832
2024-05-16 00:30:00,o,4.15,0.05,0.8,1.8272141401777684,-0.019129158439,0.323,0.010404871416,2.15,-1.26,2.061
2024-05-16 00:30:00,o,4.15,0.05,0.85,1.8272141401777684,-0.019129158439,0.323,0.010404871416,2.15,-1.26,2.061
2024-05-16 00:30:00,o,4.15,0.05,0.9,1.8452097013823283,-0.013056729642,0.313,0.0065358649312,2.21,-1.378,2.746
2024-05-16 00:30:00,o,4.15,0.05,0.95,1.8477515220205423,-0.016688357385,0.312,0.008662914506,2.21,-1.378,2.227
2024-05-16 00:30:00,o,4.15,0.1,0.0,1.9431233768874439,-0.054699703858,0.347,0.034262787519,2.01,-1.001,1.647
2024-05-16 00:30:00,o,4.15,0.1,0.95,1.8452097013823283,-0.013056729642,0.313,0.0065358649312,2.21,-1.378,2.746
2024-05-16 00:30:00,o,4.15,0.15,0.0,1.966216847450493,-0.046860648501,0.332,0.028109724173,2.1,-1.164,1.398
2024-05-16 00:30:00,o,4.15,0.15,0.95,1.8617971780792284,0.026284164711,0.305,-0.013270410593,2.25,-1.459,1.67
2024-05-16 00:30:00,o,4.15,0.2,0.0,1.966216847450493,-0.046860648501,0.332,0.028109724173,2.1,-1.164,1.398
2024-05-16 00:30:00,o,4.15,0.2,0.95,1.8617971780792284,0.026284164711,0.305,-0.013270410593,2.25,-1.459,1.67
2024-05-16 00:30:00,o,4.15,0.25,0.0,1.966216847450493,-0.046860648501,0.332,0.028109724173,2.1,-1.164,1.398
2024-05-16 00:30:00,o,4.15,0.25,0.95,1.8521626963925886,0.036943687966,0.31,-0.019183761584,2.22,-1.398,1.58
2024-05-16 00:30:00,o,4.15,0.3,0.0,1.9723833710512502,-0.039812479696,0.328,0.023605289277,2.12,-1.202,1.406
2024-05-16 00:30:00,o,4.15,0.3,0.95,1.848872362059949,0.045292350269,0.311,-0.024610815491,2.22,-1.398,1.486
2024-05-16 00:30:00,o,4.15,0.35,0.0,1.9723833710512502,-0.039812479696,0.328,0.023605289277,2.12,-1.202,1.406
2024-05-16 00:30:00,o,4.15,0.35,0.95,1.8528884774602354,0.052996792803,0.309,-0.028673577313,2.23,-1.418,1.546
2024-05-16 00:30:00,o,4.15,0.4,0.0,1.9723833710512502,-0.039812479696,0.328,0.023605289277,2.12,-1.202,1.406
2024-05-16 00:30:00,o,4.15,0.4,0.95,1.8377525301463975,0.049372014827,0.317,-0.027193286979,2.19,-1.338,1.532
2024-05-16 00:30:00,o,4.15,0.45,0.0,1.9864716540174456,-0.0074933441777,0.319,0.0039847424344,2.17,-1.299,1.373
2024-05-16 00:30:00,o,4.15,0.45,0.95,1.8377525301463975,0.049372014827,0.317,-0.027193286979,2.19,-1.338,1.532
2024-05-16 00:30:00,o,4.15,0.5,0.0,1.9864716540174456,-0.0074933441777,0.319,0.0039847424344,2.17,-1.299,1.373
2024-05-16 00:30:00,o,4.15,0.5,0.95,1.8351957646205885,0.052128721655,0.318,-0.029245055061,2.18,-1.318,1.497
2024-05-16 00:30:00,o,4.15,0.55,0.0,1.9864716540174456,-0.0074933441777,0.319,0.0039847424344,2.17,-1.299,1.373
2024-05-16 00:30:00,o,4.15,0.55,0.95,1.8351957646205885,0.052128721655,0.318,-0.029245055061,2.18,-1.318,1.497
2024-05-16 00:30:00,o,4.15,0.6,0.0,1.9864716540174456,-0.0074933441777,0.319,0.0039847424344,2.17,-1.299,1.373
2024-05-16 00:30:00,o,4.15,0.6,0.95,1.8147069588303593,0.04807107252,0.329,-0.027854486533,2.12,-1.202,1.464
2024-05-16 00:30:00,o,4.15,0.65,0.0,2.009263879439996,0.0099636570281,0.306,-0.0058693863706,2.24,-1.438,1.438
2024-05-16 00:30:00,o,4.15,0.65,0.95,1.8147069588303593,0.04807107252,0.329,-0.027854486533,2.12,-1.202,1.464
2024-05-16 00:30:00,o,4.15,0.7,0.0,2.009263879439996,0.0099636570281,0.306,-0.0058693863706,2.24,-1.438,1.438
2024-05-16 00:30:00,o,4.15,0.7,0.95,1.8354622691398574,0.05810070458,0.318,-0.032552102871,2.18,-1.318,1.502
2024-05-16 00:30:00,o,4.15,0.75,0.0,2.05551975989212,0.020630724565,0.281,-0.010673463154,2.39,-1.752,1.497
2024-05-16 00:30:00,o,4.15,0.75,0.95,1.8354622691398574,0.05810070458,0.318,-0.032552102871,2.18,-1.318,1.502
2024-05-16 00:30:00,o,4.15,0.8,0.0,2.08547610402901,0.023432150866,0.265,-0.012147858914,2.47,-1.926,1.608
2024-05-16 00:30:00,o,4.15,0.8,0.95,1.8386035505448037,0.05958457863,0.317,-0.032588192786,2.19,-1.338,1.551
2024-05-16 00:30:00,o,4.15,0.85,0.0,2.0944396822068274,0.014358208772,0.261,-0.0069014052492,2.49,-1.97,1.62
2024-05-16 00:30:00,o,4.15,0.85,0.95,1.8274662029687245,0.05008288471,0.323,-0.027539434221,2.15,-1.26,1.536
2024-05-16 00:30:00,o,4.15,0.9,0.0,2.0944396822068274,0.014358208772,0.261,-0.0069014052492,2.49,-1.97,1.62
2024-05-16 00:30:00,o,4.15,0.9,0.95,1.8256467793740274,0.048401252951,0.324,-0.026619687455,2.15,-1.26,1.48
2024-05-16 00:30:00,o,4.15,0.95,0.0,2.076520295301169,0.0079226059083,0.27,-0.003751916418,2.44,-1.861,1.777
2024-05-16 00:30:00,o,4.15,0.95,0.95,1.8279634362541226,0.038961228497,0.322,-0.021837978,2.16,-1.279,1.483
2024-05-16 00:30:00,o,4.15,1.0,0.0,2.076520295301169,0.0079226059083,0.27,-0.003751916418,2.44,-1.861,1.777
2024-05-16 00:30:00,o,4.15,1.0,0.95,1.8343253137447937,0.037556770842,0.319,-0.02043015918,2.17,-1.299,1.504
2024-05-16 00:30:00,o,4.15,1.05,0.0,2.1032117196558335,0.021648398675,0.256,-0.011155630631,2.53,-2.059,1.765
2024-05-16 00:30:00,o,4.15,1.05,0.95,1.834465211816196,0.051376699061,0.319,-0.028232669703,2.17,-1.299,1.58
2024-05-16 00:30:00,o,4.15,1.1,0.0,1.8877354213707793,0.0066647571408,0.385,-0.0045520750353,1.73,-0.565,2.366
2024-05-16 00:30:00,o,4.15,1.1,0.95,1.8229326537641668,0.036827476869,0.325,-0.020496819716,2.14,-1.24,2.656
2024-05-16 00:30:00,o,4.15,1.15,0.0,1.8877354213707793,0.0066647571408,0.385,-0.0045520750353,1.73,-0.565,2.366
2024-05-16 00:30:00,o,4.15,1.15,0.05,1.8877354213707793,0.0066647571408,0.385,-0.0045520750353,1.73,-0.565,2.366
2024-05-16 00:30:00,o,4.15,1.15,0.1,1.8998697269715656,0.010511990083,0.376,-0.007526200356,1.81,-0.678,2.828
2024-05-16 00:30:00,o,4.15,1.15,0.15,1.9551391251844545,0.023772801622,0.318,-0.014322493021,2.18,-1.318,2.052
2024-05-16 00:30:00,o,4.15,1.15,0.2,1.9551391251844545,0.023772801622,0.318,-0.014322493021,2.18,-1.318,2.052
2024-05-16 00:30:00,o,4.15,1.15,0.25,1.9551391251844545,0.023772801622,0.318,-0.014322493021,2.18,-1.318,2.052
2024-05-16 00:30:00,o,4.15,1.15,0.3,1.9705839530359663,0.028367488677,0.286,-0.015599608251,2.35,-1.667,1.655
2024-05-16 00:30:00,o,4.15,1.15,0.35,1.9407206350358792,0.029786892183,0.294,-0.016931230242,2.31,-1.583,1.813
2024-05-16 00:30:00,o,4.15,1.15,0.4,1.9092242984179895,0.036188668653,0.307,-0.021304708732,2.24,-1.438,1.804
2024-05-16 00:30:00,o,4.15,1.15,0.45,1.9092242984179895,0.036188668653,0.307,-0.021304708732,2.24,-1.438,1.804
2024-05-16 00:30:00,o,4.15,1.15,0.5,1.8613790645570873,0.036934300854,0.325,-0.024052749067,2.14,-1.24,1.61
2024-05-16 00:30:00,o,4.15,1.15,0.55,1.8207267628238342,0.032056484615,0.339,-0.020174079213,2.06,-1.09,1.698
2024-05-16 00:30:00,o,4.15,1.15,0.6,1.8207267628238342,0.032056484615,0.339,-0.020174079213,2.06,-1.09,1.698
2024-05-16 00:30:00,o,4.15,1.15,0.65,1.8013145092576468,0.026017244771,0.337,-0.01512026651,2.07,-1.109,1.597
2024-05-16 00:30:00,o,4.15,1.15,0.7,1.8005315014393914,0.021454743019,0.337,-0.012554633339,2.07,-1.109,1.749
2024-05-16 00:30:00,o,4.15,1.15,0.75,1.789524306620882,0.0284312958,0.344,-0.016155747611,2.03,-1.036,1.8
2024-05-16 00:30:00,o,4.15,1.15,0.8,1.8008613610234463,0.026621848446,0.337,-0.015375041017,2.07,-1.109,1.903
2024-05-16 00:30:00,o,4.15,1.15,0.85,1.8008613610234463,0.026621848446,0.337,-0.015375041017,2.07,-1.109,1.903
2024-05-16 00:30:00,o,4.15,1.15,0.9,1.8229326537641668,0.036827476869,0.325,-0.020496819716,2.14,-1.24,2.656
2024-05-16 00:30:00,o,4.15,1.15,0.95,1.828227964748957,0.041817299374,0.322,-0.023321520026,2.16,-1.279,2.659
2024-05-16 00:30:00,o,4.2,0.05,0.0,1.9165013235457253,-0.046738569596,0.364,0.030240374769,1.9,-0.816,1.756
2024-05-16 00:30:00,o,4.2,0.05,0.05,1.930857376705701,-0.048659130358,0.355,0.031305059005,1.97,-0.931,2.175
2024-05-16 00:30:00,o,4.2,0.05,0.1,1.9469776203153537,-0.04966537104,0.343,0.030744785757,2.04,-1.054,2.284
2024-05-16 00:30:00,o,4.2,0.05,0.15,1.919857030499694,-0.044228092374,0.347,0.027275303746,2.01,-1.001,2.418
2024-05-16 00:30:00,o,4.2,0.05,0.2,1.919857030499694,-0.044228092374,0.347,0.027275303746,2.01,-1.001,2.418
2024-05-16 00:30:00,o,4.2,0.05,0.25,1.8905719057269867,-0.044552286553,0.347,0.028069315617,2.01,-1.001,1.607
2024-05-16 00:30:00,o,4.2,0.05,0.3,1.8373485000151875,-0.031965375765,0.366,0.021215567195,1.88,-0.784,1.719
2024-05-16 00:30:00,o,4.2,0.05,0.35,1.8373485000151875,-0.031965375765,0.366,0.021215567195,1.88,-0.784,1.719
2024-05-16 00:30:00,o,4.2,0.05,0.4,1.8081164039544948,-0.02748539755,0.375,0.019273637785,1.82,-0.692,1.613
2024-05-16 00:30:00,o,4.2,0.05,0.45,1.8081164039544948,-0.02748539755,0.375,0.019273637785,1.82,-0.692,1.613
2024-05-16 00:30:00,o,4.2,0.05,0.5,1.7900246500004724,-0.018260612671,0.372,0.012782275302,1.84,-0.722,1.367
2024-05-16 00:30:00,o,4.2,0.05,0.55,1.7643853805186394,-0.0035567002349,0.375,0.0027988238246,1.82,-0.692,1.588
2024-05-16 00:30:00,o,4.2,0.05,0.6,1.7643853805186394,-0.0035567002349,0.375,0.0027988238246,1.82,-0.692,1.588
2024-05-16 00:30:00,o,4.2,0.05,0.65,1.7662864073695517,0.0096502991237,0.36,-0.0060413246323,1.93,-0.864,1.594
2024-05-16 00:30:00,o,4.2,0.05,0.7,1.7891716058999008,0.0082137678478,0.344,-0.0044639560274,2.03,-1.036,1.825
2024-05-16 00:30:00,o,4.2,0.05,0.75,1.803381995326486,-0.0009142183308,0.336,0.0007882696065,2.08,-1.127,1.912
2024-05-16 00:30:00,o,4.2,0.05,0.8,1.8074200127438413,0.0072323816603,0.333,-0.0045075972674,2.1,-1.164,2.062
2024-05-16 00:30:00,o,4.2,0.05,0.85,1.8307041230666934,-0.01292725035,0.321,0.0069933383181,2.16,-1.279,2.715
2024-05-16 00:30:00,o,4.2,0.05,0.9,1.8452097013823283,-0.013056729642,0.313,0.0065358649312,2.21,-1.378,2.746
2024-05-16 00:30:00,o,4.2,0.05,0.95,1.843898974327243,-0.0079706264025,0.314,0.0042616540514,2.2,-1.358,2.742
2024-05-16 00:30:00,o,4.2,0.1,0.0,1.9165013235457253,-0.046738569596,0.364,0.030240374769,1.9,-0.816,1.756
2024-05-16 00:30:00,o,4.2,0.1,0.95,1.8516252031533091,0.014877129283,0.31,-0.0076180443453,2.22,-1.398,2.181
2024-05-16 00:30:00,o,4.2,0.15,0.0,1.9527827596700986,-0.044236460144,0.34,0.026789502052,2.06,-1.09,1.516
2024-05-16 00:30:00,o,4.2,0.15,0.95,1.8600024219010978,0.027525443787,0.306,-0.013879763335,2.24,-1.438,1.689
2024-05-16 00:30:00,o,4.2,0.2,0.0,1.966216847450493,-0.046860648501,0.332,0.028109724173,2.1,-1.164,1.398
2024-05-16 00:30:00,o,4.2,0.2,0.95,1.8617971780792284,0.026284164711,0.305,-0.013270410593,2.25,-1.459,1.67
2024-05-16 00:30:00,o,4.2,0.25,0.0,1.966216847450493,-0.046860648501,0.332,0.028109724173,2.1,-1.164,1.398
2024-05-16 00:30:00,o,4.2,0.25,0.95,1.8521626963925886,0.036943687966,0.31,-0.019183761584,2.22,-1.398,1.58
2024-05-16 00:30:00,o,4.2,0.3,0.0,1.9723833710512502,-0.039812479696,0.328,0.023605289277,2.12,-1.202,1.406
2024-05-16 00:30:00,o,4.2,0.3,0.95,1.848872362059949,0.045292350269,0.311,-0.024610815491,2.22,-1.398,1.486
2024-05-16 00:30:00,o,4.2,0.35,0.0,1.9723833710512502,-0.039812479696,0.328,0.023605289277,2.12,-1.202,1.406
2024-05-16 00:30:00,o,4.2,0.35,0.95,1.8528884774602354,0.052996792803,0.309,-0.028673577313,2.23,-1.418,1.546
2024-05-16 00:30:00,o,4.2,0.4,0.0,1.9870089643849569,-0.023481802399,0.319,0.013627345585,2.17,-1.299,1.422
2024-05-16 00:30:00,o,4.2,0.4,0.95,1.8528884774602354,0.052996792803,0.309,-0.028673577313,2.23,-1.418,1.546
2024-05-16 00:30:00,o,4.2,0.45,0.0,1.9920451444588827,-0.010272137802,0.316,0.0058956719742,2.19,-1.338,1.415
2024-05-16 00:30:00,o,4.2,0.45,0.95,1.8377525301463975,0.049372014827,0.317,-0.027193286979,2.19,-1.338,1.532
2024-05-16 00:30:00,o,4.2,0.5,0.0,1.9920451444588827,-0.010272137802,0.316,0.0058956719742,2.19,-1.338,1.415
2024-05-16 00:30:00,o,4.2,0.5,0.95,1.8351957646205885,0.052128721655,0.318,-0.029245055061,2.18,-1.318,1.497
2024-05-16 00:30:00,o,4.2,0.55,0.0,1.9920451444588827,-0.010272137802,0.316,0.0058956719742,2.19,-1.338,1.415
2024-05-16 00:30:00,o,4.2,0.55,0.95,1.8460586289641854,0.058329017786,0.313,-0.03156568445,2.21,-1.378,1.501
2024-05-16 00:30:00,o,4.2,0.6,0.0,1.9864716540174456,-0.0074933441777,0.319,0.0039847424344,2.17,-1.299,1.373
2024-05-16 00:30:00,o,4.2,0.6,0.95,1.8357793233392121,0.057830791018,0.318,-0.032210432316,2.18,-1.318,1.47
2024-05-16 00:30:00,o,4.2,0.65,0.0,2.009263879439996,0.0099636570281,0.306,-0.0058693863706,2.24,-1.438,1.438
2024-05-16 00:30:00,o,4.2,0.65,0.95,1.8436811721193864,0.062816835136,0.314,-0.034518088844,2.2,-1.358,1.504
2024-05-16 00:30:00,o,4.2,0.7,0.0,2.05551975989212,0.020630724565,0.281,-0.010673463154,2.39,-1.752,1.497
2024-05-16 00:30:00,o,4.2,0.7,0.95,1.8436811721193864,0.062816835136,0.314,-0.034518088844,2.2,-1.358,1.504
2024-05-16 00:30:00,o,4.2,0.75,0.0,2.05551975989212,0.020630724565,0.281,-0.010673463154,2.39,-1.752,1.497
2024-05-16 00:30:00,o,4.2,0.75,0.95,1.8354622691398574,0.05810070458,0.318,-0.032552102871,2.18,-1.318,1.502
2024-05-16 00:30:00,o,4.2,0.8,0.0,2.08547610402901,0.023432150866,0.265,-0.012147858914,2.47,-1.926,1.608
2024-05-16 00:30:00,o,4.2,0.8,0.95,1.8386035505448037,0.05958457863,0.317,-0.032588192786,2.19,-1.338,1.551
2024-05-16 00:30:00,o,4.2,0.85,0.0,2.08547610402901,0.023432150866,0.265,-0.012147858914,2.47,-1.926,1.608
2024-05-16 00:30:00,o,4.2,0.85,0.95,1.843799421156841,0.066923973347,0.314,-0.036835320967,2.2,-1.358,1.522
2024-05-16 00:30:00,o,4.2,0.9,0.0,2.08547610402901,0.023432150866,0.265,-0.012147858914,2.47,-1.926,1.608
2024-05-16 00:30:00,o,4.2,0.9,0.95,1.8295803464165197,0.060070093395,0.321,-0.034154485137,2.16,-1.279,1.489
2024-05-16 00:30:00,o,4.2,0.95,0.0,2.1032117196558335,0.021648398675,0.256,-0.011155630631,2.53,-2.059,1.765
2024-05-16 00:30:00,o,4.2,0.95,0.95,1.8280408759075542,0.065204824605,0.322,-0.03711433788,2.16,-1.279,1.462
2024-05-16 00:30:00,o,4.2,1.0,0.0,2.1032117196558335,0.021648398675,0.256,-0.011155630631,2.53,-2.059,1.765
2024-05-16 00:30:00,o,4.2,1.0,0.95,1.834465211816196,0.051376699061,0.319,-0.028232669703,2.17,-1.299,1.58
2024-05-16 00:30:00,o,4.2,1.05,0.0,2.0521589186766502,0.019487787809,0.282,-0.010892959055,2.38,-1.731,1.991
2024-05-16 00:30:00,o,4.2,1.05,0.95,1.834465211816196,0.051376699061,0.319,-0.028232669703,2.17,-1.299,1.58
2024-05-16 00:30:00,o,4.2,1.1,0.0,2.0521589186766502,0.019487787809,0.282,-0.010892959055,2.38,-1.731,1.991
2024-05-16 00:30:00,o,4.2,1.1,0.95,1.832253370197008,0.050950471707,0.32,-0.028264254671,2.17,-1.299,1.968
2024-05-16 00:30:00,o,4.2,1.15,0.0,2.0521589186766502,0.019487787809,0.282,-0.010892959055,2.38,-1.731,1.991
2024-05-16 00:30:00,o,4.2,1.15,0.05,1.931574819497352,0.013187962124,0.354,-0.0091436347388,1.97,-0.931,2.779
2024-05-16 00:30:00,o,4.2,1.15,0.1,1.8998697269715656,0.010511990083,0.376,-0.007526200356,1.81,-0.678,2.828
2024-05-16 00:30:00,o,4.2,1.15,0.15,1.9618528007162286,0.027435155963,0.316,-0.016290384174,2.19,-1.338,2.496
2024-05-16 00:30:00,o,4.2,1.15,0.2,1.9618528007162286,0.027435155963,0.316,-0.016290384174,2.19,-1.338,2.496
2024-05-16 00:30:00,o,4.2,1.15,0.25,1.9618528007162286,0.027435155963,0.316,-0.016290384174,2.19,-1.338,2.496
2024-05-16 00:30:00,o,4.2,1.15,0.3,1.9322250903463614,0.038824003447,0.303,-0.022678864877,2.27,-1.5,1.73
2024-05-16 00:30:00,o,4.2,1.15,0.35,1.9322250903463614,0.038824003447,0.303,-0.022678864877,2.27,-1.5,1.73
2024-05-16 00:30:00,o,4.2,1.15,0.4,1.9092242984179895,0.036188668653,0.307,-0.021304708732,2.24,-1.438,1.804
2024-05-16 00:30:00,o,4.2,1.15,0.45,1.9092242984179895,0.036188668653,0.307,-0.021304708732,2.24,-1.438,1.804
2024-05-16 00:30:00,o,4.2,1.15,0.5,1.8206939499733859,0.040412650477,0.344,-0.026568635211,2.03,-1.036,1.683
2024-05-16 00:30:00,o,4.2,1.15,0.55,1.8206939499733859,0.040412650477,0.344,-0.026568635211,2.03,-1.036,1.683
2024-05-16 00:30:00,o,4.2,1.15,0.6,1.8207267628238342,0.032056484615,0.339,-0.020174079213,2.06,-1.09,1.698
2024-05-16 00:30:00,o,4.2,1.15,0.65,1.7931685215331978,0.037659541604,0.344,-0.022700524014,2.03,-1.036,1.507
2024-05-16 00:30:00,o,4.2,1.15,0.7,1.7763524464306704,0.042946513227,0.351,-0.026108738727,1.99,-0.966,1.865
2024-05-16 00:30:00,o,4.2,1.15,0.75,1.7763524464306704,0.042946513227,0.351,-0.026108738727,1.99,-0.966,1.865
2024-05-16 00:30:00,o,4.2,1.15,0.8,1.7984434603501875,0.034813342261,0.338,-0.020640907846,2.07,-1.109,2.589
2024-05-16 00:30:00,o,4.2,1.15,0.85,1.7984434603501875,0.034813342261,0.338,-0.020640907846,2.07,-1.109,2.589
2024-05-16 00:30:00,o,4.2,1.15,0.9,1.8229326537641668,0.036827476869,0.325,-0.020496819716,2.14,-1.24,2.656
2024-05-16 00:30:00,o,4.2,1.15,0.95,1.828227964748957,0.041817299374,0.322,-0.023321520026,2.16,-1.279,2.659
2024-05-16 00:30:00,o,4.25,0.05,0.0,1.9165013235457253,-0.046738569596,0.364,0.030240374769,1.9,-0.816,1.756
2024-05-16 00:30:00,o,4.25,0.05,0.05,1.9165013235457253,-0.046738569596,0.364,0.030240374769,1.9,-0.816,1.756
2024-05-16 00:30:00,o,4.25,0.05,0.1,1.8715495857524966,-0.043406757767,0.392,0.031092850607,1.67,-0.487,2.438
2024-05-16 00:30:00,o,4.25,0.05,0.15,1.86486098616246,-0.038386404052,0.382,0.02665098795,1.77,-0.62,2.218
2024-05-16 00:30:00,o,4.25,0.05,0.2,1.86486098616246,-0.038386404052,0.382,0.02665098795,1.77,-0.62,2.218
2024-05-16 00:30:00,o,4.25,0.05,0.25,1.8449739381468877,-0.027898766451,0.366,0.018910049097,1.88,-0.784,1.596
2024-05-16 00:30:00,o,4.25,0.05,0.3,1.8449739381468877,-0.027898766451,0.366,0.018910049097,1.88,-0.784,1.596
2024-05-16 00:30:00,o,4.25,0.05,0.35,1.8373485000151875,-0.031965375765,0.366,0.021215567195,1.88,-0.784,1.719
2024-05-16 00:30:00,o,4.25,0.05,0.4,1.8081164039544948,-0.02748539755,0.375,0.019273637785,1.82,-0.692,1.613
2024-05-16 00:30:00,o,4.25,0.05,0.45,1.7824439569177262,-0.014899769245,0.386,0.010793515863,1.73,-0.565,1.617
2024-05-16 00:30:00,o,4.25,0.05,0.5,1.7636600544649261,-0.0064404932303,0.389,0.004306432383,1.69,-0.513,1.552
2024-05-16 00:30:00,o,4.25,0.05,0.55,1.7643853805186394,-0.0035567002349,0.375,0.0027988238246,1.82,-0.692,1.588
2024-05-16 00:30:00,o,4.25,0.05,0.6,1.756734973143699,0.0021114675592,0.376,-0.00095047858779,1.81,-0.678,1.684
2024-05-16 00:30:00,o,4.25,0.05,0.65,1.7662864073695517,0.0096502991237,0.36,-0.0060413246323,1.93,-0.864,1.594
2024-05-16 00:30:00,o,4.25,0.05,0.7,1.7891716058999008,0.0082137678478,0.344,-0.0044639560274,2.03,-1.036,1.825
2024-05-16 00:30:00,o,4.25,0.05,0.75,1.8074200127438413,0.0072323816603,0.333,-0.0045075972674,2.1,-1.164,2.062
2024-05-16 00:30:00,o,4.25,0.05,0.8,1.8074200127438413,0.0072323816603,0.333,-0.0045075972674,2.1,-1.164,2.062
2024-05-16 00:30:00,o,4.25,0.05,0.85,1.8221484571861017,0.0055028879562,0.325,-0.0034045298724,2.14,-1.24,2.728
2024-05-16 00:30:00,o,4.25,0.05,0.9,1.8329493704419424,0.025238495478,0.32,-0.013315513367,2.17,-1.299,2.829
2024-05-16 00:30:00,o,4.25,0.05,0.95,1.84600910214548,0.011410393287,0.313,-0.0057542146014,2.21,-1.378,2.029
2024-05-16 00:30:00,o,4.25,0.1,0.0,1.9165013235457253,-0.046738569596,0.364,0.030240374769,1.9,-0.816,1.756
2024-05-16 00:30:00,o,4.25,0.1,0.95,1.8516252031533091,0.014877129283,0.31,-0.0076180443453,2.22,-1.398,2.181
2024-05-16 00:30:00,o,4.25,0.15,0.0,1.9527827596700986,-0.044236460144,0.34,0.026789502052,2.06,-1.09,1.516
2024-05-16 00:30:00,o,4.25,0.15,0.95,1.8477391890142967,0.037627698728,0.312,-0.019988837515,2.21,-1.378,1.695
2024-05-16 00:30:00,o,4.25,0.2,0.0,1.9527827596700986,-0.044236460144,0.34,0.026789502052,2.06,-1.09,1.516
2024-05-16 00:30:00,o,4.25,0.2,0.95,1.8600024219010978,0.027525443787,0.306,-0.013879763335,2.24,-1.438,1.689
2024-05-16 00:30:00,o,4.25,0.25,0.0,1.966216847450493,-0.046860648501,0.332,0.028109724173,2.1,-1.164,1.398
2024-05-16 00:30:00,o,4.25,0.25,0.95,1.8521626963925886,0.036943687966,0.31,-0.019183761584,2.22,-1.398,1.58
2024-05-16 00:30:00,o,4.25,0.3,0.0,1.9723833710512502,-0.039812479696,0.328,0.023605289277,2.12,-1.202,1.406
2024-05-16 00:30:00,o,4.25,0.3,0.95,1.848872362059949,0.045292350269,0.311,-0.024610815491,2.22,-1.398,1.486
2024-05-16 00:30:00,o,4.25,0.35,0.0,1.9870089643849569,-0.023481802399,0.319,0.013627345585,2.17,-1.299,1.422
2024-05-16 00:30:00,o,4.25,0.35,0.95,1.8528884774602354,0.052996792803,0.309,-0.028673577313,2.23,-1.418,1.546
2024-05-16 00:30:00,o,4.25,0.4,0.0,1.9870089643849569,-0.023481802399,0.319,0.013627345585,2.17,-1.299,1.422
2024-05-16 00:30:00,o,4.25,0.4,0.95,1.8528884774602354,0.052996792803,0.309,-0.028673577313,2.23,-1.418,1.546
2024-05-16 00:30:00,o,4.25,0.45,0.0,1.9920451444588827,-0.010272137802,0.316,0.0058956719742,2.19,-1.338,1.415
2024-05-16 00:30:00,o,4.25,0.45,0.95,1.8597805539653582,0.059572282981,0.306,-0.031496024528,2.24,-1.438,1.536
2024-05-16 00:30:00,o,4.25,0.5,0.0,1.9920451444588827,-0.010272137802,0.316,0.0058956719742,2.19,-1.338,1.415
2024-05-16 00:30:00,o,4.25,0.5,0.95,1.8460586289641854,0.058329017786,0.313,-0.03156568445,2.21,-1.378,1.501
2024-05-16 00:30:00,o,4.25,0.55,0.0,1.9920451444588827,-0.010272137802,0.316,0.0058956719742,2.19,-1.338,1.415
2024-05-16 00:30:00,o,4.25,0.55,0.95,1.8460586289641854,0.058329017786,0.313,-0.03156568445,2.21,-1.378,1.501
2024-05-16 00:30:00,o,4.25,0.6,0.0,2.005990839628085,0.0076486617646,0.308,-0.0044319661746,2.23,-1.418,1.452
2024-05-16 00:30:00,o,4.25,0.6,0.95,1.8357793233392121,0.057830791018,0.318,-0.032210432316,2.18,-1.318,1.47
2024-05-16 00:30:00,o,4.25,0.65,0.0,2.0353496765229884,0.020237321437,0.291,-0.01172921638,2.33,-1.625,1.521
2024-05-16 00:30:00,o,4.25,0.65,0.95,1.8436811721193864,0.062816835136,0.314,-0.034518088844,2.2,-1.358,1.504
2024-05-16 00:30:00,o,4.25,0.7,0.0,2.05551975989212,0.020630724565,0.281,-0.010673463154,2.39,-1.752,1.497
2024-05-16 00:30:00,o,4.25,0.7,0.95,1.8436811721193864,0.062816835136,0.314,-0.034518088844,2.2,-1.358,1.504
2024-05-16 00:30:00,o,4.25,0.75,0.0,2.05551975989212,0.020630724565,0.281,-0.010673463154,2.39,-1.752,1.497
2024-05-16 00:30:00,o,4.25,0.75,0.95,1.8483061451252827,0.068507703396,0.312,-0.037135787832,2.21,-1.378,1.477
2024-05-16 00:30:00,o,4.25,0.8,0.0,2.08547610402901,0.023432150866,0.265,-0.012147858914,2.47,-1.926,1.608
2024-05-16 00:30:00,o,4.25,0.8,0.95,1.843799421156841,0.066923973347,0.314,-0.036835320967,2.2,-1.358,1.522
2024-05-16 00:30:00,o,4.25,0.85,0.0,2.08547610402901,0.023432150866,0.265,-0.012147858914,2.47,-1.926,1.608
2024-05-16 00:30:00,o,4.25,0.85,0.95,1.843799421156841,0.066923973347,0.314,-0.036835320967,2.2,-1.358,1.522
2024-05-16 00:30:00,o,4.25,0.9,0.0,2.095200745078883,0.02723394177,0.26,-0.014077003811,2.5,-1.992,1.646
2024-05-16 00:30:00,o,4.25,0.9,0.95,1.835906080237521,0.074978721463,0.318,-0.042254876302,2.18,-1.318,1.48
2024-05-16 00:30:00,o,4.25,0.95,0.0,2.095200745078883,0.02723394177,0.26,-0.014077003811,2.5,-1.992,1.646
2024-05-16 00:30:00,o,4.25,0.95,0.95,1.835906080237521,0.074978721463,0.318,-0.042254876302,2.18,-1.318,1.48
2024-05-16 00:30:00,o,4.25,1.0,0.0,2.1032117196558335,0.021648398675,0.256,-0.011155630631,2.53,-2.059,1.765
2024-05-16 00:30:00,o,4.25,1.0,0.95,1.830960578524205,0.073367188,0.321,-0.041255784076,2.16,-1.279,1.585
2024-05-16 00:30:00,o,4.25,1.05,0.0,2.0521589186766502,0.019487787809,0.282,-0.010892959055,2.38,-1.731,1.991
2024-05-16 00:30:00,o,4.25,1.05,0.95,1.82674840878525,0.062221095861,0.323,-0.03510674285,2.15,-1.26,1.607
2024-05-16 00:30:00,o,4.25,1.1,0.0,2.0521589186766502,0.019487787809,0.282,-0.010892959055,2.38,-1.731,1.991
2024-05-16 00:30:00,o,4.25,1.1,0.95,1.832253370197008,0.050950471707,0.32,-0.028264254671,2.17,-1.299,1.968
2024-05-16 00:30:00,o,4.25,1.15,0.0,2.0521589186766502,0.019487787809,0.282,-0.010892959055,2.38,-1.731,1.991
2024-05-16 00:30:00,o,4.25,1.15,0.05,2.0982698294238467,0.022890779026,0.259,-0.011281823653,2.5,-1.992,2.118
2024-05-16 00:30:00,o,4.25,1.15,0.1,2.095347218767254,0.024773744701,0.257,-0.011949706956,2.52,-2.037,2.97
2024-05-16 00:30:00,o,4.25,1.15,0.15,2.0651724894853563,0.031093765165,0.259,-0.015405886942,2.5,-1.992,2.784
2024-05-16 00:30:00,o,4.25,1.15,0.2,2.029598842253436,0.042308055813,0.27,-0.022219779855,2.44,-1.861,2.035
2024-05-16 00:30:00,o,4.25,1.15,0.25,2.029598842253436,0.042308055813,0.27,-0.022219779855,2.44,-1.861,2.035
2024-05-16 00:30:00,o,4.25,1.15,0.3,1.9574444559610173,0.046212250895,0.294,-0.026971928187,2.31,-1.583,1.78
2024-05-16 00:30:00,o,4.25,1.15,0.35,1.9574444559610173,0.046212250895,0.294,-0.026971928187,2.31,-1.583,1.78
2024-05-16 00:30:00,o,4.25,1.15,0.4,1.9322250903463614,0.038824003447,0.303,-0.022678864877,2.27,-1.5,1.73
2024-05-16 00:30:00,o,4.25,1.15,0.45,1.9322250903463614,0.038824003447,0.303,-0.022678864877,2.27,-1.5,1.73
2024-05-16 00:30:00,o,4.25,1.15,0.5,1.8206939499733859,0.040412650477,0.344,-0.026568635211,2.03,-1.036,1.683
2024-05-16 00:30:00,o,4.25,1.15,0.55,1.8206939499733859,0.040412650477,0.344,-0.026568635211,2.03,-1.036,1.683
2024-05-16 00:30:00,o,4.25,1.15,0.6,1.793231447056521,0.052789802107,0.358,-0.036068853684,1.95,-0.897,1.665
2024-05-16 00:30:00,o,4.25,1.15,0.65,1.7693847119739101,0.056970737982,0.361,-0.037274487017,1.92,-0.848,1.645
2024-05-16 00:30:00,o,4.25,1.15,0.7,1.7600226882194052,0.060410403221,0.361,-0.037885948708,1.92,-0.848,1.71
2024-05-16 00:30:00,o,4.25,1.15,0.75,1.7620931093675318,0.053434304827,0.36,-0.032935862279,1.93,-0.864,1.956
2024-05-16 00:30:00,o,4.25,1.15,0.8,1.765549349520661,0.057698250223,0.357,-0.036463478866,1.95,-0.897,2.107
2024-05-16 00:30:00,o,4.25,1.15,0.85,1.7804325325379626,0.05162439965,0.349,-0.03100027653,2.0,-0.983,2.807
2024-05-16 00:30:00,o,4.25,1.15,0.9,1.8004214925460549,0.060872880683,0.337,-0.036279938011,2.07,-1.109,2.717
2024-05-16 00:30:00,o,4.25,1.15,0.95,1.814999632520867,0.056413204602,0.329,-0.0326586454,2.12,-1.202,2.51
2024-05-16 00:30:00,o,4.3,0.05,0.0,1.8524799936368563,-0.041165275351,0.411,0.030554762252,1.38,-0.182,1.93
2024-05-16 00:30:00,o,4.3,0.05,0.05,1.8524799936368563,-0.041165275351,0.411,0.030554762252,1.38,-0.182,1.93
2024-05-16 00:30:00,o,4.3,0.05,0.1,1.8715495857524966,-0.043406757767,0.392,0.031092850607,1.67,-0.487,2.438
2024-05-16 00:30:00,o,4.3,0.05,0.15,1.86486098616246,-0.038386404052,0.382,0.02665098795,1.77,-0.62,2.218
2024-05-16 00:30:00,o,4.3,0.05,0.2,1.8411842154227402,-0.029746142926,0.391,0.02127886811,1.67,-0.487,1.658
2024-05-16 00:30:00,o,4.3,0.05,0.25,1.8365456380180598,-0.024946954303,0.379,0.017281745109,1.8,-0.663,1.682
2024-05-16 00:30:00,o,4.3,0.05,0.3,1.8365456380180598,-0.024946954303,0.379,0.017281745109,1.8,-0.663,1.682
2024-05-16 00:30:00,o,4.3,0.05,0.35,1.8268001813885064,-0.018415722561,0.371,0.012937601289,1.86,-0.753,1.432
2024-05-16 00:30:00,o,4.3,0.05,0.4,1.7836034695478993,-0.011107592448,0.389,0.00829989505,1.69,-0.513,1.499
2024-05-16 00:30:00,o,4.3,0.05,0.45,1.7824439569177262,-0.014899769245,0.386,0.010793515863,1.73,-0.565,1.617
2024-05-16 00:30:00,o,4.3,0.05,0.5,1.7636600544649261,-0.0064404932303,0.389,0.004306432383,1.69,-0.513,1.552
2024-05-16 00:30:00,o,4.3,0.05,0.55,1.7488080049586023,0.0021193280514,0.386,-0.0017994048665,1.73,-0.565,1.638
2024-05-16 00:30:00,o,4.3,0.05,0.6,1.7488080049586023,0.0021193280514,0.386,-0.0017994048665,1.73,-0.565,1.638
2024-05-16 00:30:00,o,4.3,0.05,0.65,1.756734973143699,0.0021114675592,0.376,-0.00095047858779,1.81,-0.678,1.684
2024-05-16 00:30:00,o,4.3,0.05,0.7,1.7662864073695517,0.0096502991237,0.36,-0.0060413246323,1.93,-0.864,1.594
2024-05-16 00:30:00,o,4.3,0.05,0.75,1.8003596002956492,0.01932985204,0.337,-0.011422329048,2.07,-1.109,1.938
2024-05-16 00:30:00,o,4.3,0.05,0.8,1.8003596002956492,0.01932985204,0.337,-0.011422329048,2.07,-1.109,1.938
2024-05-16 00:30:00,o,4.3,0.05,0.85,1.8287694228744533,0.033898139313,0.322,-0.018501713528,2.16,-1.279,1.769
2024-05-16 00:30:00,o,4.3,0.05,0.9,1.8287694228744533,0.033898139313,0.322,-0.018501713528,2.16,-1.279,1.769
2024-05-16 00:30:00,o,4.3,0.05,0.95,1.8219521865904758,0.037755842963,0.326,-0.02059419027,2.14,-1.24,2.143
2024-05-16 00:30:00,o,4.3,0.1,0.0,1.8524799936368563,-0.041165275351,0.411,0.030554762252,1.38,-0.182,1.93
2024-05-16 00:30:00,o,4.3,0.1,0.95,1.816652193460318,0.043773304099,0.328,-0.025172459711,2.12,-1.202,1.534
2024-05-16 00:30:00,o,4.3,0.15,0.0,1.9188425676595589,-0.033882087232,0.363,0.022572465091,1.91,-0.832,1.375
2024-05-16 00:30:00,o,4.3,0.15,0.95,1.8355700935398762,0.048116703818,0.318,-0.026723838947,2.18,-1.318,1.561
2024-05-16 00:30:00,o,4.3,0.2,0.0,1.9188425676595589,-0.033882087232,0.363,0.022572465091,1.91,-0.832,1.375
2024-05-16 00:30:00,o,4.3,0.2,0.95,1.8355700935398762,0.048116703818,0.318,-0.026723838947,2.18,-1.318,1.561
2024-05-16 00:30:00,o,4.3,0.25,0.0,1.9356231294060566,-0.025180495506,0.352,0.016707210252,1.98,-0.948,1.48
2024-05-16 00:30:00,o,4.3,0.25,0.95,1.8355700935398762,0.048116703818,0.318,-0.026723838947,2.18,-1.318,1.561
2024-05-16 00:30:00,o,4.3,0.3,0.0,1.9758681815413575,-0.015535121039,0.326,0.0094630031602,2.14,-1.24,1.476
2024-05-16 00:30:00,o,4.3,0.3,0.95,1.838842796568719,0.051743794112,0.317,-0.027926854698,2.19,-1.338,1.465
2024-05-16 00:30:00,o,4.3,0.35,0.0,1.9870089643849569,-0.023481802399,0.319,0.013627345585,2.17,-1.299,1.422
2024-05-16 00:30:00,o,4.3,0.35,0.95,1.8597805539653582,0.059572282981,0.306,-0.031496024528,2.24,-1.438,1.536
2024-05-16 00:30:00,o,4.3,0.4,0.0,1.9870089643849569,-0.023481802399,0.319,0.013627345585,2.17,-1.299,1.422
2024-05-16 00:30:00,o,4.3,0.4,0.95,1.8597805539653582,0.059572282981,0.306,-0.031496024528,2.24,-1.438,1.536
2024-05-16 00:30:00,o,4.3,0.45,0.0,1.9870089643849569,-0.023481802399,0.319,0.013627345585,2.17,-1.299,1.422
2024-05-16 00:30:00,o,4.3,0.45,0.95,1.8575676755870267,0.061305647159,0.307,-0.032715903421,2.24,-1.438,1.497
2024-05-16 00:30:00,o,4.3,0.5,0.0,1.9920451444588827,-0.010272137802,0.316,0.0058956719742,2.19,-1.338,1.415
2024-05-16 00:30:00,o,4.3,0.5,0.95,1.8575676755870267,0.061305647159,0.307,-0.032715903421,2.24,-1.438,1.497
2024-05-16 00:30:00,o,4.3,0.55,0.0,2.005990839628085,0.0076486617646,0.308,-0.0044319661746,2.23,-1.418,1.452
2024-05-16 00:30:00,o,4.3,0.55,0.95,1.8460586289641854,0.058329017786,0.313,-0.03156568445,2.21,-1.378,1.501
2024-05-16 00:30:00,o,4.3,0.6,0.0,2.005990839628085,0.0076486617646,0.308,-0.0044319661746,2.23,-1.418,1.452
2024-05-16 00:30:00,o,4.3,0.6,0.95,1.8357793233392121,0.057830791018,0.318,-0.032210432316,2.18,-1.318,1.47
2024-05-16 00:30:00,o,4.3,0.65,0.0,2.0353496765229884,0.020237321437,0.291,-0.01172921638,2.33,-1.625,1.521
2024-05-16 00:30:00,o,4.3,0.65,0.95,1.8483061451252827,0.068507703396,0.312,-0.037135787832,2.21,-1.378,1.477
2024-05-16 00:30:00,o,4.3,0.7,0.0,2.0353496765229884,0.020237321437,0.291,-0.01172921638,2.33,-1.625,1.521
2024-05-16 00:30:00,o,4.3,0.7,0.95,1.8483061451252827,0.068507703396,0.312,-0.037135787832,2.21,-1.378,1.477
2024-05-16 00:30:00,o,4.3,0.75,0.0,2.0353496765229884,0.020237321437,0.291,-0.01172921638,2.33,-1.625,1.521
2024-05-16 00:30:00,o,4.3,0.75,0.95,1.8483061451252827,0.068507703396,0.312,-0.037135787832,2.21,-1.378,1.477
2024-05-16 00:30:00,o,4.3,0.8,0.0,2.05551975989212,0.020630724565,0.281,-0.010673463154,2.39,-1.752,1.497
2024-05-16 00:30:00,o,4.3,0.8,0.95,1.8480104342814392,0.075300090562,0.312,-0.041271364569,2.21,-1.378,1.529
2024-05-16 00:30:00,o,4.3,0.85,0.0,2.095200745078883,0.02723394177,0.26,-0.014077003811,2.5,-1.992,1.646
2024-05-16 00:30:00,o,4.3,0.85,0.95,1.8480104342814392,0.075300090562,0.312,-0.041271364569,2.21,-1.378,1.529
2024-05-16 00:30:00,o,4.3,0.9,0.0,2.095200745078883,0.02723394177,0.26,-0.014077003811,2.5,-1.992,1.646
2024-05-16 00:30:00,o,4.3,0.9,0.95,1.835906080237521,0.074978721463,0.318,-0.042254876302,2.18,-1.318,1.48
2024-05-16 00:30:00,o,4.3,0.95,0.0,2.095200745078883,0.02723394177,0.26,-0.014077003811,2.5,-1.992,1.646
2024-05-16 00:30:00,o,4.3,0.95,0.95,1.835906080237521,0.074978721463,0.318,-0.042254876302,2.18,-1.318,1.48
2024-05-16 00:30:00,o,4.3,1.0,0.0,2.1032117196558335,0.021648398675,0.256,-0.011155630631,2.53,-2.059,1.765
2024-05-16 00:30:00,o,4.3,1.0,0.95,1.830960578524205,0.073367188,0.321,-0.041255784076,2.16,-1.279,1.585
2024-05-16 00:30:00,o,4.3,1.05,0.0,2.0521589186766502,0.019487787809,0.282,-0.010892959055,2.38,-1.731,1.991
2024-05-16 00:30:00,o,4.3,1.05,0.95,1.830960578524205,0.073367188,0.321,-0.041255784076,2.16,-1.279,1.585
2024-05-16 00:30:00,o,4.3,1.1,0.0,2.0982698294238467,0.022890779026,0.259,-0.011281823653,2.5,-1.992,2.118
2024-05-16 00:30:00,o,4.3,1.1,0.95,1.799595536422361,0.069152433466,0.338,-0.04096951905,2.07,-1.109,1.699
2024-05-16 00:30:00,o,4.3,1.15,0.0,2.0982698294238467,0.022890779026,0.259,-0.011281823653,2.5,-1.992,2.118
2024-05-16 00:30:00,o,4.3,1.15,0.05,2.0982698294238467,0.022890779026,0.259,-0.011281823653,2.5,-1.992,2.118
2024-05-16 00:30:00,o,4.3,1.15,0.1,2.1236426068582896,0.025868339754,0.247,-0.012131431909,2.58,-2.17,2.824
2024-05-16 00:30:00,o,4.3,1.15,0.15,2.08874898618795,0.034315967537,0.255,-0.016847138067,2.53,-2.059,1.564
2024-05-16 00:30:00,o,4.3,1.15,0.2,2.02854685344076,0.044028541112,0.273,-0.023946907999,2.43,-1.839,1.853
2024-05-16 00:30:00,o,4.3,1.15,0.25,2.029598842253436,0.042308055813,0.27,-0.022219779855,2.44,-1.861,2.035
2024-05-16 00:30:00,o,4.3,1.15,0.3,1.9574444559610173,0.046212250895,0.294,-0.026971928187,2.31,-1.583,1.78
2024-05-16 00:30:00,o,4.3,1.15,0.35,1.9574444559610173,0.046212250895,0.294,-0.026971928187,2.31,-1.583,1.78
2024-05-16 00:30:00,o,4.3,1.15,0.4,1.902312990958266,0.053772884128,0.32,-0.034479427772,2.17,-1.299,1.644
2024-05-16 00:30:00,o,4.3,1.15,0.45,1.858224296607577,0.051135969153,0.336,-0.034448930659,2.08,-1.127,1.523
2024-05-16 00:30:00,o,4.3,1.15,0.5,1.804854713005252,0.059412957067,0.357,-0.041696056484,1.95,-0.897,1.517
2024-05-16 00:30:00,o,4.3,1.15,0.55,1.793231447056521,0.052789802107,0.358,-0.036068853684,1.95,-0.897,1.665
2024-05-16 00:30:00,o,4.3,1.15,0.6,1.793231447056521,0.052789802107,0.358,-0.036068853684,1.95,-0.897,1.665
2024-05-16 00:30:00,o,4.3,1.15,0.65,1.7693847119739101,0.056970737982,0.361,-0.037274487017,1.92,-0.848,1.645
2024-05-16 00:30:00,o,4.3,1.15,0.7,1.7600226882194052,0.060410403221,0.361,-0.037885948708,1.92,-0.848,1.71
2024-05-16 00:30:00,o,4.3,1.15,0.75,1.7620931093675318,0.053434304827,0.36,-0.032935862279,1.93,-0.864,1.956
2024-05-16 00:30:00,o,4.3,1.15,0.8,1.765549349520661,0.057698250223,0.357,-0.036463478866,1.95,-0.897,2.107
2024-05-16 00:30:00,o,4.3,1.15,0.85,1.7723877262036123,0.067336939151,0.353,-0.042298216422,1.97,-0.931,1.868
2024-05-16 00:30:00,o,4.3,1.15,0.9,1.799595536422361,0.069152433466,0.338,-0.04096951905,2.07,-1.109,1.699
2024-05-16 00:30:00,o,4.3,1.15,0.95,1.8088656357791706,0.061966893551,0.333,-0.035749572048,2.1,-1.164,1.823
2024-05-16 00:30:00,o,4.35,0.05,0.0,1.8444771757456815,-0.03630784359,0.413,0.023238541226,1.35,-0.156,1.826
2024-05-16 00:30:00,o,4.35,0.05,0.05,1.8444771757456815,-0.03630784359,0.413,0.023238541226,1.35,-0.156,1.826
2024-05-16 00:30:00,o,4.35,0.05,0.1,1.8424095180701816,-0.031555941934,0.414,0.024161462388,1.32,-0.132,1.784
2024-05-16 00:30:00,o,4.35,0.05,0.15,1.8333128902027827,-0.027725412893,0.404,0.020511262346,1.52,-0.315,1.785
2024-05-16 00:30:00,o,4.35,0.05,0.2,1.8333128902027827,-0.027725412893,0.404,0.020511262346,1.52,-0.315,1.785
2024-05-16 00:30:00,o,4.35,0.05,0.25,1.8365456380180598,-0.024946954303,0.379,0.017281745109,1.8,-0.663,1.682
2024-05-16 00:30:00,o,4.35,0.05,0.3,1.8284472076991916,-0.018359826465,0.386,0.012718976094,1.73,-0.565,1.638
2024-05-16 00:30:00,o,4.35,0.05,0.35,1.7942370174407147,-0.0092952055382,0.394,0.0073363444492,1.65,-0.463,1.521
2024-05-16 00:30:00,o,4.35,0.05,0.4,1.7713890268991201,-0.006313220495,0.396,0.0043711543109,1.61,-0.415,1.547
2024-05-16 00:30:00,o,4.35,0.05,0.45,1.7836034695478993,-0.011107592448,0.389,0.00829989505,1.69,-0.513,1.499
2024-05-16 00:30:00,o,4.35,0.05,0.5,1.7643779091069685,-0.0049994169692,0.392,0.0038503910831,1.67,-0.487,1.401
2024-05-16 00:30:00,o,4.35,0.05,0.55,1.7488080049586023,0.0021193280514,0.386,-0.0017994048665,1.73,-0.565,1.638
2024-05-16 00:30:00,o,4.35,0.05,0.6,1.7488080049586023,0.0021193280514,0.386,-0.0017994048665,1.73,-0.565,1.638
2024-05-16 00:30:00,o,4.35,0.05,0.65,1.7364522796373165,0.011022556993,0.39,-0.0074044253454,1.69,-0.513,1.613
2024-05-16 00:30:00,o,4.35,0.05,0.7,1.7589043262261095,0.022252900187,0.361,-0.01408091863,1.92,-0.848,1.549
2024-05-16 00:30:00,o,4.35,0.05,0.75,1.7768899666394613,0.027176834669,0.351,-0.016029473512,1.99,-0.966,1.788
2024-05-16 00:30:00,o,4.35,0.05,0.8,1.7768899666394613,0.027176834669,0.351,-0.016029473512,1.99,-0.966,1.788
2024-05-16 00:30:00,o,4.35,0.05,0.85,1.8137744100055582,0.04932926282,0.33,-0.028155628947,2.11,-1.183,1.766
2024-05-16 00:30:00,o,4.35,0.05,0.9,1.8137744100055582,0.04932926282,0.33,-0.028155628947,2.11,-1.183,1.766
2024-05-16 00:30:00,o,4.35,0.05,0.95,1.8122313130970167,0.046719221924,0.331,-0.026521348948,2.11,-1.183,1.959
2024-05-16 00:30:00,o,4.35,0.1,0.0,1.8444771757456815,-0.03630784359,0.413,0.023238541226,1.35,-0.156,1.826
2024-05-16 00:30:00,o,4.35,0.1,0.95,1.8137744100055582,0.04932926282,0.33,-0.028155628947,2.11,-1.183,1.766
2024-05-16 00:30:00,o,4.35,0.15,0.0,1.9188425676595589,-0.033882087232,0.363,0.022572465091,1.91,-0.832,1.375
2024-05-16 00:30:00,o,4.35,0.15,0.95,1.8355700935398762,0.048116703818,0.318,-0.026723838947,2.18,-1.318,1.561
2024-05-16 00:30:00,o,4.35,0.2,0.0,1.9356231294060566,-0.025180495506,0.352,0.016707210252,1.98,-0.948,1.48
2024-05-16 00:30:00,o,4.35,0.2,0.95,1.8355700935398762,0.048116703818,0.318,-0.026723838947,2.18,-1.318,1.561
2024-05-16 00:30:00,o,4.35,0.25,0.0,1.9356231294060566,-0.025180495506,0.352,0.016707210252,1.98,-0.948,1.48
2024-05-16 00:30:00,o,4.35,0.25,0.95,1.8302998983788286,0.051006509017,0.321,-0.02842885384,2.16,-1.279,1.392
2024-05-16 00:30:00,o,4.35,0.3,0.0,1.9758681815413575,-0.015535121039,0.326,0.0094630031602,2.14,-1.24,1.476
2024-05-16 00:30:00,o,4.35,0.3,0.95,1.838842796568719,0.051743794112,0.317,-0.027926854698,2.19,-1.338,1.465
2024-05-16 00:30:00,o,4.35,0.35,0.0,1.9758681815413575,-0.015535121039,0.326,0.0094630031602,2.14,-1.24,1.476
2024-05-16 00:30:00,o,4.35,0.35,0.95,1.8560216046829257,0.060092949081,0.308,-0.031904103067,2.23,-1.418,1.509
2024-05-16 00:30:00,o,4.35,0.4,0.0,1.9758681815413575,-0.015535121039,0.326,0.0094630031602,2.14,-1.24,1.476
2024-05-16 00:30:00,o,4.35,0.4,0.95,1.8560216046829257,0.060092949081,0.308,-0.031904103067,2.23,-1.418,1.509
2024-05-16 00:30:00,o,4.35,0.45,0.0,1.9870089643849569,-0.023481802399,0.319,0.013627345585,2.17,-1.299,1.422
2024-05-16 00:30:00,o,4.35,0.45,0.95,1.8575676755870267,0.061305647159,0.307,-0.032715903421,2.24,-1.438,1.497
2024-05-16 00:30:00,o,4.35,0.5,0.0,2.005990839628085,0.0076486617646,0.308,-0.0044319661746,2.23,-1.418,1.452
2024-05-16 00:30:00,o,4.35,0.5,0.95,1.8555130985198156,0.062701327272,0.308,-0.033668736312,2.23,-1.418,1.482
2024-05-16 00:30:00,o,4.35,0.55,0.0,2.005990839628085,0.0076486617646,0.308,-0.0044319661746,2.23,-1.418,1.452
2024-05-16 00:30:00,o,4.35,0.55,0.95,1.8388679726955592,0.060210340748,0.317,-0.032798113636,2.19,-1.338,1.428
2024-05-16 00:30:00,o,4.35,0.6,0.0,2.005990839628085,0.0076486617646,0.308,-0.0044319661746,2.23,-1.418,1.452
2024-05-16 00:30:00,o,4.35,0.6,0.95,1.8388679726955592,0.060210340748,0.317,-0.032798113636,2.19,-1.338,1.428
2024-05-16 00:30:00,o,4.35,0.65,0.0,2.005990839628085,0.0076486617646,0.308,-0.0044319661746,2.23,-1.418,1.452
2024-05-16 00:30:00,o,4.35,0.65,0.95,1.8356778911764522,0.063451563647,0.318,-0.035555545808,2.18,-1.318,1.428
2024-05-16 00:30:00,o,4.35,0.7,0.0,2.0353496765229884,0.020237321437,0.291,-0.01172921638,2.33,-1.625,1.521
2024-05-16 00:30:00,o,4.35,0.7,0.95,1.8583025429855577,0.076583061922,0.306,-0.042023312852,2.24,-1.438,1.477
2024-05-16 00:30:00,o,4.35,0.75,0.0,2.0353496765229884,0.020237321437,0.291,-0.01172921638,2.33,-1.625,1.521
2024-05-16 00:30:00,o,4.35,0.75,0.95,1.8583025429855577,0.076583061922,0.306,-0.042023312852,2.24,-1.438,1.477
2024-05-16 00:30:00,o,4.35,0.8,0.0,2.0283638153456227,0.022368692291,0.295,-0.012966200993,2.31,-1.583,1.519
2024-05-16 00:30:00,o,4.35,0.8,0.95,1.8543424845642227,0.080402528264,0.308,-0.044550446875,2.23,-1.418,1.461
2024-05-16 00:30:00,o,4.35,0.85,0.0,2.0676026991635412,0.032573416961,0.274,-0.017596520512,2.42,-1.817,1.6
2024-05-16 00:30:00,o,4.35,0.85,0.95,1.8480104342814392,0.075300090562,0.312,-0.041271364569,2.21,-1.378,1.529
2024-05-16 00:30:00,o,4.35,0.9,0.0,2.0676026991635412,0.032573416961,0.274,-0.017596520512,2.42,-1.817,1.6
2024-05-16 00:30:00,o,4.35,0.9,0.95,1.835906080237521,0.074978721463,0.318,-0.042254876302,2.18,-1.318,1.48
2024-05-16 00:30:00,o,4.35,0.95,0.0,2.0676026991635412,0.032573416961,0.274,-0.017596520512,2.42,-1.817,1.6
2024-05-16 00:30:00,o,4.35,0.95,0.95,1.835906080237521,0.074978721463,0.318,-0.042254876302,2.18,-1.318,1.48
2024-05-16 00:30:00,o,4.35,1.0,0.0,2.0676026991635412,0.032573416961,0.274,-0.017596520512,2.42,-1.817,1.6
2024-05-16 00:30:00,o,4.35,1.0,0.95,1.817915572427545,0.077229256747,0.328,-0.044575072987,2.12,-1.202,1.474
2024-05-16 00:30:00,o,4.35,1.05,0.0,2.106873940043815,0.031527749392,0.255,-0.015298531818,2.53,-2.059,1.967
2024-05-16 00:30:00,o,4.35,1.05,0.95,1.8044665639673416,0.075585454719,0.335,-0.044954209285,2.09,-1.146,1.597
2024-05-16 00:30:00,o,4.35,1.1,0.0,2.106873940043815,0.031527749392,0.255,-0.015298531818,2.53,-2.059,1.967
2024-05-16 00:30:00,o,4.35,1.1,0.95,1.799595536422361,0.069152433466,0.338,-0.04096951905,2.07,-1.109,1.699
2024-05-16 00:30:00,o,4.35,1.15,0.0,2.0982698294238467,0.022890779026,0.259,-0.011281823653,2.5,-1.992,2.118
2024-05-16 00:30:00,o,4.35,1.15,0.05,2.106873940043815,0.031527749392,0.255,-0.015298531818,2.53,-2.059,1.967
2024-05-16 00:30:00,o,4.35,1.15,0.1,2.090088676810906,0.034901538255,0.263,-0.017745950413,2.48,-1.948,1.729
2024-05-16 00:30:00,o,4.35,1.15,0.15,2.0476875431396104,0.039155501346,0.274,-0.020612596098,2.42,-1.817,2.242
2024-05-16 00:30:00,o,4.35,1.15,0.2,2.0277694266897353,0.044486020269,0.278,-0.024513291485,2.4,-1.774,2.002
2024-05-16 00:30:00,o,4.35,1.15,0.25,2.02854685344076,0.044028541112,0.273,-0.023946907999,2.43,-1.839,1.853
2024-05-16 00:30:00,o,4.35,1.15,0.3,1.902312990958266,0.053772884128,0.32,-0.034479427772,2.17,-1.299,1.644
2024-05-16 00:30:00,o,4.35,1.15,0.35,1.902312990958266,0.053772884128,0.32,-0.034479427772,2.17,-1.299,1.644
2024-05-16 00:30:00,o,4.35,1.15,0.4,1.902312990958266,0.053772884128,0.32,-0.034479427772,2.17,-1.299,1.644
2024-05-16 00:30:00,o,4.35,1.15,0.45,1.8635548185041324,0.060254787442,0.336,-0.04069889997,2.08,-1.127,1.66
2024-05-16 00:30:00,o,4.35,1.15,0.5,1.804854713005252,0.059412957067,0.357,-0.041696056484,1.95,-0.897,1.517
2024-05-16 00:30:00,o,4.35,1.15,0.55,1.804854713005252,0.059412957067,0.357,-0.041696056484,1.95,-0.897,1.517
2024-05-16 00:30:00,o,4.35,1.15,0.6,1.7693847119739101,0.056970737982,0.361,-0.037274487017,1.92,-0.848,1.645
2024-05-16 00:30:00,o,4.35,1.15,0.65,1.7669033822355822,0.065819175297,0.357,-0.04148673869,1.95,-0.897,1.495
2024-05-16 00:30:00,o,4.35,1.15,0.7,1.7617700210969611,0.069734307081,0.36,-0.043938491617,1.93,-0.864,1.6
2024-05-16 00:30:00,o,4.35,1.15,0.75,1.7617700210969611,0.069734307081,0.36,-0.043938491617,1.93,-0.864,1.6
2024-05-16 00:30:00,o,4.35,1.15,0.8,1.7723877262036123,0.067336939151,0.353,-0.042298216422,1.97,-0.931,1.868
2024-05-16 00:30:00,o,4.35,1.15,0.85,1.7723877262036123,0.067336939151,0.353,-0.042298216422,1.97,-0.931,1.868
2024-05-16 00:30:00,o,4.35,1.15,0.9,1.788217880719231,0.070139897872,0.344,-0.042834966538,2.03,-1.036,1.739
2024-05-16 00:30:00,o,4.35,1.15,0.95,1.8016643457002883,0.066872514242,0.337,-0.039241476293,2.07,-1.109,1.616
2024-05-16 00:30:00,o,4.4,0.05,0.0,1.8258608437677655,-0.025990431914,0.413,0.0014358180154,1.35,-0.156,1.87
2024-05-16 00:30:00,o,4.4,0.05,0.05,1.8284085258083724,-0.031605885726,0.413,0.0077077092683,1.35,-0.156,2.038
2024-05-16 00:30:00,o,4.4,0.05,0.1,1.8424095180701816,-0.031555941934,0.414,0.024161462388,1.32,-0.132,1.784
2024-05-16 00:30:00,o,4.4,0.05,0.15,1.8333128902027827,-0.027725412893,0.404,0.020511262346,1.52,-0.315,1.785
2024-05-16 00:30:00,o,4.4,0.05,0.2,1.8333128902027827,-0.027725412893,0.404,0.020511262346,1.52,-0.315,1.785
2024-05-16 00:30:00,o,4.4,0.05,0.25,1.8284472076991916,-0.018359826465,0.386,0.012718976094,1.73,-0.565,1.638
2024-05-16 00:30:00,o,4.4,0.05,0.3,1.8108841428997267,-0.012629210137,0.389,0.0095212846301,1.69,-0.513,1.68
2024-05-16 00:30:00,o,4.4,0.05,0.35,1.7942370174407147,-0.0092952055382,0.394,0.0073363444492,1.65,-0.463,1.521
2024-05-16 00:30:00,o,4.4,0.05,0.4,1.7713890268991201,-0.006313220495,0.396,0.0043711543109,1.61,-0.415,1.547
2024-05-16 00:30:00,o,4.4,0.05,0.45,1.7713890268991201,-0.006313220495,0.396,0.0043711543109,1.61,-0.415,1.547
2024-05-16 00:30:00,o,4.4,0.05,0.5,1.7495817348655593,0.00078147417147,0.401,-0.0010465547245,1.56,-0.358,1.46
2024-05-16 00:30:00,o,4.4,0.05,0.55,1.7307419118500207,0.0095993215897,0.407,-0.0072536876655,1.45,-0.245,1.557
2024-05-16 00:30:00,o,4.4,0.05,0.6,1.7364522796373165,0.011022556993,0.39,-0.0074044253454,1.69,-0.513,1.613
2024-05-16 00:30:00,o,4.4,0.05,0.65,1.7416321307914349,0.020613361697,0.376,-0.013198874911,1.81,-0.678,1.634
2024-05-16 00:30:00,o,4.4,0.05,0.7,1.7416321307914349,0.020613361697,0.376,-0.013198874911,1.81,-0.678,1.634
2024-05-16 00:30:00,o,4.4,0.05,0.75,1.7589043262261095,0.022252900187,0.361,-0.01408091863,1.92,-0.848,1.549
2024-05-16 00:30:00,o,4.4,0.05,0.8,1.7807420359730108,0.036707358803,0.349,-0.021508307364,2.0,-0.983,1.733
2024-05-16 00:30:00,o,4.4,0.05,0.85,1.7752754060428482,0.042970122626,0.352,-0.025798923429,1.98,-0.948,1.882
2024-05-16 00:30:00,o,4.4,0.05,0.9,1.794055628279197,0.048965214874,0.341,-0.028859037815,2.05,-1.072,1.853
2024-05-16 00:30:00,o,4.4,0.05,0.95,1.8000775350406661,0.049677148694,0.338,-0.028610657759,2.07,-1.109,2.049
2024-05-16 00:30:00,o,4.4,0.1,0.0,1.8444771757456815,-0.03630784359,0.413,0.023238541226,1.35,-0.156,1.826
2024-05-16 00:30:00,o,4.4,0.1,0.95,1.8137744100055582,0.04932926282,0.33,-0.028155628947,2.11,-1.183,1.766
2024-05-16 00:30:00,o,4.4,0.15,0.0,1.9188425676595589,-0.033882087232,0.363,0.022572465091,1.91,-0.832,1.375
2024-05-16 00:30:00,o,4.4,0.15,0.95,1.831927335271936,0.052706144218,0.32,-0.02947076834,2.17,-1.299,1.491
2024-05-16 00:30:00,o,4.4,0.2,0.0,1.9356231294060566,-0.025180495506,0.352,0.016707210252,1.98,-0.948,1.48
2024-05-16 00:30:00,o,4.4,0.2,0.95,1.831927335271936,0.052706144218,0.32,-0.02947076834,2.17,-1.299,1.491
2024-05-16 00:30:00,o,4.4,0.25,0.0,1.9356231294060566,-0.025180495506,0.352,0.016707210252,1.98,-0.948,1.48
2024-05-16 00:30:00,o,4.4,0.25,0.95,1.8398361455084125,0.057155740362,0.316,-0.0314681719,2.19,-1.338,1.406
2024-05-16 00:30:00,o,4.4,0.3,0.0,1.9758681815413575,-0.015535121039,0.326,0.0094630031602,2.14,-1.24,1.476
2024-05-16 00:30:00,o,4.4,0.3,0.95,1.8398361455084125,0.057155740362,0.316,-0.0314681719,2.19,-1.338,1.406
2024-05-16 00:30:00,o,4.4,0.35,0.0,1.9758681815413575,-0.015535121039,0.326,0.0094630031602,2.14,-1.24,1.476
2024-05-16 00:30:00,o,4.4,0.35,0.95,1.8560216046829257,0.060092949081,0.308,-0.031904103067,2.23,-1.418,1.509
2024-05-16 00:30:00,o,4.4,0.4,0.0,1.9758681815413575,-0.015535121039,0.326,0.0094630031602,2.14,-1.24,1.476
2024-05-16 00:30:00,o,4.4,0.4,0.95,1.8560216046829257,0.060092949081,0.308,-0.031904103067,2.23,-1.418,1.509
2024-05-16 00:30:00,o,4.4,0.45,0.0,1.9857542045537488,-0.0078803892824,0.32,0.0047888820492,2.17,-1.299,1.483
2024-05-16 00:30:00,o,4.4,0.45,0.95,1.8555130985198156,0.062701327272,0.308,-0.033668736312,2.23,-1.418,1.482
2024-05-16 00:30:00,o,4.4,0.5,0.0,2.004334273427161,0.0075293763903,0.309,-0.00433680467,2.23,-1.418,1.461
2024-05-16 00:30:00,o,4.4,0.5,0.95,1.8555130985198156,0.062701327272,0.308,-0.033668736312,2.23,-1.418,1.482
2024-05-16 00:30:00,o,4.4,0.55,0.0,2.004334273427161,0.0075293763903,0.309,-0.00433680467,2.23,-1.418,1.461
2024-05-16 00:30:00,o,4.4,0.55,0.95,1.8507013607441012,0.066926374532,0.31,-0.036836893967,2.22,-1.398,1.421
2024-05-16 00:30:00,o,4.4,0.6,0.0,2.004334273427161,0.0075293763903,0.309,-0.00433680467,2.23,-1.418,1.461
2024-05-16 00:30:00,o,4.4,0.6,0.95,1.8507013607441012,0.066926374532,0.31,-0.036836893967,2.22,-1.398,1.421
2024-05-16 00:30:00,o,4.4,0.65,0.0,2.004334273427161,0.0075293763903,0.309,-0.00433680467,2.23,-1.418,1.461
2024-05-16 00:30:00,o,4.4,0.65,0.95,1.8497387208986198,0.07069085477,0.311,-0.038571412102,2.22,-1.398,1.414
2024-05-16 00:30:00,o,4.4,0.7,0.0,2.0283638153456227,0.022368692291,0.295,-0.012966200993,2.31,-1.583,1.519
2024-05-16 00:30:00,o,4.4,0.7,0.95,1.8589400263453968,0.077292341361,0.306,-0.042064826168,2.24,-1.438,1.447
2024-05-16 00:30:00,o,4.4,0.75,0.0,2.0283638153456227,0.022368692291,0.295,-0.012966200993,2.31,-1.583,1.519
2024-05-16 00:30:00,o,4.4,0.75,0.95,1.8583025429855577,0.076583061922,0.306,-0.042023312852,2.24,-1.438,1.477
2024-05-16 00:30:00,o,4.4,0.8,0.0,2.0310164123248904,0.026252369848,0.294,-0.014680247988,2.31,-1.583,1.527
2024-05-16 00:30:00,o,4.4,0.8,0.95,1.8543424845642227,0.080402528264,0.308,-0.044550446875,2.23,-1.418,1.461
2024-05-16 00:30:00,o,4.4,0.85,0.0,2.0310164123248904,0.026252369848,0.294,-0.014680247988,2.31,-1.583,1.527
2024-05-16 00:30:00,o,4.4,0.85,0.95,1.8543424845642227,0.080402528264,0.308,-0.044550446875,2.23,-1.418,1.461
2024-05-16 00:30:00,o,4.4,0.9,0.0,2.0676026991635412,0.032573416961,0.274,-0.017596520512,2.42,-1.817,1.6
2024-05-16 00:30:00,o,4.4,0.9,0.95,1.844570361988267,0.085582815121,0.314,-0.047417721552,2.2,-1.358,1.359
2024-05-16 00:30:00,o,4.4,0.95,0.0,2.0676026991635412,0.032573416961,0.274,-0.017596520512,2.42,-1.817,1.6
2024-05-16 00:30:00,o,4.4,0.95,0.95,1.8280279702575257,0.083343906981,0.322,-0.048108805181,2.16,-1.279,1.378
2024-05-16 00:30:00,o,4.4,1.0,0.0,2.060641189552579,0.036660713693,0.278,-0.01972077443,2.4,-1.774,1.525
2024-05-16 00:30:00,o,4.4,1.0,0.95,1.8149796837607568,0.079676268675,0.329,-0.046921843577,2.12,-1.202,1.462
2024-05-16 00:30:00,o,4.4,1.05,0.0,2.060641189552579,0.036660713693,0.278,-0.01972077443,2.4,-1.774,1.525
2024-05-16 00:30:00,o,4.4,1.05,0.95,1.8044665639673416,0.075585454719,0.335,-0.044954209285,2.09,-1.146,1.597
2024-05-16 00:30:00,o,4.4,1.1,0.0,2.106873940043815,0.031527749392,0.255,-0.015298531818,2.53,-2.059,1.967
2024-05-16 00:30:00,o,4.4,1.1,0.95,1.788217880719231,0.070139897872,0.344,-0.042834966538,2.03,-1.036,1.739
2024-05-16 00:30:00,o,4.4,1.15,0.0,2.106873940043815,0.031527749392,0.255,-0.015298531818,2.53,-2.059,1.967
2024-05-16 00:30:00,o,4.4,1.15,0.05,2.092183583703776,0.032748920827,0.262,-0.016511608145,2.49,-1.97,2.233
2024-05-16 00:30:00,o,4.4,1.15,0.1,2.075886235448224,0.034327760409,0.27,-0.017495489926,2.44,-1.861,2.088
2024-05-16 00:30:00,o,4.4,1.15,0.15,2.0476875431396104,0.039155501346,0.274,-0.020612596098,2.42,-1.817,2.242
2024-05-16 00:30:00,o,4.4,1.15,0.2,2.0277694266897353,0.044486020269,0.278,-0.024513291485,2.4,-1.774,2.002
2024-05-16 00:30:00,o,4.4,1.15,0.25,2.0277694266897353,0.044486020269,0.278,-0.024513291485,2.4,-1.774,2.002
2024-05-16 00:30:00,o,4.4,1.15,0.3,1.8939946544964599,0.057619895156,0.326,-0.037405216372,2.14,-1.24,1.484
2024-05-16 00:30:00,o,4.4,1.15,0.35,1.8635548185041324,0.060254787442,0.336,-0.04069889997,2.08,-1.127,1.66
2024-05-16 00:30:00,o,4.4,1.15,0.4,1.8635548185041324,0.060254787442,0.336,-0.04069889997,2.08,-1.127,1.66
2024-05-16 00:30:00,o,4.4,1.15,0.45,1.8635548185041324,0.060254787442,0.336,-0.04069889997,2.08,-1.127,1.66
2024-05-16 00:30:00,o,4.4,1.15,0.5,1.8109579768213284,0.064658578275,0.358,-0.046720630829,1.95,-0.897,1.541
2024-05-16 00:30:00,o,4.4,1.15,0.55,1.8109579768213284,0.064658578275,0.358,-0.046720630829,1.95,-0.897,1.541
2024-05-16 00:30:00,o,4.4,1.15,0.6,1.7617775375081781,0.073615877056,0.37,-0.051146379354,1.86,-0.753,1.368
2024-05-16 00:30:00,o,4.4,1.15,0.65,1.75815462196739,0.075910238044,0.362,-0.048550820818,1.92,-0.848,1.474
2024-05-16 00:30:00,o,4.4,1.15,0.7,1.75815462196739,0.075910238044,0.362,-0.048550820818,1.92,-0.848,1.474
2024-05-16 00:30:00,o,4.4,1.15,0.75,1.75815462196739,0.075910238044,0.362,-0.048550820818,1.92,-0.848,1.474
2024-05-16 00:30:00,o,4.4,1.15,0.8,1.77274698964114,0.073924670537,0.353,-0.046409783753,1.97,-0.931,1.479
2024-05-16 00:30:00,o,4.4,1.15,0.85,1.77274698964114,0.073924670537,0.353,-0.046409783753,1.97,-0.931,1.479
2024-05-16 00:30:00,o,4.4,1.15,0.9,1.788217880719231,0.070139897872,0.344,-0.042834966538,2.03,-1.036,1.739
2024-05-16 00:30:00,o,4.4,1.15,0.95,1.7949269989495704,0.069170499531,0.34,-0.041931666997,2.06,-1.09,1.644
2024-05-16 00:30:00,o,4.45,0.05,0.0,1.8258608437677655,-0.025990431914,0.413,0.0014358180154,1.35,-0.156,1.87
2024-05-16 00:30:00,o,4.45,0.05,0.05,1.8258608437677655,-0.025990431914,0.413,0.0014358180154,1.35,-0.156,1.87
2024-05-16 00:30:00,o,4.45,0.05,0.1,1.8633704514285856,-0.024280601053,0.391,0.017053225952,1.67,-0.487,1.013
2024-05-16 00:30:00,o,4.45,0.05,0.15,1.8633704514285856,-0.024280601053,0.391,0.017053225952,1.67,-0.487,1.013
2024-05-16 00:30:00,o,4.45,0.05,0.2,1.8319976772358963,-0.016086703635,0.399,0.011558178565,1.57,-0.369,1.765
2024-05-16 00:30:00,o,4.45,0.05,0.25,1.8131872098791124,-0.011348633619,0.395,0.0086329937332,1.63,-0.438,1.679
2024-05-16 00:30:00,o,4.45,0.05,0.3,1.8108841428997267,-0.012629210137,0.389,0.0095212846301,1.69,-0.513,1.68
2024-05-16 00:30:00,o,4.45,0.05,0.35,1.7942370174407147,-0.0092952055382,0.394,0.0073363444492,1.65,-0.463,1.521
2024-05-16 00:30:00,o,4.45,0.05,0.4,1.7942370174407147,-0.0092952055382,0.394,0.0073363444492,1.65,-0.463,1.521
2024-05-16 00:30:00,o,4.45,0.05,0.45,1.7495817348655593,0.00078147417147,0.401,-0.0010465547245,1.56,-0.358,1.46
2024-05-16 00:30:00,o,4.45,0.05,0.5,1.7307419118500207,0.0095993215897,0.407,-0.0072536876655,1.45,-0.245,1.557
2024-05-16 00:30:00,o,4.45,0.05,0.55,1.7307419118500207,0.0095993215897,0.407,-0.0072536876655,1.45,-0.245,1.557
2024-05-16 00:30:00,o,4.45,0.05,0.6,1.7364522796373165,0.011022556993,0.39,-0.0074044253454,1.69,-0.513,1.613
2024-05-16 00:30:00,o,4.45,0.05,0.65,1.7416321307914349,0.020613361697,0.376,-0.013198874911,1.81,-0.678,1.634
2024-05-16 00:30:00,o,4.45,0.05,0.7,1.7391687139810876,0.028154902091,0.373,-0.018343692366,1.84,-0.722,1.567
2024-05-16 00:30:00,o,4.45,0.05,0.75,1.7391687139810876,0.028154902091,0.373,-0.018343692366,1.84,-0.722,1.567
2024-05-16 00:30:00,o,4.45,0.05,0.8,1.7586469979207748,0.040577327168,0.362,-0.024840308388,1.92,-0.848,1.52
2024-05-16 00:30:00,o,4.45,0.05,0.85,1.7752754060428482,0.042970122626,0.352,-0.025798923429,1.98,-0.948,1.882
2024-05-16 00:30:00,o,4.45,0.05,0.9,1.794055628279197,0.048965214874,0.341,-0.028859037815,2.05,-1.072,1.853
2024-05-16 00:30:00,o,4.45,0.05,0.95,1.797059694699971,0.050339890592,0.339,-0.0298592076,2.06,-1.09,1.84
2024-05-16 00:30:00,o,4.45,0.1,0.0,1.8258608437677655,-0.025990431914,0.413,0.0014358180154,1.35,-0.156,1.87
2024-05-16 00:30:00,o,4.45,0.1,0.95,1.7898274003175525,0.048778278678,0.343,-0.029350576376,2.04,-1.054,2.095
2024-05-16 00:30:00,o,4.45,0.15,0.0,1.9101439610645128,-0.017339324392,0.369,0.012017674901,1.86,-0.753,1.479
2024-05-16 00:30:00,o,4.45,0.15,0.95,1.835424207076886,0.056203016023,0.318,-0.03147076834,2.18,-1.318,1.448
2024-05-16 00:30:00,o,4.45,0.2,0.0,1.9356231294060566,-0.025180495506,0.352,0.016707210252,1.98,-0.948,1.48
2024-05-16 00:30:00,o,4.45,0.2,0.95,1.835424207076886,0.056203016023,0.318,-0.03147076834,2.18,-1.318,1.448
2024-05-16 00:30:00,o,4.45,0.25,0.0,1.9356231294060566,-0.025180495506,0.352,0.016707210252,1.98,-0.948,1.48
2024-05-16 00:30:00,o,4.45,0.25,0.95,1.8398361455084125,0.057155740362,0.316,-0.0314681719,2.19,-1.338,1.406
2024-05-16 00:30:00,o,4.45,0.3,0.0,1.9758681815413575,-0.015535121039,0.326,0.0094630031602,2.14,-1.24,1.476
2024-05-16 00:30:00,o,4.45,0.3,0.95,1.8398361455084125,0.057155740362,0.316,-0.0314681719,2.19,-1.338,1.406
2024-05-16 00:30:00,o,4.45,0.35,0.0,1.9857542045537488,-0.0078803892824,0.32,0.0047888820492,2.17,-1.299,1.483
2024-05-16 00:30:00,o,4.45,0.35,0.95,1.8557613723399478,0.061719700212,0.308,-0.032971332687,2.23,-1.418,1.499
2024-05-16 00:30:00,o,4.45,0.4,0.0,1.9857542045537488,-0.0078803892824,0.32,0.0047888820492,2.17,-1.299,1.483
2024-05-16 00:30:00,o,4.45,0.4,0.95,1.8557613723399478,0.061719700212,0.308,-0.032971332687,2.23,-1.418,1.499
2024-05-16 00:30:00,o,4.45,0.45,0.0,1.989009069978073,-0.0013519874364,0.318,0.00084177024064,2.18,-1.318,1.47
2024-05-16 00:30:00,o,4.45,0.45,0.95,1.8589760823422545,0.066115328014,0.306,-0.035640933667,2.24,-1.438,1.482
2024-05-16 00:30:00,o,4.45,0.5,0.0,1.989009069978073,-0.0013519874364,0.318,0.00084177024064,2.18,-1.318,1.47
2024-05-16 00:30:00,o,4.45,0.5,0.95,1.8589760823422545,0.066115328014,0.306,-0.035640933667,2.24,-1.438,1.482
2024-05-16 00:30:00,o,4.45,0.55,0.0,2.004334273427161,0.0075293763903,0.309,-0.00433680467,2.23,-1.418,1.461
2024-05-16 00:30:00,o,4.45,0.55,0.95,1.8507013607441012,0.066926374532,0.31,-0.036836893967,2.22,-1.398,1.421
2024-05-16 00:30:00,o,4.45,0.6,0.0,2.004334273427161,0.0075293763903,0.309,-0.00433680467,2.23,-1.418,1.461
2024-05-16 00:30:00,o,4.45,0.6,0.95,1.8497387208986198,0.07069085477,0.311,-0.038571412102,2.22,-1.398,1.414
2024-05-16 00:30:00,o,4.45,0.65,0.0,2.013624986206946,0.017902064211,0.304,-0.0099752224625,2.25,-1.459,1.488
2024-05-16 00:30:00,o,4.45,0.65,0.95,1.8497387208986198,0.07069085477,0.311,-0.038571412102,2.22,-1.398,1.414
2024-05-16 00:30:00,o,4.45,0.7,0.0,2.013624986206946,0.017902064211,0.304,-0.0099752224625,2.25,-1.459,1.488
2024-05-16 00:30:00,o,4.45,0.7,0.95,1.8589400263453968,0.077292341361,0.306,-0.042064826168,2.24,-1.438,1.447
2024-05-16 00:30:00,o,4.45,0.75,0.0,2.0283638153456227,0.022368692291,0.295,-0.012966200993,2.31,-1.583,1.519
2024-05-16 00:30:00,o,4.45,0.75,0.95,1.8589400263453968,0.077292341361,0.306,-0.042064826168,2.24,-1.438,1.447
2024-05-16 00:30:00,o,4.45,0.8,0.0,2.0310164123248904,0.026252369848,0.294,-0.014680247988,2.31,-1.583,1.527
2024-05-16 00:30:00,o,4.45,0.8,0.95,1.844570361988267,0.085582815121,0.314,-0.047417721552,2.2,-1.358,1.359
2024-05-16 00:30:00,o,4.45,0.85,0.0,2.0310164123248904,0.026252369848,0.294,-0.014680247988,2.31,-1.583,1.527
2024-05-16 00:30:00,o,4.45,0.85,0.95,1.844570361988267,0.085582815121,0.314,-0.047417721552,2.2,-1.358,1.359
2024-05-16 00:30:00,o,4.45,0.9,0.0,2.0676026991635412,0.032573416961,0.274,-0.017596520512,2.42,-1.817,1.6
2024-05-16 00:30:00,o,4.45,0.9,0.95,1.844570361988267,0.085582815121,0.314,-0.047417721552,2.2,-1.358,1.359
2024-05-16 00:30:00,o,4.45,0.95,0.0,2.0676026991635412,0.032573416961,0.274,-0.017596520512,2.42,-1.817,1.6
2024-05-16 00:30:00,o,4.45,0.95,0.95,1.844570361988267,0.085582815121,0.314,-0.047417721552,2.2,-1.358,1.359
2024-05-16 00:30:00,o,4.45,1.0,0.0,2.060641189552579,0.036660713693,0.278,-0.01972077443,2.4,-1.774,1.525
2024-05-16 00:30:00,o,4.45,1.0,0.95,1.8167051836665153,0.083082662736,0.328,-0.048973071557,2.12,-1.202,1.226
2024-05-16 00:30:00,o,4.45,1.05,0.0,2.060641189552579,0.036660713693,0.278,-0.01972077443,2.4,-1.774,1.525
2024-05-16 00:30:00,o,4.45,1.05,0.95,1.7975445143617264,0.081065377884,0.339,-0.048863839677,2.06,-1.09,1.003
2024-05-16 00:30:00,o,4.45,1.1,0.0,2.0714769676989175,0.035023741658,0.272,-0.018816460667,2.43,-1.839,2.001
2024-05-16 00:30:00,o,4.45,1.1,0.95,1.7975445143617264,0.081065377884,0.339,-0.048863839677,2.06,-1.09,1.003
2024-05-16 00:30:00,o,4.45,1.15,0.0,2.0714769676989175,0.035023741658,0.272,-0.018816460667,2.43,-1.839,2.001
2024-05-16 00:30:00,o,4.45,1.15,0.05,2.0714769676989175,0.035023741658,0.272,-0.018816460667,2.43,-1.839,2.001
2024-05-16 00:30:00,o,4.45,1.15,0.1,2.075886235448224,0.034327760409,0.27,-0.017495489926,2.44,-1.861,2.088
2024-05-16 00:30:00,o,4.45,1.15,0.15,1.9972509193192765,0.046326516756,0.297,-0.02678461746,2.3,-1.562,1.548
2024-05-16 00:30:00,o,4.45,1.15,0.2,1.9810662051749022,0.050682684912,0.298,-0.03005647159,2.29,-1.541,1.592
2024-05-16 00:30:00,o,4.45,1.15,0.25,1.9810662051749022,0.050682684912,0.298,-0.03005647159,2.29,-1.541,1.592
2024-05-16 00:30:00,o,4.45,1.15,0.3,1.9167907251727458,0.057772581284,0.321,-0.037299282923,2.16,-1.279,1.601
2024-05-16 00:30:00,o,4.45,1.15,0.35,1.8939946544964599,0.057619895156,0.326,-0.037405216372,2.14,-1.24,1.484
2024-05-16 00:30:00,o,4.45,1.15,0.4,1.8635548185041324,0.060254787442,0.336,-0.04069889997,2.08,-1.127,1.66
2024-05-16 00:30:00,o,4.45,1.15,0.45,1.8109579768213284,0.064658578275,0.358,-0.046720630829,1.95,-0.897,1.541
2024-05-16 00:30:00,o,4.45,1.15,0.5,1.7785925588131195,0.071499517092,0.374,-0.052,1.83,-0.707,1.467
2024-05-16 00:30:00,o,4.45,1.15,0.55,1.7785925588131195,0.071499517092,0.374,-0.052,1.83,-0.707,1.467
2024-05-16 00:30:00,o,4.45,1.15,0.6,1.7617775375081781,0.073615877056,0.37,-0.051146379354,1.86,-0.753,1.368
2024-05-16 00:30:00,o,4.45,1.15,0.65,1.7617775375081781,0.073615877056,0.37,-0.051146379354,1.86,-0.753,1.368
2024-05-16 00:30:00,o,4.45,1.15,0.7,1.75815462196739,0.075910238044,0.362,-0.048550820818,1.92,-0.848,1.474
2024-05-16 00:30:00,o,4.45,1.15,0.75,1.7625585348503083,0.08165219523,0.359,-0.052476551136,1.94,-0.881,1.338
2024-05-16 00:30:00,o,4.45,1.15,0.8,1.7716609593488875,0.080314195214,0.354,-0.050401089765,1.97,-0.931,1.286
2024-05-16 00:30:00,o,4.45,1.15,0.85,1.7716609593488875,0.080314195214,0.354,-0.050401089765,1.97,-0.931,1.286
2024-05-16 00:30:00,o,4.45,1.15,0.9,1.7975445143617264,0.081065377884,0.339,-0.048863839677,2.06,-1.09,1.003
2024-05-16 00:30:00,o,4.45,1.15,0.95,1.7957966247976092,0.072825596885,0.34,-0.043703170822,2.06,-1.09,1.233
2024-05-16 00:30:00,o,4.5,0.05,0.0,1.8670076112248253,-0.017572533952,0.4,0.013011286476,1.57,-0.369,1.808
2024-05-16 00:30:00,o,4.5,0.05,0.05,1.8670076112248253,-0.017572533952,0.4,0.013011286476,1.57,-0.369,1.808
2024-05-16 00:30:00,o,4.5,0.05,0.1,1.850670736296266,-0.020750403148,0.408,0.015553503854,1.45,-0.245,2.268
2024-05-16 00:30:00,o,4.5,0.05,0.15,1.8477515220205423,-0.016249022387,0.395,0.011678297671,1.63,-0.438,2.055
2024-05-16 00:30:00,o,4.5,0.05,0.2,1.8319976772358963,-0.016086703635,0.399,0.011558178565,1.57,-0.369,1.765
2024-05-16 00:30:00,o,4.5,0.05,0.25,1.8131872098791124,-0.011348633619,0.395,0.0086329937332,1.63,-0.438,1.679
2024-05-16 00:30:00,o,4.5,0.05,0.3,1.8131872098791124,-0.011348633619,0.395,0.0086329937332,1.63,-0.438,1.679
2024-05-16 00:30:00,o,4.5,0.05,0.35,1.8108841428997267,-0.012629210137,0.389,0.0095212846301,1.69,-0.513,1.68
2024-05-16 00:30:00,o,4.5,0.05,0.4,1.7809937946422327,-0.0039157817774,0.401,0.0027559413302,1.56,-0.358,1.453
2024-05-16 00:30:00,o,4.5,0.05,0.45,1.7233982001537236,0.011321202034,0.419,-0.008,1.13,0.002,1.43
2024-05-16 00:30:00,o,4.5,0.05,0.5,1.7168293874329246,0.016168928865,0.414,-0.011,1.32,-0.132,1.516
2024-05-16 00:30:00,o,4.5,0.05,0.55,1.7168293874329246,0.016168928865,0.414,-0.011,1.32,-0.132,1.516
2024-05-16 00:30:00,o,4.5,0.05,0.6,1.7168293874329246,0.016168928865,0.414,-0.011,1.32,-0.132,1.516
2024-05-16 00:30:00,o,4.5,0.05,0.65,1.7242267014045853,0.025873833504,0.39,-0.017997123415,1.69,-0.513,1.429
2024-05-16 00:30:00,o,4.5,0.05,0.7,1.7412304110254708,0.034854055186,0.372,-0.022428652583,1.84,-0.722,1.604
2024-05-16 00:30:00,o,4.5,0.05,0.75,1.7412304110254708,0.034854055186,0.372,-0.022428652583,1.84,-0.722,1.604
2024-05-16 00:30:00,o,4.5,0.05,0.8,1.7586469979207748,0.040577327168,0.362,-0.024840308388,1.92,-0.848,1.52
2024-05-16 00:30:00,o,4.5,0.05,0.85,1.7668439529334603,0.043930461077,0.357,-0.02673984908,1.95,-0.897,1.875
2024-05-16 00:30:00,o,4.5,0.05,0.9,1.7898274003175525,0.048778278678,0.343,-0.029350576376,2.04,-1.054,2.095
2024-05-16 00:30:00,o,4.5,0.05,0.95,1.7936577021232185,0.049748319527,0.341,-0.02958543817,2.05,-1.072,2.257
2024-05-16 00:30:00,o,4.5,0.1,0.0,1.8670076112248253,-0.017572533952,0.4,0.013011286476,1.57,-0.369,1.808
2024-05-16 00:30:00,o,4.5,0.1,0.95,1.8034571156484138,0.051839332459,0.336,-0.029869943656,2.08,-1.127,1.631
2024-05-16 00:30:00,o,4.5,0.15,0.0,1.9101439610645128,-0.017339324392,0.369,0.012017674901,1.86,-0.753,1.479
2024-05-16 00:30:00,o,4.5,0.15,0.95,1.8220110770832794,0.055085410956,0.325,-0.031682732391,2.14,-1.24,1.362
2024-05-16 00:30:00,o,4.5,0.2,0.0,1.9101439610645128,-0.017339324392,0.369,0.012017674901,1.86,-0.753,1.479
2024-05-16 00:30:00,o,4.5,0.2,0.95,1.8220110770832794,0.055085410956,0.325,-0.031682732391,2.14,-1.24,1.362
2024-05-16 00:30:00,o,4.5,0.25,0.0,1.9101439610645128,-0.017339324392,0.369,0.012017674901,1.86,-0.753,1.479
2024-05-16 00:30:00,o,4.5,0.25,0.95,1.8398361455084125,0.057155740362,0.316,-0.0314681719,2.19,-1.338,1.406
2024-05-16 00:30:00,o,4.5,0.3,0.0,1.9857542045537488,-0.0078803892824,0.32,0.0047888820492,2.17,-1.299,1.483
2024-05-16 00:30:00,o,4.5,0.3,0.95,1.8398361455084125,0.057155740362,0.316,-0.0314681719,2.19,-1.338,1.406
2024-05-16 00:30:00,o,4.5,0.35,0.0,1.9857542045537488,-0.0078803892824,0.32,0.0047888820492,2.17,-1.299,1.483
2024-05-16 00:30:00,o,4.5,0.35,0.95,1.8593725008662467,0.064612669527,0.306,-0.034564765795,2.24,-1.438,1.463
2024-05-16 00:30:00,o,4.5,0.4,0.0,1.9857542045537488,-0.0078803892824,0.32,0.0047888820492,2.17,-1.299,1.483
2024-05-16 00:30:00,o,4.5,0.4,0.95,1.8593725008662467,0.064612669527,0.306,-0.034564765795,2.24,-1.438,1.463
2024-05-16 00:30:00,o,4.5,0.45,0.0,1.989009069978073,-0.0013519874364,0.318,0.00084177024064,2.18,-1.318,1.47
2024-05-16 00:30:00,o,4.5,0.45,0.95,1.8612415964935445,0.066523567113,0.305,-0.035588417578,2.25,-1.459,1.464
2024-05-16 00:30:00,o,4.5,0.5,0.0,1.989009069978073,-0.0013519874364,0.318,0.00084177024064,2.18,-1.318,1.47
2024-05-16 00:30:00,o,4.5,0.5,0.95,1.8589760823422545,0.066115328014,0.306,-0.035640933667,2.24,-1.438,1.482
2024-05-16 00:30:00,o,4.5,0.55,0.0,1.989009069978073,-0.0013519874364,0.318,0.00084177024064,2.18,-1.318,1.47
2024-05-16 00:30:00,o,4.5,0.55,0.95,1.8507013607441012,0.066926374532,0.31,-0.036836893967,2.22,-1.398,1.421
2024-05-16 00:30:00,o,4.5,0.6,0.0,2.013624986206946,0.017902064211,0.304,-0.0099752224625,2.25,-1.459,1.488
2024-05-16 00:30:00,o,4.5,0.6,0.95,1.8437496360126302,0.071611369412,0.314,-0.039607273743,2.2,-1.358,1.399
2024-05-16 00:30:00,o,4.5,0.65,0.0,2.013624986206946,0.017902064211,0.304,-0.0099752224625,2.25,-1.459,1.488
2024-05-16 00:30:00,o,4.5,0.65,0.95,1.8493334063737243,0.077173122866,0.311,-0.042594340066,2.22,-1.398,1.374
2024-05-16 00:30:00,o,4.5,0.7,0.0,2.013624986206946,0.017902064211,0.304,-0.0099752224625,2.25,-1.459,1.488
2024-05-16 00:30:00,o,4.5,0.7,0.95,1.8571273644881814,0.081902965759,0.307,-0.044798953614,2.24,-1.438,1.406
2024-05-16 00:30:00,o,4.5,0.75,0.0,2.0283638153456227,0.022368692291,0.295,-0.012966200993,2.31,-1.583,1.519
2024-05-16 00:30:00,o,4.5,0.75,0.95,1.8571273644881814,0.081902965759,0.307,-0.044798953614,2.24,-1.438,1.406
2024-05-16 00:30:00,o,4.5,0.8,0.0,2.0310164123248904,0.026252369848,0.294,-0.014680247988,2.31,-1.583,1.527
2024-05-16 00:30:00,o,4.5,0.8,0.95,1.8446821590925147,0.086216896525,0.313,-0.048731452456,2.21,-1.378,1.27
2024-05-16 00:30:00,o,4.5,0.85,0.0,2.0310164123248904,0.026252369848,0.294,-0.014680247988,2.31,-1.583,1.527
2024-05-16 00:30:00,o,4.5,0.85,0.95,1.8446821590925147,0.086216896525,0.313,-0.048731452456,2.21,-1.378,1.27
2024-05-16 00:30:00,o,4.5,0.9,0.0,2.0310164123248904,0.026252369848,0.294,-0.014680247988,2.31,-1.583,1.527
2024-05-16 00:30:00,o,4.5,0.9,0.95,1.844570361988267,0.085582815121,0.314,-0.047417721552,2.2,-1.358,1.359
2024-05-16 00:30:00,o,4.5,0.95,0.0,2.0676026991635412,0.032573416961,0.274,-0.017596520512,2.42,-1.817,1.6
2024-05-16 00:30:00,o,4.5,0.95,0.95,1.8381120532985837,0.087457118428,0.317,-0.049455656115,2.19,-1.338,1.333
2024-05-16 00:30:00,o,4.5,1.0,0.0,2.030243397689907,0.03811422006,0.294,-0.022105056134,2.31,-1.583,1.539
2024-05-16 00:30:00,o,4.5,1.0,0.95,1.8240021042217351,0.086467569337,0.324,-0.050531032049,2.15,-1.26,1.22
2024-05-16 00:30:00,o,4.5,1.05,0.0,2.030243397689907,0.03811422006,0.294,-0.022105056134,2.31,-1.583,1.539
2024-05-16 00:30:00,o,4.5,1.05,0.95,1.8143608172633796,0.087291522207,0.33,-0.051099593391,2.11,-1.183,1.043
2024-05-16 00:30:00,o,4.5,1.1,0.0,2.0224077489256045,0.039354585379,0.299,-0.022548499034,2.29,-1.541,1.806
2024-05-16 00:30:00,o,4.5,1.1,0.95,1.8031565563674294,0.085494373263,0.336,-0.051102274815,2.08,-1.127,0.831
2024-05-16 00:30:00,o,4.5,1.15,0.0,2.0224077489256045,0.039354585379,0.299,-0.022548499034,2.29,-1.541,1.806
2024-05-16 00:30:00,o,4.5,1.15,0.05,2.041155732629712,0.037531509247,0.288,-0.021342837771,2.34,-1.646,2.381
2024-05-16 00:30:00,o,4.5,1.15,0.1,2.0412268319638733,0.037327057398,0.288,-0.0211825265,2.34,-1.646,2.206
2024-05-16 00:30:00,o,4.5,1.15,0.15,2.005352136486217,0.044087701468,0.298,-0.025856931911,2.29,-1.541,1.956
2024-05-16 00:30:00,o,4.5,1.15,0.2,1.9972509193192765,0.046326516756,0.297,-0.02678461746,2.3,-1.562,1.548
2024-05-16 00:30:00,o,4.5,1.15,0.25,1.9167907251727458,0.057772581284,0.321,-0.037299282923,2.16,-1.279,1.601
2024-05-16 00:30:00,o,4.5,1.15,0.3,1.9167907251727458,0.057772581284,0.321,-0.037299282923,2.16,-1.279,1.601
2024-05-16 00:30:00,o,4.5,1.15,0.35,1.8801330456169967,0.061017035093,0.338,-0.041763404686,2.07,-1.109,1.567
2024-05-16 00:30:00,o,4.5,1.15,0.4,1.8565959843934206,0.060320070983,0.345,-0.041120864693,2.02,-1.018,1.445
2024-05-16 00:30:00,o,4.5,1.15,0.45,1.7769480371034494,0.073226877176,0.375,-0.051,1.82,-0.692,1.376
2024-05-16 00:30:00,o,4.5,1.15,0.5,1.7785925588131195,0.071499517092,0.374,-0.052,1.83,-0.707,1.467
2024-05-16 00:30:00,o,4.5,1.15,0.55,1.7785925588131195,0.071499517092,0.374,-0.052,1.83,-0.707,1.467
2024-05-16 00:30:00,o,4.5,1.15,0.6,1.7617775375081781,0.073615877056,0.37,-0.051146379354,1.86,-0.753,1.368
2024-05-16 00:30:00,o,4.5,1.15,0.65,1.7617775375081781,0.073615877056,0.37,-0.051146379354,1.86,-0.753,1.368
2024-05-16 00:30:00,o,4.5,1.15,0.7,1.7625585348503083,0.08165219523,0.359,-0.052476551136,1.94,-0.881,1.338
2024-05-16 00:30:00,o,4.5,1.15,0.75,1.7625585348503083,0.08165219523,0.359,-0.052476551136,1.94,-0.881,1.338
2024-05-16 00:30:00,o,4.5,1.15,0.8,1.7716609593488875,0.080314195214,0.354,-0.050401089765,1.97,-0.931,1.286
2024-05-16 00:30:00,o,4.5,1.15,0.85,1.785308475740523,0.083714589202,0.346,-0.0515749482,2.02,-1.018,1.06
2024-05-16 00:30:00,o,4.5,1.15,0.9,1.7972536875162477,0.081367285062,0.339,-0.04924596468,2.06,-1.09,1.065
2024-05-16 00:30:00,o,4.5,1.15,0.95,1.7969280073495766,0.07850936552,0.339,-0.047616102131,2.06,-1.09,0.983
2024-05-16 00:30:00,o,4.55,0.05,0.0,1.8845348223684977,-0.014508286761,0.387,0.01039840759,1.71,-0.539,1.194
2024-05-16 00:30:00,o,4.55,0.05,0.05,1.876056105087242,-0.015943833361,0.393,0.011375387388,1.65,-0.463,2.167
2024-05-16 00:30:00,o,4.55,0.05,0.1,1.901997449029889,-0.016111557166,0.373,0.011517102825,1.84,-0.722,1.804
2024-05-16 00:30:00,o,4.55,0.05,0.15,1.862930032708614,-0.012322278228,0.378,0.0086466824167,1.8,-0.663,2.139
2024-05-16 00:30:00,o,4.55,0.05,0.2,1.862930032708614,-0.012322278228,0.378,0.0086466824167,1.8,-0.663,2.139
2024-05-16 00:30:00,o,4.55,0.05,0.25,1.8009781262396323,-0.0061779126668,0.395,0.0043611937527,1.63,-0.438,1.603
2024-05-16 00:30:00,o,4.55,0.05,0.3,1.8009781262396323,-0.0061779126668,0.395,0.0043611937527,1.63,-0.438,1.603
2024-05-16 00:30:00,o,4.55,0.05,0.35,1.8009781262396323,-0.0061779126668,0.395,0.0043611937527,1.63,-0.438,1.603
2024-05-16 00:30:00,o,4.55,0.05,0.4,1.7809937946422327,-0.0039157817774,0.401,0.0027559413302,1.56,-0.358,1.453
2024-05-16 00:30:00,o,4.55,0.05,0.45,1.7233982001537236,0.011321202034,0.419,-0.008,1.13,0.002,1.43
2024-05-16 00:30:00,o,4.55,0.05,0.5,1.7168293874329246,0.016168928865,0.414,-0.011,1.32,-0.132,1.516
2024-05-16 00:30:00,o,4.55,0.05,0.55,1.7168293874329246,0.016168928865,0.414,-0.011,1.32,-0.132,1.516
2024-05-16 00:30:00,o,4.55,0.05,0.6,1.7168293874329246,0.016168928865,0.414,-0.011,1.32,-0.132,1.516
2024-05-16 00:30:00,o,4.55,0.05,0.65,1.7258953051279227,0.031167292799,0.382,-0.020111933645,1.77,-0.62,1.407
2024-05-16 00:30:00,o,4.55,0.05,0.7,1.7349197838726929,0.035454965818,0.376,-0.022983683474,1.81,-0.678,1.566
2024-05-16 00:30:00,o,4.55,0.05,0.75,1.7349197838726929,0.035454965818,0.376,-0.022983683474,1.81,-0.678,1.566
2024-05-16 00:30:00,o,4.55,0.05,0.8,1.7567577849243503,0.042092792062,0.363,-0.026034573143,1.91,-0.832,1.994
2024-05-16 00:30:00,o,4.55,0.05,0.85,1.7567577849243503,0.042092792062,0.363,-0.026034573143,1.91,-0.832,1.994
2024-05-16 00:30:00,o,4.55,0.05,0.9,1.79600507614726,0.050493085798,0.34,-0.029600089273,2.06,-1.09,1.672
2024-05-16 00:30:00,o,4.55,0.05,0.95,1.793594838334746,0.049959663706,0.341,-0.029754295455,2.05,-1.072,1.92
2024-05-16 00:30:00,o,4.55,0.1,0.0,1.8670076112248253,-0.017572533952,0.4,0.013011286476,1.57,-0.369,1.808
2024-05-16 00:30:00,o,4.55,0.1,0.95,1.79600507614726,0.050493085798,0.34,-0.029600089273,2.06,-1.09,1.672
2024-05-16 00:30:00,o,4.55,0.15,0.0,1.9329250745962694,-0.012582900539,0.353,0.0079193080505,1.97,-0.931,1.456
2024-05-16 00:30:00,o,4.55,0.15,0.95,1.821002292934433,0.055326288934,0.326,-0.031424005159,2.14,-1.24,1.381
2024-05-16 00:30:00,o,4.55,0.2,0.0,1.9329250745962694,-0.012582900539,0.353,0.0079193080505,1.97,-0.931,1.456
2024-05-16 00:30:00,o,4.55,0.2,0.95,1.821002292934433,0.055326288934,0.326,-0.031424005159,2.14,-1.24,1.381
2024-05-16 00:30:00,o,4.55,0.25,0.0,1.9525502938982018,-0.010713231359,0.341,0.0072552122791,2.05,-1.072,1.471
2024-05-16 00:30:00,o,4.55,0.25,0.95,1.8275631112547237,0.056232902955,0.323,-0.031082289356,2.15,-1.26,1.373
2024-05-16 00:30:00,o,4.55,0.3,0.0,1.977751033547874,-0.005997001318,0.325,0.0038715512883,2.14,-1.24,1.49
2024-05-16 00:30:00,o,4.55,0.3,0.95,1.8406768290682631,0.060330708963,0.316,-0.032818265072,2.19,-1.338,1.414
2024-05-16 00:30:00,o,4.55,0.35,0.0,1.977751033547874,-0.005997001318,0.325,0.0038715512883,2.14,-1.24,1.49
2024-05-16 00:30:00,o,4.55,0.35,0.95,1.8535887119692567,0.063852922323,0.309,-0.034419193798,2.23,-1.418,1.45
2024-05-16 00:30:00,o,4.55,0.4,0.0,1.977751033547874,-0.005997001318,0.325,0.0038715512883,2.14,-1.24,1.49
2024-05-16 00:30:00,o,4.55,0.4,0.95,1.8543728511977053,0.065187131768,0.308,-0.035733167741,2.23,-1.418,1.432
2024-05-16 00:30:00,o,4.55,0.45,0.0,1.9945678886390488,0.0035590144924,0.315,-0.0017719536816,2.2,-1.358,1.468
2024-05-16 00:30:00,o,4.55,0.45,0.95,1.8584950894151482,0.067337989016,0.306,-0.036609252717,2.24,-1.438,1.446
2024-05-16 00:30:00,o,4.55,0.5,0.0,1.9945678886390488,0.0035590144924,0.315,-0.0017719536816,2.2,-1.358,1.468
2024-05-16 00:30:00,o,4.55,0.5,0.95,1.8584950894151482,0.067337989016,0.306,-0.036609252717,2.24,-1.438,1.446
2024-05-16 00:30:00,o,4.55,0.55,0.0,1.9945678886390488,0.0035590144924,0.315,-0.0017719536816,2.2,-1.358,1.468
2024-05-16 00:30:00,o,4.55,0.55,0.95,1.8443901838757233,0.067297004574,0.314,-0.036708439418,2.2,-1.358,1.405
2024-05-16 00:30:00,o,4.55,0.6,0.0,2.004368670606139,0.0093085290532,0.309,-0.0053669373739,2.23,-1.418,1.469
2024-05-16 00:30:00,o,4.55,0.6,0.95,1.8437496360126302,0.071611369412,0.314,-0.039607273743,2.2,-1.358,1.399
2024-05-16 00:30:00,o,4.55,0.65,0.0,2.0057551860802314,0.015274254091,0.308,-0.0090867162043,2.23,-1.418,1.487
2024-05-16 00:30:00,o,4.55,0.65,0.95,1.8493334063737243,0.077173122866,0.311,-0.042594340066,2.22,-1.398,1.374
2024-05-16 00:30:00,o,4.55,0.7,0.0,2.0057551860802314,0.015274254091,0.308,-0.0090867162043,2.23,-1.418,1.487
2024-05-16 00:30:00,o,4.55,0.7,0.95,1.8571273644881814,0.081902965759,0.307,-0.044798953614,2.24,-1.438,1.406
2024-05-16 00:30:00,o,4.55,0.75,0.0,2.009289386413363,0.022584816281,0.306,-0.013347346099,2.24,-1.438,1.5
2024-05-16 00:30:00,o,4.55,0.75,0.95,1.8571273644881814,0.081902965759,0.307,-0.044798953614,2.24,-1.438,1.406
2024-05-16 00:30:00,o,4.55,0.8,0.0,2.0080463061583504,0.025842936934,0.307,-0.01506294737,2.24,-1.438,1.527
2024-05-16 00:30:00,o,4.55,0.8,0.95,1.8446821590925147,0.086216896525,0.313,-0.048731452456,2.21,-1.378,1.27
2024-05-16 00:30:00,o,4.55,0.85,0.0,2.0080463061583504,0.025842936934,0.307,-0.01506294737,2.24,-1.438,1.527
2024-05-16 00:30:00,o,4.55,0.85,0.95,1.840350786851853,0.088379212116,0.316,-0.04965496318,2.19,-1.338,1.227
2024-05-16 00:30:00,o,4.55,0.9,0.0,2.0080463061583504,0.025842936934,0.307,-0.01506294737,2.24,-1.438,1.527
2024-05-16 00:30:00,o,4.55,0.9,0.95,1.840350786851853,0.088379212116,0.316,-0.04965496318,2.19,-1.338,1.227
2024-05-16 00:30:00,o,4.55,0.95,0.0,1.9995133175872142,0.032630395758,0.312,-0.019480105552,2.21,-1.378,1.515
2024-05-16 00:30:00,o,4.55,0.95,0.95,1.840350786851853,0.088379212116,0.316,-0.04965496318,2.19,-1.338,1.227
2024-05-16 00:30:00,o,4.55,1.0,0.0,2.0068808841026096,0.038262531498,0.307,-0.023399691288,2.24,-1.438,1.547
2024-05-16 00:30:00,o,4.55,1.0,0.95,1.8147335736811836,0.089066913367,0.329,-0.052988675016,2.12,-1.202,0.9
2024-05-16 00:30:00,o,4.55,1.05,0.0,2.030243397689907,0.03811422006,0.294,-0.022105056134,2.31,-1.583,1.539
2024-05-16 00:30:00,o,4.55,1.05,0.95,1.8143608172633796,0.087291522207,0.33,-0.051099593391,2.11,-1.183,1.043
2024-05-16 00:30:00,o,4.55,1.1,0.0,2.0224077489256045,0.039354585379,0.299,-0.022548499034,2.29,-1.541,1.806
2024-05-16 00:30:00,o,4.55,1.1,0.95,1.8031565563674294,0.085494373263,0.336,-0.051102274815,2.08,-1.127,0.831
2024-05-16 00:30:00,o,4.55,1.15,0.0,1.9939826127023064,0.043004725896,0.315,-0.026548024803,2.2,-1.358,1.154
2024-05-16 00:30:00,o,4.55,1.15,0.05,2.0041149273446384,0.041665086528,0.309,-0.025256042292,2.23,-1.418,2.132
2024-05-16 00:30:00,o,4.55,1.15,0.1,1.996156911843868,0.040483590158,0.314,-0.024544403245,2.2,-1.358,1.907
2024-05-16 00:30:00,o,4.55,1.15,0.15,1.9756201917069527,0.047700890753,0.31,-0.029392249834,2.22,-1.398,2.097
2024-05-16 00:30:00,o,4.55,1.15,0.2,1.9756201917069527,0.047700890753,0.31,-0.029392249834,2.22,-1.398,2.097
2024-05-16 00:30:00,o,4.55,1.15,0.25,1.904250173672248,0.055925553303,0.333,-0.036588690577,2.1,-1.164,1.41
2024-05-16 00:30:00,o,4.55,1.15,0.3,1.8801330456169967,0.061017035093,0.338,-0.041763404686,2.07,-1.109,1.567
2024-05-16 00:30:00,o,4.55,1.15,0.35,1.8801330456169967,0.061017035093,0.338,-0.041763404686,2.07,-1.109,1.567
2024-05-16 00:30:00,o,4.55,1.15,0.4,1.8801330456169967,0.061017035093,0.338,-0.041763404686,2.07,-1.109,1.567
2024-05-16 00:30:00,o,4.55,1.15,0.45,1.804854713005252,0.067026207109,0.364,-0.048825271111,1.9,-0.816,1.314
2024-05-16 00:30:00,o,4.55,1.15,0.5,1.7769480371034494,0.073226877176,0.375,-0.051,1.82,-0.692,1.376
2024-05-16 00:30:00,o,4.55,1.15,0.55,1.7769480371034494,0.073226877176,0.375,-0.051,1.82,-0.692,1.376
2024-05-16 00:30:00,o,4.55,1.15,0.6,1.7769480371034494,0.073226877176,0.375,-0.051,1.82,-0.692,1.376
2024-05-16 00:30:00,o,4.55,1.15,0.65,1.764527312924223,0.081985142528,0.358,-0.052359826927,1.95,-0.897,1.104
2024-05-16 00:30:00,o,4.55,1.15,0.7,1.7675491513309798,0.085124266384,0.356,-0.054439792627,1.96,-0.914,1.118
2024-05-16 00:30:00,o,4.55,1.15,0.75,1.7675491513309798,0.085124266384,0.356,-0.054439792627,1.96,-0.914,1.118
2024-05-16 00:30:00,o,4.55,1.15,0.8,1.7834533368805336,0.086206552926,0.347,-0.053456593488,2.01,-1.001,0.773
2024-05-16 00:30:00,o,4.55,1.15,0.85,1.790271086188157,0.088944922828,0.343,-0.054751818139,2.04,-1.054,0.81
2024-05-16 00:30:00,o,4.55,1.15,0.9,1.8015409061903183,0.089084828593,0.337,-0.053464839173,2.07,-1.109,0.509
2024-05-16 00:30:00,o,4.55,1.15,0.95,1.7977036941932139,0.085888032331,0.339,-0.051880488839,2.06,-1.09,0.635
2024-05-16 00:30:00,o,4.6,0.05,0.0,1.8845348223684977,-0.014508286761,0.387,0.01039840759,1.71,-0.539,1.194
2024-05-16 00:30:00,o,4.6,0.05,0.05,1.8914649762937865,-0.013547929135,0.382,0.0096041200328,1.77,-0.62,1.321
2024-05-16 00:30:00,o,4.6,0.05,0.1,1.8906110160038456,-0.015276569044,0.383,0.011216372989,1.75,-0.592,2.165
2024-05-16 00:30:00,o,4.6,0.05,0.15,1.8811563210755637,-0.014592099803,0.379,0.010012811482,1.8,-0.663,2.382
2024-05-16 00:30:00,o,4.6,0.05,0.2,1.879009815263195,-0.012784017892,0.373,0.0085352190511,1.84,-0.722,2.321
2024-05-16 00:30:00,o,4.6,0.05,0.25,1.818331484298138,-0.0063149304202,0.385,0.0041460960453,1.73,-0.565,1.54
2024-05-16 00:30:00,o,4.6,0.05,0.3,1.7882461693728198,-0.0023274899645,0.4,0.0014806018833,1.57,-0.369,1.647
2024-05-16 00:30:00,o,4.6,0.05,0.35,1.7882461693728198,-0.0023274899645,0.4,0.0014806018833,1.57,-0.369,1.647
2024-05-16 00:30:00,o,4.6,0.05,0.4,1.7521714164567443,0.004666388991,0.415,-0.0036036952005,1.29,-0.108,1.543
2024-05-16 00:30:00,o,4.6,0.05,0.45,1.72607487021537,0.011024678898,0.421,-0.006,1.03,0.06,1.457
2024-05-16 00:30:00,o,4.6,0.05,0.5,1.7127927595781132,0.016908496634,0.421,-0.005,1.03,0.06,1.516
2024-05-16 00:30:00,o,4.6,0.05,0.55,1.7127927595781132,0.016908496634,0.421,-0.005,1.03,0.06,1.516
2024-05-16 00:30:00,o,4.6,0.05,0.6,1.7088541285708898,0.022933336376,0.41,-0.013,1.42,-0.217,1.493
2024-05-16 00:30:00,o,4.6,0.05,0.65,1.7172210003070678,0.029175117282,0.391,-0.019851484036,1.67,-0.487,1.457
2024-05-16 00:30:00,o,4.6,0.05,0.7,1.7274355170359987,0.033963593177,0.381,-0.021975843454,1.77,-0.62,1.557
2024-05-16 00:30:00,o,4.6,0.05,0.75,1.7274355170359987,0.033963593177,0.381,-0.021975843454,1.77,-0.62,1.557
2024-05-16 00:30:00,o,4.6,0.05,0.8,1.7554861024573511,0.042197212895,0.364,-0.02592497943,1.9,-0.816,1.695
2024-05-16 00:30:00,o,4.6,0.05,0.85,1.7630534402996147,0.043863073241,0.359,-0.027120746934,1.94,-0.881,2.31
2024-05-16 00:30:00,o,4.6,0.05,0.9,1.7752826923128766,0.046434015488,0.352,-0.027974681971,1.98,-0.948,2.145
2024-05-16 00:30:00,o,4.6,0.05,0.95,1.791571359517702,0.049758182494,0.342,-0.029878237464,2.04,-1.054,1.121
2024-05-16 00:30:00,o,4.6,0.1,0.0,1.9051101790922078,-0.013203300905,0.372,0.0088062344353,1.84,-0.722,1.171
2024-05-16 00:30:00,o,4.6,0.1,0.95,1.79600507614726,0.050493085798,0.34,-0.029600089273,2.06,-1.09,1.672
2024-05-16 00:30:00,o,4.6,0.15,0.0,1.9329250745962694,-0.012582900539,0.353,0.0079193080505,1.97,-0.931,1.456
2024-05-16 00:30:00,o,4.6,0.15,0.95,1.804078067712361,0.052014246909,0.335,-0.030598930872,2.09,-1.146,1.276
2024-05-16 00:30:00,o,4.6,0.2,0.0,1.9329250745962694,-0.012582900539,0.353,0.0079193080505,1.97,-0.931,1.456
2024-05-16 00:30:00,o,4.6,0.2,0.95,1.821002292934433,0.055326288934,0.326,-0.031424005159,2.14,-1.24,1.381
2024-05-16 00:30:00,o,4.6,0.25,0.0,1.9525502938982018,-0.010713231359,0.341,0.0072552122791,2.05,-1.072,1.471
2024-05-16 00:30:00,o,4.6,0.25,0.95,1.821002292934433,0.055326288934,0.326,-0.031424005159,2.14,-1.24,1.381
2024-05-16 00:30:00,o,4.6,0.3,0.0,1.9525502938982018,-0.010713231359,0.341,0.0072552122791,2.05,-1.072,1.471
2024-05-16 00:30:00,o,4.6,0.3,0.95,1.8406768290682631,0.060330708963,0.316,-0.032818265072,2.19,-1.338,1.414
2024-05-16 00:30:00,o,4.6,0.35,0.0,1.977751033547874,-0.005997001318,0.325,0.0038715512883,2.14,-1.24,1.49
2024-05-16 00:30:00,o,4.6,0.35,0.95,1.8406768290682631,0.060330708963,0.316,-0.032818265072,2.19,-1.338,1.414
2024-05-16 00:30:00,o,4.6,0.4,0.0,1.9865074953974884,-0.0032270122053,0.319,0.0014677269849,2.17,-1.299,1.472
2024-05-16 00:30:00,o,4.6,0.4,0.95,1.8543728511977053,0.065187131768,0.308,-0.035733167741,2.23,-1.418,1.432
2024-05-16 00:30:00,o,4.6,0.45,0.0,1.9865074953974884,-0.0032270122053,0.319,0.0014677269849,2.17,-1.299,1.472
2024-05-16 00:30:00,o,4.6,0.45,0.95,1.8584950894151482,0.067337989016,0.306,-0.036609252717,2.24,-1.438,1.446
2024-05-16 00:30:00,o,4.6,0.5,0.0,1.9945678886390488,0.0035590144924,0.315,-0.0017719536816,2.2,-1.358,1.468
2024-05-16 00:30:00,o,4.6,0.5,0.95,1.8611280030902806,0.068946506941,0.305,-0.037026680438,2.25,-1.459,1.448
2024-05-16 00:30:00,o,4.6,0.55,0.0,2.004368670606139,0.0093085290532,0.309,-0.0053669373739,2.23,-1.418,1.469
2024-05-16 00:30:00,o,4.6,0.55,0.95,1.8594505406652657,0.070879184147,0.306,-0.038084178589,2.24,-1.438,1.414
2024-05-16 00:30:00,o,4.6,0.6,0.0,2.004368670606139,0.0093085290532,0.309,-0.0053669373739,2.23,-1.418,1.469
2024-05-16 00:30:00,o,4.6,0.6,0.95,1.8590061267198152,0.079041867326,0.306,-0.043039622662,2.24,-1.438,1.383
2024-05-16 00:30:00,o,4.6,0.65,0.0,2.0057551860802314,0.015274254091,0.308,-0.0090867162043,2.23,-1.418,1.487
2024-05-16 00:30:00,o,4.6,0.65,0.95,1.8590061267198152,0.079041867326,0.306,-0.043039622662,2.24,-1.438,1.383
2024-05-16 00:30:00,o,4.6,0.7,0.0,2.0057551860802314,0.015274254091,0.308,-0.0090867162043,2.23,-1.418,1.487
2024-05-16 00:30:00,o,4.6,0.7,0.95,1.8602421516940602,0.08317074063,0.305,-0.045721122646,2.25,-1.459,1.405
2024-05-16 00:30:00,o,4.6,0.75,0.0,2.009289386413363,0.022584816281,0.306,-0.013347346099,2.24,-1.438,1.5
2024-05-16 00:30:00,o,4.6,0.75,0.95,1.8602421516940602,0.08317074063,0.305,-0.045721122646,2.25,-1.459,1.405
2024-05-16 00:30:00,o,4.6,0.8,0.0,2.009289386413363,0.022584816281,0.306,-0.013347346099,2.24,-1.438,1.5
2024-05-16 00:30:00,o,4.6,0.8,0.95,1.8460276753643787,0.088882273383,0.313,-0.049525493621,2.21,-1.378,1.285
2024-05-16 00:30:00,o,4.6,0.85,0.0,2.0080463061583504,0.025842936934,0.307,-0.01506294737,2.24,-1.438,1.527
2024-05-16 00:30:00,o,4.6,0.85,0.95,1.8460276753643787,0.088882273383,0.313,-0.049525493621,2.21,-1.378,1.285
2024-05-16 00:30:00,o,4.6,0.9,0.0,2.0080463061583504,0.025842936934,0.307,-0.01506294737,2.24,-1.438,1.527
2024-05-16 00:30:00,o,4.6,0.9,0.95,1.8282924594596257,0.089139581771,0.322,-0.0515254278,2.16,-1.279,1.136
2024-05-16 00:30:00,o,4.6,0.95,0.0,1.9995133175872142,0.032630395758,0.312,-0.019480105552,2.21,-1.378,1.515
2024-05-16 00:30:00,o,4.6,0.95,0.95,1.8282924594596257,0.089139581771,0.322,-0.0515254278,2.16,-1.279,1.136
2024-05-16 00:30:00,o,4.6,1.0,0.0,2.0068808841026096,0.038262531498,0.307,-0.023399691288,2.24,-1.438,1.547
2024-05-16 00:30:00,o,4.6,1.0,0.95,1.8211858826088454,0.08975023523,0.326,-0.052345139486,2.14,-1.24,0.955
2024-05-16 00:30:00,o,4.6,1.05,0.0,2.0068808841026096,0.038262531498,0.307,-0.023399691288,2.24,-1.438,1.547
2024-05-16 00:30:00,o,4.6,1.05,0.95,1.8077379220141008,0.08947711332,0.333,-0.053717490356,2.1,-1.164,0.704
2024-05-16 00:30:00,o,4.6,1.1,0.0,1.9889377960227526,0.042362727536,0.318,-0.02638866738,2.18,-1.318,1.217
2024-05-16 00:30:00,o,4.6,1.1,0.95,1.8015409061903183,0.089084828593,0.337,-0.053464839173,2.07,-1.109,0.509
2024-05-16 00:30:00,o,4.6,1.15,0.0,1.9939826127023064,0.043004725896,0.315,-0.026548024803,2.2,-1.358,1.154
2024-05-16 00:30:00,o,4.6,1.15,0.05,1.984945654660568,0.044085655169,0.32,-0.028111223718,2.17,-1.299,1.309
2024-05-16 00:30:00,o,4.6,1.15,0.1,1.9895210076483123,0.04257773695,0.318,-0.026150205417,2.18,-1.318,2.219
2024-05-16 00:30:00,o,4.6,1.15,0.15,1.975335287899486,0.045752893855,0.318,-0.028885499577,2.18,-1.318,2.318
2024-05-16 00:30:00,o,4.6,1.15,0.2,1.9503453788505742,0.051823134767,0.325,-0.033031386687,2.14,-1.24,1.874
2024-05-16 00:30:00,o,4.6,1.15,0.25,1.8932400736088384,0.059570337258,0.335,-0.039427987718,2.09,-1.146,1.513
2024-05-16 00:30:00,o,4.6,1.15,0.3,1.8932400736088384,0.059570337258,0.335,-0.039427987718,2.09,-1.146,1.513
2024-05-16 00:30:00,o,4.6,1.15,0.35,1.8628168801302234,0.064228379836,0.346,-0.045029257203,2.02,-1.018,1.611
2024-05-16 00:30:00,o,4.6,1.15,0.4,1.825653267724309,0.068963921737,0.36,-0.049845838981,1.93,-0.864,1.495
2024-05-16 00:30:00,o,4.6,1.15,0.45,1.7998572591896123,0.071154558253,0.365,-0.052641785063,1.9,-0.816,1.354
2024-05-16 00:30:00,o,4.6,1.15,0.5,1.7998572591896123,0.071154558253,0.365,-0.052641785063,1.9,-0.816,1.354
2024-05-16 00:30:00,o,4.6,1.15,0.55,1.7782887551991327,0.075548119146,0.371,-0.054,1.86,-0.753,1.378
2024-05-16 00:30:00,o,4.6,1.15,0.6,1.7782887551991327,0.075548119146,0.371,-0.054,1.86,-0.753,1.378
2024-05-16 00:30:00,o,4.6,1.15,0.65,1.7650796605798131,0.083323004476,0.36,-0.054552196076,1.93,-0.864,1.12
2024-05-16 00:30:00,o,4.6,1.15,0.7,1.768001359986824,0.086443564949,0.356,-0.05503146173,1.96,-0.914,1.133
2024-05-16 00:30:00,o,4.6,1.15,0.75,1.768001359986824,0.086443564949,0.356,-0.05503146173,1.96,-0.914,1.133
2024-05-16 00:30:00,o,4.6,1.15,0.8,1.7851304409579205,0.090911453239,0.346,-0.056476016441,2.02,-1.018,0.802
2024-05-16 00:30:00,o,4.6,1.15,0.85,1.790257007886718,0.090150639995,0.343,-0.055558666207,2.04,-1.054,0.855
2024-05-16 00:30:00,o,4.6,1.15,0.9,1.7940067797887853,0.09087883034,0.341,-0.055562992867,2.05,-1.072,0.673
2024-05-16 00:30:00,o,4.6,1.15,0.95,1.7984089198895257,0.089325609928,0.339,-0.053658846673,2.06,-1.09,0.091
2024-05-16 00:30:00,o,4.65,0.05,0.0,1.9051101790922078,-0.013203300905,0.372,0.0088062344353,1.84,-0.722,1.171
2024-05-16 00:30:00,o,4.65,0.05,0.05,1.8914649762937865,-0.013547929135,0.382,0.0096041200328,1.77,-0.62,1.321
2024-05-16 00:30:00,o,4.65,0.05,0.1,1.8876341767364002,-0.014227192103,0.385,0.010389753442,1.73,-0.565,1.161
2024-05-16 00:30:00,o,4.65,0.05,0.15,1.8664527530956798,-0.011666731601,0.381,0.0082468581861,1.77,-0.62,1.404
2024-05-16 00:30:00,o,4.65,0.05,0.2,1.8409212001987718,-0.0087561337177,0.385,0.0064586528376,1.73,-0.565,1.602
2024-05-16 00:30:00,o,4.65,0.05,0.25,1.8409212001987718,-0.0087561337177,0.385,0.0064586528376,1.73,-0.565,1.602
2024-05-16 00:30:00,o,4.65,0.05,0.3,1.818331484298138,-0.0063149304202,0.385,0.0041460960453,1.73,-0.565,1.54
2024-05-16 00:30:00,o,4.65,0.05,0.35,1.7882461693728198,-0.0023274899645,0.4,0.0014806018833,1.57,-0.369,1.647
2024-05-16 00:30:00,o,4.65,0.05,0.4,1.7521714164567443,0.004666388991,0.415,-0.0036036952005,1.29,-0.108,1.543
2024-05-16 00:30:00,o,4.65,0.05,0.45,1.7521714164567443,0.004666388991,0.415,-0.0036036952005,1.29,-0.108,1.543
2024-05-16 00:30:00,o,4.65,0.05,0.5,1.72607487021537,0.011024678898,0.421,-0.006,1.03,0.06,1.457
2024-05-16 00:30:00,o,4.65,0.05,0.55,1.7127927595781132,0.016908496634,0.421,-0.005,1.03,0.06,1.516
2024-05-16 00:30:00,o,4.65,0.05,0.6,1.7088541285708898,0.022933336376,0.41,-0.013,1.42,-0.217,1.493
2024-05-16 00:30:00,o,4.65,0.05,0.65,1.7088541285708898,0.022933336376,0.41,-0.013,1.42,-0.217,1.493
2024-05-16 00:30:00,o,4.65,0.05,0.7,1.7172210003070678,0.029175117282,0.391,-0.019851484036,1.67,-0.487,1.457
2024-05-16 00:30:00,o,4.65,0.05,0.75,1.7383603259022482,0.037812359803,0.374,-0.02426637704,1.83,-0.707,1.5
2024-05-16 00:30:00,o,4.65,0.05,0.8,1.7383603259022482,0.037812359803,0.374,-0.02426637704,1.83,-0.707,1.5
2024-05-16 00:30:00,o,4.65,0.05,0.85,1.7700046793901705,0.045401163993,0.355,-0.027663947416,1.97,-0.931,1.333
2024-05-16 00:30:00,o,4.65,0.05,0.9,1.7806268976695667,0.047614307184,0.349,-0.028355247327,2.0,-0.983,1.073
2024-05-16 00:30:00,o,4.65,0.05,0.95,1.791571359517702,0.049758182494,0.342,-0.029878237464,2.04,-1.054,1.121
2024-05-16 00:30:00,o,4.65,0.1,0.0,1.9051101790922078,-0.013203300905,0.372,0.0088062344353,1.84,-0.722,1.171
2024-05-16 00:30:00,o,4.65,0.1,0.05,1.9051101790922078,-0.013203300905,0.372,0.0088062344353,1.84,-0.722,1.171
2024-05-16 00:30:00,o,4.65,0.1,0.1,1.901997449029889,-0.016111557166,0.373,0.011517102825,1.84,-0.722,1.804
2024-05-16 00:30:00,o,4.65,0.1,0.15,1.879009815263195,-0.012784017892,0.373,0.0085352190511,1.84,-0.722,2.321
2024-05-16 00:30:00,o,4.65,0.1,0.2,1.8664527530956798,-0.011666731601,0.381,0.0082468581861,1.77,-0.62,1.404
2024-05-16 00:30:00,o,4.65,0.1,0.25,1.818331484298138,-0.0063149304202,0.385,0.0041460960453,1.73,-0.565,1.54
2024-05-16 00:30:00,o,4.65,0.1,0.3,1.818331484298138,-0.0063149304202,0.385,0.0041460960453,1.73,-0.565,1.54
2024-05-16 00:30:00,o,4.65,0.1,0.35,1.818331484298138,-0.0063149304202,0.385,0.0041460960453,1.73,-0.565,1.54
2024-05-16 00:30:00,o,4.65,0.1,0.4,1.7521714164567443,0.004666388991,0.415,-0.0036036952005,1.29,-0.108,1.543
2024-05-16 00:30:00,o,4.65,0.1,0.45,1.72607487021537,0.011024678898,0.421,-0.006,1.03,0.06,1.457
2024-05-16 00:30:00,o,4.65,0.1,0.5,1.72607487021537,0.011024678898,0.421,-0.006,1.03,0.06,1.457
2024-05-16 00:30:00,o,4.65,0.1,0.55,1.7127927595781132,0.016908496634,0.421,-0.005,1.03,0.06,1.516
2024-05-16 00:30:00,o,4.65,0.1,0.6,1.7088541285708898,0.022933336376,0.41,-0.013,1.42,-0.217,1.493
2024-05-16 00:30:00,o,4.65,0.1,0.65,1.7172210003070678,0.029175117282,0.391,-0.019851484036,1.67,-0.487,1.457
2024-05-16 00:30:00,o,4.65,0.1,0.7,1.7172210003070678,0.029175117282,0.391,-0.019851484036,1.67,-0.487,1.457
2024-05-16 00:30:00,o,4.65,0.1,0.75,1.7274355170359987,0.033963593177,0.381,-0.021975843454,1.77,-0.62,1.557
2024-05-16 00:30:00,o,4.65,0.1,0.8,1.7554861024573511,0.042197212895,0.364,-0.02592497943,1.9,-0.816,1.695
2024-05-16 00:30:00,o,4.65,0.1,0.85,1.7752826923128766,0.046434015488,0.352,-0.027974681971,1.98,-0.948,2.145
2024-05-16 00:30:00,o,4.65,0.1,0.9,1.7798417046157964,0.047070112147,0.349,-0.028506360827,2.0,-0.983,1.683
2024-05-16 00:30:00,o,4.65,0.1,0.95,1.8013213715050402,0.051693256651,0.337,-0.03008131655,2.07,-1.109,1.027
2024-05-16 00:30:00,o,4.65,0.15,0.0,1.9051101790922078,-0.013203300905,0.372,0.0088062344353,1.84,-0.722,1.171
2024-05-16 00:30:00,o,4.65,0.15,0.05,1.917379456586713,-0.013345496183,0.364,0.0091880054784,1.9,-0.816,1.376
2024-05-16 00:30:00,o,4.65,0.15,0.1,1.913707913980483,-0.015399229688,0.363,0.01024891276,1.91,-0.832,1.368
2024-05-16 00:30:00,o,4.65,0.15,0.15,1.8945265115633485,-0.013475689609,0.363,0.0094892625281,1.91,-0.832,1.308
2024-05-16 00:30:00,o,4.65,0.15,0.2,1.8945265115633485,-0.013475689609,0.363,0.0094892625281,1.91,-0.832,1.308
2024-05-16 00:30:00,o,4.65,0.15,0.25,1.8368366098919104,-0.0082490215313,0.374,0.0061619275646,1.83,-0.707,1.322
2024-05-16 00:30:00,o,4.65,0.15,0.3,1.8368366098919104,-0.0082490215313,0.374,0.0061619275646,1.83,-0.707,1.322
2024-05-16 00:30:00,o,4.65,0.15,0.35,1.828685669923767,-0.0082268136239,0.384,0.0058339343172,1.75,-0.592,1.451
2024-05-16 00:30:00,o,4.65,0.15,0.4,1.7809937946422327,-0.0039157817774,0.401,0.0027559413302,1.56,-0.358,1.453
2024-05-16 00:30:00,o,4.65,0.15,0.45,1.7233982001537236,0.011321202034,0.419,-0.008,1.13,0.002,1.43
2024-05-16 00:30:00,o,4.65,0.15,0.5,1.7233982001537236,0.011321202034,0.419,-0.008,1.13,0.002,1.43
2024-05-16 00:30:00,o,4.65,0.15,0.55,1.7233982001537236,0.011321202034,0.419,-0.008,1.13,0.002,1.43
2024-05-16 00:30:00,o,4.65,0.15,0.6,1.7242267014045853,0.025873833504,0.39,-0.017997123415,1.69,-0.513,1.429
2024-05-16 00:30:00,o,4.65,0.15,0.65,1.7258953051279227,0.031167292799,0.382,-0.020111933645,1.77,-0.62,1.407
2024-05-16 00:30:00,o,4.65,0.15,0.7,1.7258953051279227,0.031167292799,0.382,-0.020111933645,1.77,-0.62,1.407
2024-05-16 00:30:00,o,4.65,0.15,0.75,1.7421986327232568,0.0346795531,0.372,-0.0216805692,1.84,-0.722,1.318
2024-05-16 00:30:00,o,4.65,0.15,0.8,1.7865739780238268,0.047951950106,0.345,-0.028854988778,2.02,-1.018,1.241
2024-05-16 00:30:00,o,4.65,0.15,0.85,1.7865739780238268,0.047951950106,0.345,-0.028854988778,2.02,-1.018,1.241
2024-05-16 00:30:00,o,4.65,0.15,0.9,1.804078067712361,0.052014246909,0.335,-0.030598930872,2.09,-1.146,1.276
2024-05-16 00:30:00,o,4.65,0.15,0.95,1.8099567946717985,0.053381537551,0.332,-0.030869037268,2.1,-1.164,1.265
2024-05-16 00:30:00,o,4.65,0.2,0.0,1.9525502938982018,-0.010713231359,0.341,0.0072552122791,2.05,-1.072,1.471
2024-05-16 00:30:00,o,4.65,0.2,0.05,1.9329250745962694,-0.012582900539,0.353,0.0079193080505,1.97,-0.931,1.456
2024-05-16 00:30:00,o,4.65,0.2,0.1,1.913707913980483,-0.015399229688,0.363,0.01024891276,1.91,-0.832,1.368
2024-05-16 00:30:00,o,4.65,0.2,0.15,1.8945265115633485,-0.013475689609,0.363,0.0094892625281,1.91,-0.832,1.308
2024-05-16 00:30:00,o,4.65,0.2,0.2,1.8763795158865837,-0.011097122268,0.363,0.0071453469783,1.91,-0.832,1.261
2024-05-16 00:30:00,o,4.65,0.2,0.25,1.8763795158865837,-0.011097122268,0.363,0.0071453469783,1.91,-0.832,1.261
2024-05-16 00:30:00,o,4.65,0.2,0.3,1.8368366098919104,-0.0082490215313,0.374,0.0061619275646,1.83,-0.707,1.322
2024-05-16 00:30:00,o,4.65,0.2,0.35,1.8368366098919104,-0.0082490215313,0.374,0.0061619275646,1.83,-0.707,1.322
2024-05-16 00:30:00,o,4.65,0.2,0.4,1.77385224219091,0.0017653527118,0.398,-0.00084108308503,1.6,-0.403,1.35
2024-05-16 00:30:00,o,4.65,0.2,0.45,1.7412382914562763,0.0084345581907,0.409,-0.0061965654007,1.42,-0.217,1.322
2024-05-16 00:30:00,o,4.65,0.2,0.5,1.7248736372171314,0.013707782134,0.413,-0.010502999066,1.35,-0.156,1.34
2024-05-16 00:30:00,o,4.65,0.2,0.55,1.7248736372171314,0.013707782134,0.413,-0.010502999066,1.35,-0.156,1.34
2024-05-16 00:30:00,o,4.65,0.2,0.6,1.7271262832065581,0.021869981874,0.398,-0.015206067657,1.6,-0.403,1.318
2024-05-16 00:30:00,o,4.65,0.2,0.65,1.7421986327232568,0.0346795531,0.372,-0.0216805692,1.84,-0.722,1.318
2024-05-16 00:30:00,o,4.65,0.2,0.7,1.7421986327232568,0.0346795531,0.372,-0.0216805692,1.84,-0.722,1.318
2024-05-16 00:30:00,o,4.65,0.2,0.75,1.7421986327232568,0.0346795531,0.372,-0.0216805692,1.84,-0.722,1.318
2024-05-16 00:30:00,o,4.65,0.2,0.8,1.7760688908219828,0.044383447458,0.351,-0.027188162509,1.99,-0.966,1.198
2024-05-16 00:30:00,o,4.65,0.2,0.85,1.7865739780238268,0.047951950106,0.345,-0.028854988778,2.02,-1.018,1.241
2024-05-16 00:30:00,o,4.65,0.2,0.9,1.804078067712361,0.052014246909,0.335,-0.030598930872,2.09,-1.146,1.276
2024-05-16 00:30:00,o,4.65,0.2,0.95,1.8228347065948727,0.056050191097,0.325,-0.031766382842,2.14,-1.24,1.342
2024-05-16 00:30:00,o,4.65,0.25,0.0,1.9525502938982018,-0.010713231359,0.341,0.0072552122791,2.05,-1.072,1.471
2024-05-16 00:30:00,o,4.65,0.25,0.05,1.9525502938982018,-0.010713231359,0.341,0.0072552122791,2.05,-1.072,1.471
2024-05-16 00:30:00,o,4.65,0.25,0.1,1.9525502938982018,-0.010713231359,0.341,0.0072552122791,2.05,-1.072,1.471
2024-05-16 00:30:00,o,4.65,0.25,0.15,1.8958974685266694,-0.01097068457,0.352,0.0071367267202,1.98,-0.948,1.287
2024-05-16 00:30:00,o,4.65,0.25,0.2,1.8763795158865837,-0.011097122268,0.363,0.0071453469783,1.91,-0.832,1.261
2024-05-16 00:30:00,o,4.65,0.25,0.25,1.8763795158865837,-0.011097122268,0.363,0.0071453469783,1.91,-0.832,1.261
2024-05-16 00:30:00,o,4.65,0.25,0.3,1.8368366098919104,-0.0082490215313,0.374,0.0061619275646,1.83,-0.707,1.322
2024-05-16 00:30:00,o,4.65,0.25,0.35,1.8074876725062239,-0.005051361467,0.385,0.0033850429323,1.73,-0.565,1.333
2024-05-16 00:30:00,o,4.65,0.25,0.4,1.77385224219091,0.0017653527118,0.398,-0.00084108308503,1.6,-0.403,1.35
2024-05-16 00:30:00,o,4.65,0.25,0.45,1.77385224219091,0.0017653527118,0.398,-0.00084108308503,1.6,-0.403,1.35
2024-05-16 00:30:00,o,4.65,0.25,0.5,1.7248736372171314,0.013707782134,0.413,-0.010502999066,1.35,-0.156,1.34
2024-05-16 00:30:00,o,4.65,0.25,0.55,1.7271262832065581,0.021869981874,0.398,-0.015206067657,1.6,-0.403,1.318
2024-05-16 00:30:00,o,4.65,0.25,0.6,1.7271262832065581,0.021869981874,0.398,-0.015206067657,1.6,-0.403,1.318
2024-05-16 00:30:00,o,4.65,0.25,0.65,1.7271262832065581,0.021869981874,0.398,-0.015206067657,1.6,-0.403,1.318
2024-05-16 00:30:00,o,4.65,0.25,0.7,1.7421986327232568,0.0346795531,0.372,-0.0216805692,1.84,-0.722,1.318
2024-05-16 00:30:00,o,4.65,0.25,0.75,1.7760688908219828,0.044383447458,0.351,-0.027188162509,1.99,-0.966,1.198
2024-05-16 00:30:00,o,4.65,0.25,0.8,1.7760688908219828,0.044383447458,0.351,-0.027188162509,1.99,-0.966,1.198
2024-05-16 00:30:00,o,4.65,0.25,0.85,1.7760688908219828,0.044383447458,0.351,-0.027188162509,1.99,-0.966,1.198
2024-05-16 00:30:00,o,4.65,0.25,0.9,1.8275631112547237,0.056232902955,0.323,-0.031082289356,2.15,-1.26,1.373
2024-05-16 00:30:00,o,4.65,0.25,0.95,1.834274430543622,0.058729513891,0.319,-0.032611676934,2.17,-1.299,1.389
2024-05-16 00:30:00,o,4.65,0.3,0.0,1.9525502938982018,-0.010713231359,0.341,0.0072552122791,2.05,-1.072,1.471
2024-05-16 00:30:00,o,4.65,0.3,0.05,1.9644340674276597,-0.009478502992,0.333,0.0058745813063,2.1,-1.164,1.45
2024-05-16 00:30:00,o,4.65,0.3,0.1,1.9644340674276597,-0.009478502992,0.333,0.0058745813063,2.1,-1.164,1.45
2024-05-16 00:30:00,o,4.65,0.3,0.15,1.920185960401147,-0.0086910365687,0.34,0.0054871348028,2.06,-1.09,1.357
2024-05-16 00:30:00,o,4.65,0.3,0.2,1.920185960401147,-0.0086910365687,0.34,0.0054871348028,2.06,-1.09,1.357
2024-05-16 00:30:00,o,4.65,0.3,0.25,1.8958974685266694,-0.01097068457,0.352,0.0071367267202,1.98,-0.948,1.287
2024-05-16 00:30:00,o,4.65,0.3,0.3,1.8368366098919104,-0.0082490215313,0.374,0.0061619275646,1.83,-0.707,1.322
2024-05-16 00:30:00,o,4.65,0.3,0.35,1.77385224219091,0.0017653527118,0.398,-0.00084108308503,1.6,-0.403,1.35
2024-05-16 00:30:00,o,4.65,0.3,0.4,1.77385224219091,0.0017653527118,0.398,-0.00084108308503,1.6,-0.403,1.35
2024-05-16 00:30:00,o,4.65,0.3,0.45,1.77385224219091,0.0017653527118,0.398,-0.00084108308503,1.6,-0.403,1.35
2024-05-16 00:30:00,o,4.65,0.3,0.5,1.7412382914562763,0.0084345581907,0.409,-0.0061965654007,1.42,-0.217,1.322
2024-05-16 00:30:00,o,4.65,0.3,0.55,1.7271262832065581,0.021869981874,0.398,-0.015206067657,1.6,-0.403,1.318
2024-05-16 00:30:00,o,4.65,0.3,0.6,1.7271262832065581,0.021869981874,0.398,-0.015206067657,1.6,-0.403,1.318
2024-05-16 00:30:00,o,4.65,0.3,0.65,1.7271262832065581,0.021869981874,0.398,-0.015206067657,1.6,-0.403,1.318
2024-05-16 00:30:00,o,4.65,0.3,0.7,1.7339672341023487,0.028608212088,0.38,-0.019017499639,1.78,-0.634,1.318
2024-05-16 00:30:00,o,4.65,0.3,0.75,1.8022125416541743,0.050133348411,0.336,-0.029589594145,2.08,-1.127,1.273
2024-05-16 00:30:00,o,4.65,0.3,0.8,1.8191028369116715,0.055495172458,0.327,-0.031654286334,2.13,-1.221,1.331
2024-05-16 00:30:00,o,4.65,0.3,0.85,1.8191028369116715,0.055495172458,0.327,-0.031654286334,2.13,-1.221,1.331
2024-05-16 00:30:00,o,4.65,0.3,0.9,1.8399868353791675,0.060787306158,0.316,-0.033483345029,2.19,-1.338,1.393
2024-05-16 00:30:00,o,4.65,0.3,0.95,1.8406768290682631,0.060330708963,0.316,-0.032818265072,2.19,-1.338,1.414
2024-05-16 00:30:00,o,4.65,0.35,0.0,1.977751033547874,-0.005997001318,0.325,0.0038715512883,2.14,-1.24,1.49
2024-05-16 00:30:00,o,4.65,0.35,0.05,1.9644340674276597,-0.009478502992,0.333,0.0058745813063,2.1,-1.164,1.45
2024-05-16 00:30:00,o,4.65,0.35,0.1,1.9644340674276597,-0.009478502992,0.333,0.0058745813063,2.1,-1.164,1.45
2024-05-16 00:30:00,o,4.65,0.35,0.15,1.920185960401147,-0.0086910365687,0.34,0.0054871348028,2.06,-1.09,1.357
2024-05-16 00:30:00,o,4.65,0.35,0.2,1.920185960401147,-0.0086910365687,0.34,0.0054871348028,2.06,-1.09,1.357
2024-05-16 00:30:00,o,4.65,0.35,0.25,1.920185960401147,-0.0086910365687,0.34,0.0054871348028,2.06,-1.09,1.357
2024-05-16 00:30:00,o,4.65,0.35,0.3,1.904558673363925,-0.0032233994343,0.34,0.0024648302369,2.06,-1.09,1.3
2024-05-16 00:30:00,o,4.65,0.35,0.35,1.7893479920649549,0.0033209979137,0.385,-0.0020016111804,1.73,-0.565,1.444
2024-05-16 00:30:00,o,4.65,0.35,0.4,1.7893479920649549,0.0033209979137,0.385,-0.0020016111804,1.73,-0.565,1.444
2024-05-16 00:30:00,o,4.65,0.35,0.45,1.7893479920649549,0.0033209979137,0.385,-0.0020016111804,1.73,-0.565,1.444
2024-05-16 00:30:00,o,4.65,0.35,0.5,1.7712272565778926,0.017008922826,0.383,-0.012041167007,1.75,-0.592,1.486
2024-05-16 00:30:00,o,4.65,0.35,0.55,1.7524172493264816,0.027445427633,0.378,-0.019101846847,1.8,-0.663,1.443
2024-05-16 00:30:00,o,4.65,0.35,0.6,1.7524172493264816,0.027445427633,0.378,-0.019101846847,1.8,-0.663,1.443
2024-05-16 00:30:00,o,4.65,0.35,0.65,1.7524172493264816,0.027445427633,0.378,-0.019101846847,1.8,-0.663,1.443
2024-05-16 00:30:00,o,4.65,0.35,0.7,1.7690226551851296,0.036677152986,0.359,-0.023431862166,1.94,-0.881,1.42
2024-05-16 00:30:00,o,4.65,0.35,0.75,1.812793073823323,0.054342959302,0.331,-0.030740555797,2.11,-1.183,1.299
2024-05-16 00:30:00,o,4.65,0.35,0.8,1.8191028369116715,0.055495172458,0.327,-0.031654286334,2.13,-1.221,1.331
2024-05-16 00:30:00,o,4.65,0.35,0.85,1.8191028369116715,0.055495172458,0.327,-0.031654286334,2.13,-1.221,1.331
2024-05-16 00:30:00,o,4.65,0.35,0.9,1.8399868353791675,0.060787306158,0.316,-0.033483345029,2.19,-1.338,1.393
2024-05-16 00:30:00,o,4.65,0.35,0.95,1.8399868353791675,0.060787306158,0.316,-0.033483345029,2.19,-1.338,1.393
2024-05-16 00:30:00,o,4.65,0.4,0.0,1.9865074953974884,-0.0032270122053,0.319,0.0014677269849,2.17,-1.299,1.472
2024-05-16 00:30:00,o,4.65,0.4,0.05,1.9865074953974884,-0.0032270122053,0.319,0.0014677269849,2.17,-1.299,1.472
2024-05-16 00:30:00,o,4.65,0.4,0.1,1.977751033547874,-0.005997001318,0.325,0.0038715512883,2.14,-1.24,1.49
2024-05-16 00:30:00,o,4.65,0.4,0.15,1.9522595365908206,-0.010795981901,0.336,0.0063153145422,2.08,-1.127,1.423
2024-05-16 00:30:00,o,4.65,0.4,0.2,1.904558673363925,-0.0032233994343,0.34,0.0024648302369,2.06,-1.09,1.3
2024-05-16 00:30:00,o,4.65,0.4,0.25,1.904558673363925,-0.0032233994343,0.34,0.0024648302369,2.06,-1.09,1.3
2024-05-16 00:30:00,o,4.65,0.4,0.3,1.904558673363925,-0.0032233994343,0.34,0.0024648302369,2.06,-1.09,1.3
2024-05-16 00:30:00,o,4.65,0.4,0.35,1.852010067084306,0.00071501897375,0.359,-0.00041472703755,1.94,-0.881,1.414
2024-05-16 00:30:00,o,4.65,0.4,0.4,1.82437318760528,-0.00037726843402,0.373,7.9699235455e-05,1.84,-0.722,1.403
2024-05-16 00:30:00,o,4.65,0.4,0.45,1.7893479920649549,0.0033209979137,0.385,-0.0020016111804,1.73,-0.565,1.444
2024-05-16 00:30:00,o,4.65,0.4,0.5,1.7712272565778926,0.017008922826,0.383,-0.012041167007,1.75,-0.592,1.486
2024-05-16 00:30:00,o,4.65,0.4,0.55,1.758510703535908,0.022169985784,0.383,-0.01554161024,1.75,-0.592,1.483
2024-05-16 00:30:00,o,4.65,0.4,0.6,1.7524172493264816,0.027445427633,0.378,-0.019101846847,1.8,-0.663,1.443
2024-05-16 00:30:00,o,4.65,0.4,0.65,1.7690226551851296,0.036677152986,0.359,-0.023431862166,1.94,-0.881,1.42
2024-05-16 00:30:00,o,4.65,0.4,0.7,1.7690226551851296,0.036677152986,0.359,-0.023431862166,1.94,-0.881,1.42
2024-05-16 00:30:00,o,4.65,0.4,0.75,1.812793073823323,0.054342959302,0.331,-0.030740555797,2.11,-1.183,1.299
2024-05-16 00:30:00,o,4.65,0.4,0.8,1.812793073823323,0.054342959302,0.331,-0.030740555797,2.11,-1.183,1.299
2024-05-16 00:30:00,o,4.65,0.4,0.85,1.8191028369116715,0.055495172458,0.327,-0.031654286334,2.13,-1.221,1.331
2024-05-16 00:30:00,o,4.65,0.4,0.9,1.8399868353791675,0.060787306158,0.316,-0.033483345029,2.19,-1.338,1.393
2024-05-16 00:30:00,o,4.65,0.4,0.95,1.8602301683467393,0.067579380413,0.305,-0.036760125883,2.25,-1.459,1.443
2024-05-16 00:30:00,o,4.65,0.45,0.0,1.9865074953974884,-0.0032270122053,0.319,0.0014677269849,2.17,-1.299,1.472
2024-05-16 00:30:00,o,4.65,0.45,0.05,1.9865074953974884,-0.0032270122053,0.319,0.0014677269849,2.17,-1.299,1.472
2024-05-16 00:30:00,o,4.65,0.45,0.1,1.989632218638002,-0.0014520234537,0.318,0.0012729556799,2.18,-1.318,1.435
2024-05-16 00:30:00,o,4.65,0.45,0.15,1.9786871265706742,-0.0031767644207,0.319,0.0018028828862,2.17,-1.299,1.424
2024-05-16 00:30:00,o,4.65,0.45,0.2,1.904558673363925,-0.0032233994343,0.34,0.0024648302369,2.06,-1.09,1.3
2024-05-16 00:30:00,o,4.65,0.45,0.25,1.904558673363925,-0.0032233994343,0.34,0.0024648302369,2.06,-1.09,1.3
2024-05-16 00:30:00,o,4.65,0.45,0.3,1.904558673363925,-0.0032233994343,0.34,0.0024648302369,2.06,-1.09,1.3
2024-05-16 00:30:00,o,4.65,0.45,0.35,1.852010067084306,0.00071501897375,0.359,-0.00041472703755,1.94,-0.881,1.414
2024-05-16 00:30:00,o,4.65,0.45,0.4,1.852010067084306,0.00071501897375,0.359,-0.00041472703755,1.94,-0.881,1.414
2024-05-16 00:30:00,o,4.65,0.45,0.45,1.7811375912404286,0.0099029801587,0.383,-0.0067569318137,1.75,-0.592,1.477
2024-05-16 00:30:00,o,4.65,0.45,0.5,1.7712272565778926,0.017008922826,0.383,-0.012041167007,1.75,-0.592,1.486
2024-05-16 00:30:00,o,4.65,0.45,0.55,1.7712272565778926,0.017008922826,0.383,-0.012041167007,1.75,-0.592,1.486
2024-05-16 00:30:00,o,4.65,0.45,0.6,1.770800482121293,0.036464787749,0.361,-0.023157237993,1.92,-0.848,1.46
2024-05-16 00:30:00,o,4.65,0.45,0.65,1.7690226551851296,0.036677152986,0.359,-0.023431862166,1.94,-0.881,1.42
2024-05-16 00:30:00,o,4.65,0.45,0.7,1.7690226551851296,0.036677152986,0.359,-0.023431862166,1.94,-0.881,1.42
2024-05-16 00:30:00,o,4.65,0.45,0.75,1.812793073823323,0.054342959302,0.331,-0.030740555797,2.11,-1.183,1.299
2024-05-16 00:30:00,o,4.65,0.45,0.8,1.812793073823323,0.054342959302,0.331,-0.030740555797,2.11,-1.183,1.299
2024-05-16 00:30:00,o,4.65,0.45,0.85,1.828685669923767,0.060750999643,0.322,-0.034085334687,2.16,-1.279,1.374
2024-05-16 00:30:00,o,4.65,0.45,0.9,1.8611280030902806,0.068946506941,0.305,-0.037026680438,2.25,-1.459,1.448
2024-05-16 00:30:00,o,4.65,0.45,0.95,1.8602301683467393,0.067579380413,0.305,-0.036760125883,2.25,-1.459,1.443
2024-05-16 00:30:00,o,4.65,0.5,0.0,1.9945678886390488,0.0035590144924,0.315,-0.0017719536816,2.2,-1.358,1.468
2024-05-16 00:30:00,o,4.65,0.5,0.05,1.989632218638002,-0.0014520234537,0.318,0.0012729556799,2.18,-1.318,1.435
2024-05-16 00:30:00,o,4.65,0.5,0.1,1.989632218638002,-0.0014520234537,0.318,0.0012729556799,2.18,-1.318,1.435
2024-05-16 00:30:00,o,4.65,0.5,0.15,1.9786871265706742,-0.0031767644207,0.319,0.0018028828862,2.17,-1.299,1.424
2024-05-16 00:30:00,o,4.65,0.5,0.2,1.9391846670974497,-0.00043441185925,0.327,0.00041659295454,2.13,-1.221,1.391
2024-05-16 00:30:00,o,4.65,0.5,0.25,1.9391846670974497,-0.00043441185925,0.327,0.00041659295454,2.13,-1.221,1.391
2024-05-16 00:30:00,o,4.65,0.5,0.3,1.904558673363925,-0.0032233994343,0.34,0.0024648302369,2.06,-1.09,1.3
2024-05-16 00:30:00,o,4.65,0.5,0.35,1.8300302060816689,0.0070844943638,0.366,-0.0053358793502,1.88,-0.784,1.462
2024-05-16 00:30:00,o,4.65,0.5,0.4,1.8033068620086778,0.016144048499,0.371,-0.011503943108,1.86,-0.753,1.514
2024-05-16 00:30:00,o,4.65,0.5,0.45,1.8033068620086778,0.016144048499,0.371,-0.011503943108,1.86,-0.753,1.514
2024-05-16 00:30:00,o,4.65,0.5,0.5,1.7810585090034232,0.019581729459,0.376,-0.013695465956,1.81,-0.678,1.523
2024-05-16 00:30:00,o,4.65,0.5,0.55,1.7810585090034232,0.019581729459,0.376,-0.013695465956,1.81,-0.678,1.523
2024-05-16 00:30:00,o,4.65,0.5,0.6,1.7668959540175406,0.029862422684,0.372,-0.020447416105,1.84,-0.722,1.497
2024-05-16 00:30:00,o,4.65,0.5,0.65,1.770800482121293,0.036464787749,0.361,-0.023157237993,1.92,-0.848,1.46
2024-05-16 00:30:00,o,4.65,0.5,0.7,1.770800482121293,0.036464787749,0.361,-0.023157237993,1.92,-0.848,1.46
2024-05-16 00:30:00,o,4.65,0.5,0.75,1.8209695008956748,0.059853906054,0.326,-0.034142235104,2.14,-1.24,1.354
2024-05-16 00:30:00,o,4.65,0.5,0.8,1.828685669923767,0.060750999643,0.322,-0.034085334687,2.16,-1.279,1.374
2024-05-16 00:30:00,o,4.65,0.5,0.85,1.828685669923767,0.060750999643,0.322,-0.034085334687,2.16,-1.279,1.374
2024-05-16 00:30:00,o,4.65,0.5,0.9,1.8594505406652657,0.070879184147,0.306,-0.038084178589,2.24,-1.438,1.414
2024-05-16 00:30:00,o,4.65,0.5,0.95,1.8594505406652657,0.070879184147,0.306,-0.038084178589,2.24,-1.438,1.414
2024-05-16 00:30:00,o,4.65,0.55,0.0,2.004368670606139,0.0093085290532,0.309,-0.0053669373739,2.23,-1.418,1.469
2024-05-16 00:30:00,o,4.65,0.55,0.05,1.9945678886390488,0.0035590144924,0.315,-0.0017719536816,2.2,-1.358,1.468
2024-05-16 00:30:00,o,4.65,0.55,0.1,1.989632218638002,-0.0014520234537,0.318,0.0012729556799,2.18,-1.318,1.435
2024-05-16 00:30:00,o,4.65,0.55,0.15,1.9786871265706742,-0.0031767644207,0.319,0.0018028828862,2.17,-1.299,1.424
2024-05-16 00:30:00,o,4.65,0.55,0.2,1.9391846670974497,-0.00043441185925,0.327,0.00041659295454,2.13,-1.221,1.391
2024-05-16 00:30:00,o,4.65,0.55,0.25,1.9280320807483826,0.0060544395252,0.327,-0.0034892632366,2.13,-1.221,1.359
2024-05-16 00:30:00,o,4.65,0.55,0.3,1.9280320807483826,0.0060544395252,0.327,-0.0034892632366,2.13,-1.221,1.359
2024-05-16 00:30:00,o,4.65,0.55,0.35,1.8033068620086778,0.016144048499,0.371,-0.011503943108,1.86,-0.753,1.514
2024-05-16 00:30:00,o,4.65,0.55,0.4,1.8033068620086778,0.016144048499,0.371,-0.011503943108,1.86,-0.753,1.514
2024-05-16 00:30:00,o,4.65,0.55,0.45,1.8033068620086778,0.016144048499,0.371,-0.011503943108,1.86,-0.753,1.514
2024-05-16 00:30:00,o,4.65,0.55,0.5,1.7810585090034232,0.019581729459,0.376,-0.013695465956,1.81,-0.678,1.523
2024-05-16 00:30:00,o,4.65,0.55,0.55,1.7758433683253703,0.026230712917,0.372,-0.018243739702,1.84,-0.722,1.515
2024-05-16 00:30:00,o,4.65,0.55,0.6,1.7758433683253703,0.026230712917,0.372,-0.018243739702,1.84,-0.722,1.515
2024-05-16 00:30:00,o,4.65,0.55,0.65,1.781044128867602,0.0430012291,0.351,-0.026686609451,1.99,-0.966,1.442
2024-05-16 00:30:00,o,4.65,0.55,0.7,1.7893338838077368,0.050624656917,0.344,-0.030239277306,2.03,-1.036,1.433
2024-05-16 00:30:00,o,4.65,0.55,0.75,1.809754934937483,0.059501174541,0.332,-0.034699972116,2.1,-1.164,1.343
2024-05-16 00:30:00,o,4.65,0.55,0.8,1.8209695008956748,0.059853906054,0.326,-0.034142235104,2.14,-1.24,1.354
2024-05-16 00:30:00,o,4.65,0.55,0.85,1.828685669923767,0.060750999643,0.322,-0.034085334687,2.16,-1.279,1.374
2024-05-16 00:30:00,o,4.65,0.55,0.9,1.8594505406652657,0.070879184147,0.306,-0.038084178589,2.24,-1.438,1.414
2024-05-16 00:30:00,o,4.65,0.55,0.95,1.8594505406652657,0.070879184147,0.306,-0.038084178589,2.24,-1.438,1.414
2024-05-16 00:30:00,o,4.65,0.6,0.0,2.004368670606139,0.0093085290532,0.309,-0.0053669373739,2.23,-1.418,1.469
2024-05-16 00:30:00,o,4.65,0.6,0.05,2.004368670606139,0.0093085290532,0.309,-0.0053669373739,2.23,-1.418,1.469
2024-05-16 00:30:00,o,4.65,0.6,0.1,2.004368670606139,0.0093085290532,0.309,-0.0053669373739,2.23,-1.418,1.469
2024-05-16 00:30:00,o,4.65,0.6,0.15,1.9833962260066371,0.010989715167,0.308,-0.006754613867,2.23,-1.418,1.398
2024-05-16 00:30:00,o,4.65,0.6,0.2,1.9301489484073848,0.013931952386,0.324,-0.0088394578887,2.15,-1.26,1.383
2024-05-16 00:30:00,o,4.65,0.6,0.25,1.9217592852212395,0.019283172836,0.331,-0.011859393706,2.11,-1.183,1.361
2024-05-16 00:30:00,o,4.65,0.6,0.3,1.8818295663773585,0.023136002826,0.34,-0.015100418054,2.06,-1.09,1.434
2024-05-16 00:30:00,o,4.65,0.6,0.35,1.817638076400336,0.027366990212,0.365,-0.018909003047,1.9,-0.816,1.518
2024-05-16 00:30:00,o,4.65,0.6,0.4,1.817638076400336,0.027366990212,0.365,-0.018909003047,1.9,-0.816,1.518
2024-05-16 00:30:00,o,4.65,0.6,0.45,1.8076297237059449,0.022841314254,0.368,-0.016226174627,1.87,-0.768,1.523
2024-05-16 00:30:00,o,4.65,0.6,0.5,1.8076297237059449,0.022841314254,0.368,-0.016226174627,1.87,-0.768,1.523
2024-05-16 00:30:00,o,4.65,0.6,0.55,1.7855647176777858,0.03522606254,0.368,-0.024486572606,1.87,-0.768,1.515
2024-05-16 00:30:00,o,4.65,0.6,0.6,1.7779702566398683,0.041749101291,0.366,-0.027900636466,1.88,-0.784,1.501
2024-05-16 00:30:00,o,4.65,0.6,0.65,1.7812310335040067,0.049078615439,0.354,-0.031092123852,1.97,-0.931,1.464
2024-05-16 00:30:00,o,4.65,0.6,0.7,1.7893338838077368,0.050624656917,0.344,-0.030239277306,2.03,-1.036,1.433
2024-05-16 00:30:00,o,4.65,0.6,0.75,1.809754934937483,0.059501174541,0.332,-0.034699972116,2.1,-1.164,1.343
2024-05-16 00:30:00,o,4.65,0.6,0.8,1.809754934937483,0.059501174541,0.332,-0.034699972116,2.1,-1.164,1.343
2024-05-16 00:30:00,o,4.65,0.6,0.85,1.809754934937483,0.059501174541,0.332,-0.034699972116,2.1,-1.164,1.343
2024-05-16 00:30:00,o,4.65,0.6,0.9,1.8623281989644638,0.075590969681,0.304,-0.041134224896,2.25,-1.459,1.423
2024-05-16 00:30:00,o,4.65,0.6,0.95,1.8623281989644638,0.075590969681,0.304,-0.041134224896,2.25,-1.459,1.423
2024-05-16 00:30:00,o,4.65,0.65,0.0,2.004368670606139,0.0093085290532,0.309,-0.0053669373739,2.23,-1.418,1.469
2024-05-16 00:30:00,o,4.65,0.65,0.05,2.0057551860802314,0.015274254091,0.308,-0.0090867162043,2.23,-1.418,1.487
2024-05-16 00:30:00,o,4.65,0.65,0.1,2.007175736785118,0.018527611549,0.307,-0.011181877045,2.24,-1.438,1.461
2024-05-16 00:30:00,o,4.65,0.65,0.15,1.9982942201137623,0.018973522732,0.307,-0.011119294484,2.24,-1.438,1.438
2024-05-16 00:30:00,o,4.65,0.65,0.2,1.9217592852212395,0.019283172836,0.331,-0.011859393706,2.11,-1.183,1.361
2024-05-16 00:30:00,o,4.65,0.65,0.25,1.9217592852212395,0.019283172836,0.331,-0.011859393706,2.11,-1.183,1.361
2024-05-16 00:30:00,o,4.65,0.65,0.3,1.8818295663773585,0.023136002826,0.34,-0.015100418054,2.06,-1.09,1.434
2024-05-16 00:30:00,o,4.65,0.65,0.35,1.8553737607946967,0.025896304905,0.349,-0.017782522606,2.0,-0.983,1.471
2024-05-16 00:30:00,o,4.65,0.65,0.4,1.817638076400336,0.027366990212,0.365,-0.018909003047,1.9,-0.816,1.518
2024-05-16 00:30:00,o,4.65,0.65,0.45,1.817638076400336,0.027366990212,0.365,-0.018909003047,1.9,-0.816,1.518
2024-05-16 00:30:00,o,4.65,0.65,0.5,1.7989405386274688,0.034435633,0.367,-0.024747359287,1.88,-0.784,1.515
2024-05-16 00:30:00,o,4.65,0.65,0.55,1.7855647176777858,0.03522606254,0.368,-0.024486572606,1.87,-0.768,1.515
2024-05-16 00:30:00,o,4.65,0.65,0.6,1.7779702566398683,0.041749101291,0.366,-0.027900636466,1.88,-0.784,1.501
2024-05-16 00:30:00,o,4.65,0.65,0.65,1.7812310335040067,0.049078615439,0.354,-0.031092123852,1.97,-0.931,1.464
2024-05-16 00:30:00,o,4.65,0.65,0.7,1.7812310335040067,0.049078615439,0.354,-0.031092123852,1.97,-0.931,1.464
2024-05-16 00:30:00,o,4.65,0.65,0.75,1.809754934937483,0.059501174541,0.332,-0.034699972116,2.1,-1.164,1.343
2024-05-16 00:30:00,o,4.65,0.65,0.8,1.8276922886744456,0.073588694859,0.322,-0.042362119198,2.16,-1.279,1.335
2024-05-16 00:30:00,o,4.65,0.65,0.85,1.8276922886744456,0.073588694859,0.322,-0.042362119198,2.16,-1.279,1.335
2024-05-16 00:30:00,o,4.65,0.65,0.9,1.8590061267198152,0.079041867326,0.306,-0.043039622662,2.24,-1.438,1.383
2024-05-16 00:30:00,o,4.65,0.65,0.95,1.8590061267198152,0.079041867326,0.306,-0.043039622662,2.24,-1.438,1.383
2024-05-16 00:30:00,o,4.65,0.7,0.0,2.009289386413363,0.022584816281,0.306,-0.013347346099,2.24,-1.438,1.5
2024-05-16 00:30:00,o,4.65,0.7,0.05,2.007175736785118,0.018527611549,0.307,-0.011181877045,2.24,-1.438,1.461
2024-05-16 00:30:00,o,4.65,0.7,0.1,2.007175736785118,0.018527611549,0.307,-0.011181877045,2.24,-1.438,1.461
2024-05-16 00:30:00,o,4.65,0.7,0.15,1.9982942201137623,0.018973522732,0.307,-0.011119294484,2.24,-1.438,1.438
2024-05-16 00:30:00,o,4.65,0.7,0.2,1.9531747637198935,0.021406793423,0.321,-0.01295220135,2.16,-1.279,1.421
2024-05-16 00:30:00,o,4.65,0.7,0.25,1.9531747637198935,0.021406793423,0.321,-0.01295220135,2.16,-1.279,1.421
2024-05-16 00:30:00,o,4.65,0.7,0.3,1.8705853111731428,0.027969831744,0.344,-0.018603156545,2.03,-1.036,1.449
2024-05-16 00:30:00,o,4.65,0.7,0.35,1.8553737607946967,0.025896304905,0.349,-0.017782522606,2.0,-0.983,1.471
2024-05-16 00:30:00,o,4.65,0.7,0.4,1.817638076400336,0.027366990212,0.365,-0.018909003047,1.9,-0.816,1.518
2024-05-16 00:30:00,o,4.65,0.7,0.45,1.7989405386274688,0.034435633,0.367,-0.024747359287,1.88,-0.784,1.515
2024-05-16 00:30:00,o,4.65,0.7,0.5,1.7989405386274688,0.034435633,0.367,-0.024747359287,1.88,-0.784,1.515
2024-05-16 00:30:00,o,4.65,0.7,0.55,1.7855647176777858,0.03522606254,0.368,-0.024486572606,1.87,-0.768,1.515
2024-05-16 00:30:00,o,4.65,0.7,0.6,1.7812310335040067,0.049078615439,0.354,-0.031092123852,1.97,-0.931,1.464
2024-05-16 00:30:00,o,4.65,0.7,0.65,1.7828093226688775,0.054869738448,0.353,-0.034875371061,1.97,-0.931,1.453
2024-05-16 00:30:00,o,4.65,0.7,0.7,1.782056763740091,0.060625394639,0.354,-0.038173373416,1.97,-0.931,1.399
2024-05-16 00:30:00,o,4.65,0.7,0.75,1.8100711402207976,0.074528127599,0.332,-0.043772238637,2.1,-1.164,1.254
2024-05-16 00:30:00,o,4.65,0.7,0.8,1.8276922886744456,0.073588694859,0.322,-0.042362119198,2.16,-1.279,1.335
2024-05-16 00:30:00,o,4.65,0.7,0.85,1.8276922886744456,0.073588694859,0.322,-0.042362119198,2.16,-1.279,1.335
2024-05-16 00:30:00,o,4.65,0.7,0.9,1.8590061267198152,0.079041867326,0.306,-0.043039622662,2.24,-1.438,1.383
2024-05-16 00:30:00,o,4.65,0.7,0.95,1.8590061267198152,0.079041867326,0.306,-0.043039622662,2.24,-1.438,1.383
2024-05-16 00:30:00,o,4.65,0.75,0.0,2.009289386413363,0.022584816281,0.306,-0.013347346099,2.24,-1.438,1.5
2024-05-16 00:30:00,o,4.65,0.75,0.05,2.009289386413363,0.022584816281,0.306,-0.013347346099,2.24,-1.438,1.5
2024-05-16 00:30:00,o,4.65,0.75,0.1,2.007175736785118,0.018527611549,0.307,-0.011181877045,2.24,-1.438,1.461
2024-05-16 00:30:00,o,4.65,0.75,0.15,1.9982942201137623,0.018973522732,0.307,-0.011119294484,2.24,-1.438,1.438
2024-05-16 00:30:00,o,4.65,0.75,0.2,1.936790115130084,0.026528663151,0.322,-0.016340366922,2.16,-1.279,1.359
2024-05-16 00:30:00,o,4.65,0.75,0.25,1.936790115130084,0.026528663151,0.322,-0.016340366922,2.16,-1.279,1.359
2024-05-16 00:30:00,o,4.65,0.75,0.3,1.8878141508829158,0.029234849241,0.339,-0.018920316129,2.06,-1.09,1.426
2024-05-16 00:30:00,o,4.65,0.75,0.35,1.8878141508829158,0.029234849241,0.339,-0.018920316129,2.06,-1.09,1.426
2024-05-16 00:30:00,o,4.65,0.75,0.4,1.8242625467907634,0.040080479774,0.361,-0.028824856525,1.92,-0.848,1.465
2024-05-16 00:30:00,o,4.65,0.75,0.45,1.8001738706044328,0.041171194424,0.366,-0.029850262598,1.88,-0.784,1.477
2024-05-16 00:30:00,o,4.65,0.75,0.5,1.8001738706044328,0.041171194424,0.366,-0.029850262598,1.88,-0.784,1.477
2024-05-16 00:30:00,o,4.65,0.75,0.55,1.786005669141679,0.049362207206,0.368,-0.035273411812,1.87,-0.768,1.467
2024-05-16 00:30:00,o,4.65,0.75,0.6,1.782056763740091,0.060625394639,0.354,-0.038173373416,1.97,-0.931,1.399
2024-05-16 00:30:00,o,4.65,0.75,0.65,1.782056763740091,0.060625394639,0.354,-0.038173373416,1.97,-0.931,1.399
2024-05-16 00:30:00,o,4.65,0.75,0.7,1.782056763740091,0.060625394639,0.354,-0.038173373416,1.97,-0.931,1.399
2024-05-16 00:30:00,o,4.65,0.75,0.75,1.8100711402207976,0.074528127599,0.332,-0.043772238637,2.1,-1.164,1.254
2024-05-16 00:30:00,o,4.65,0.75,0.8,1.8100711402207976,0.074528127599,0.332,-0.043772238637,2.1,-1.164,1.254
2024-05-16 00:30:00,o,4.65,0.75,0.85,1.8276922886744456,0.073588694859,0.322,-0.042362119198,2.16,-1.279,1.335
2024-05-16 00:30:00,o,4.65,0.75,0.9,1.8602421516940602,0.08317074063,0.305,-0.045721122646,2.25,-1.459,1.405
2024-05-16 00:30:00,o,4.65,0.75,0.95,1.8564932564458658,0.086842735773,0.307,-0.048071733483,2.24,-1.438,1.341
2024-05-16 00:30:00,o,4.65,0.8,0.0,2.009289386413363,0.022584816281,0.306,-0.013347346099,2.24,-1.438,1.5
2024-05-16 00:30:00,o,4.65,0.8,0.05,2.009289386413363,0.022584816281,0.306,-0.013347346099,2.24,-1.438,1.5
2024-05-16 00:30:00,o,4.65,0.8,0.1,2.0080463061583504,0.025842936934,0.307,-0.01506294737,2.24,-1.438,1.527
2024-05-16 00:30:00,o,4.65,0.8,0.15,1.9696022648485392,0.029614027828,0.31,-0.018205045805,2.22,-1.398,1.427
2024-05-16 00:30:00,o,4.65,0.8,0.2,1.936790115130084,0.026528663151,0.322,-0.016340366922,2.16,-1.279,1.359
2024-05-16 00:30:00,o,4.65,0.8,0.25,1.936790115130084,0.026528663151,0.322,-0.016340366922,2.16,-1.279,1.359
2024-05-16 00:30:00,o,4.65,0.8,0.3,1.8878141508829158,0.029234849241,0.339,-0.018920316129,2.06,-1.09,1.426
2024-05-16 00:30:00,o,4.65,0.8,0.35,1.8588438623832766,0.033995890237,0.35,-0.023556043295,1.99,-0.966,1.454
2024-05-16 00:30:00,o,4.65,0.8,0.4,1.8242625467907634,0.040080479774,0.361,-0.028824856525,1.92,-0.848,1.465
2024-05-16 00:30:00,o,4.65,0.8,0.45,1.8242625467907634,0.040080479774,0.361,-0.028824856525,1.92,-0.848,1.465
2024-05-16 00:30:00,o,4.65,0.8,0.5,1.8001738706044328,0.041171194424,0.366,-0.029850262598,1.88,-0.784,1.477
2024-05-16 00:30:00,o,4.65,0.8,0.55,1.7769625535062887,0.058286517534,0.364,-0.040165405907,1.9,-0.816,1.405
2024-05-16 00:30:00,o,4.65,0.8,0.6,1.7769625535062887,0.058286517534,0.364,-0.040165405907,1.9,-0.816,1.405
2024-05-16 00:30:00,o,4.65,0.8,0.65,1.782056763740091,0.060625394639,0.354,-0.038173373416,1.97,-0.931,1.399
2024-05-16 00:30:00,o,4.65,0.8,0.7,1.793874163326304,0.068109497637,0.341,-0.040926485456,2.05,-1.072,1.327
2024-05-16 00:30:00,o,4.65,0.8,0.75,1.8100711402207976,0.074528127599,0.332,-0.043772238637,2.1,-1.164,1.254
2024-05-16 00:30:00,o,4.65,0.8,0.8,1.8100711402207976,0.074528127599,0.332,-0.043772238637,2.1,-1.164,1.254
2024-05-16 00:30:00,o,4.65,0.8,0.85,1.8090476860843707,0.080182792745,0.333,-0.046964445299,2.1,-1.164,1.184
2024-05-16 00:30:00,o,4.65,0.8,0.9,1.8460276753643787,0.088882273383,0.313,-0.049525493621,2.21,-1.378,1.285
2024-05-16 00:30:00,o,4.65,0.8,0.95,1.8564932564458658,0.086842735773,0.307,-0.048071733483,2.24,-1.438,1.341
2024-05-16 00:30:00,o,4.65,0.85,0.0,2.0080463061583504,0.025842936934,0.307,-0.01506294737,2.24,-1.438,1.527
2024-05-16 00:30:00,o,4.65,0.85,0.05,2.0027749434064823,0.028613406431,0.31,-0.016972243698,2.22,-1.398,1.497
2024-05-16 00:30:00,o,4.65,0.85,0.1,2.0027749434064823,0.028613406431,0.31,-0.016972243698,2.22,-1.398,1.497
2024-05-16 00:30:00,o,4.65,0.85,0.15,1.9696022648485392,0.029614027828,0.31,-0.018205045805,2.22,-1.398,1.427
2024-05-16 00:30:00,o,4.65,0.85,0.2,1.9696022648485392,0.029614027828,0.31,-0.018205045805,2.22,-1.398,1.427
2024-05-16 00:30:00,o,4.65,0.85,0.25,1.9696022648485392,0.029614027828,0.31,-0.018205045805,2.22,-1.398,1.427
2024-05-16 00:30:00,o,4.65,0.85,0.3,1.8588438623832766,0.033995890237,0.35,-0.023556043295,1.99,-0.966,1.454
2024-05-16 00:30:00,o,4.65,0.85,0.35,1.8242625467907634,0.040080479774,0.361,-0.028824856525,1.92,-0.848,1.465
2024-05-16 00:30:00,o,4.65,0.85,0.4,1.8242625467907634,0.040080479774,0.361,-0.028824856525,1.92,-0.848,1.465
2024-05-16 00:30:00,o,4.65,0.85,0.45,1.8242625467907634,0.040080479774,0.361,-0.028824856525,1.92,-0.848,1.465
2024-05-16 00:30:00,o,4.65,0.85,0.5,1.786005669141679,0.049362207206,0.368,-0.035273411812,1.87,-0.768,1.467
2024-05-16 00:30:00,o,4.65,0.85,0.55,1.7769625535062887,0.058286517534,0.364,-0.040165405907,1.9,-0.816,1.405
2024-05-16 00:30:00,o,4.65,0.85,0.6,1.7769625535062887,0.058286517534,0.364,-0.040165405907,1.9,-0.816,1.405
2024-05-16 00:30:00,o,4.65,0.85,0.65,1.7769625535062887,0.058286517534,0.364,-0.040165405907,1.9,-0.816,1.405
2024-05-16 00:30:00,o,4.65,0.85,0.7,1.793874163326304,0.068109497637,0.341,-0.040926485456,2.05,-1.072,1.327
2024-05-16 00:30:00,o,4.65,0.85,0.75,1.8090476860843707,0.080182792745,0.333,-0.046964445299,2.1,-1.164,1.184
2024-05-16 00:30:00,o,4.65,0.85,0.8,1.809754934937483,0.08485674952,0.332,-0.050476663854,2.1,-1.164,1.064
2024-05-16 00:30:00,o,4.65,0.85,0.85,1.8138744217847809,0.087685321521,0.33,-0.051657276265,2.11,-1.183,1.076
2024-05-16 00:30:00,o,4.65,0.85,0.9,1.835551067649706,0.089750455105,0.318,-0.051422911134,2.18,-1.318,1.192
2024-05-16 00:30:00,o,4.65,0.85,0.95,1.835551067649706,0.089750455105,0.318,-0.051422911134,2.18,-1.318,1.192
2024-05-16 00:30:00,o,4.65,0.9,0.0,1.9995133175872142,0.032630395758,0.312,-0.019480105552,2.21,-1.378,1.515
2024-05-16 00:30:00,o,4.65,0.9,0.05,2.0027749434064823,0.028613406431,0.31,-0.016972243698,2.22,-1.398,1.497
2024-05-16 00:30:00,o,4.65,0.9,0.1,2.0027749434064823,0.028613406431,0.31,-0.016972243698,2.22,-1.398,1.497
2024-05-16 00:30:00,o,4.65,0.9,0.15,1.9696022648485392,0.029614027828,0.31,-0.018205045805,2.22,-1.398,1.427
2024-05-16 00:30:00,o,4.65,0.9,0.2,1.9696022648485392,0.029614027828,0.31,-0.018205045805,2.22,-1.398,1.427
2024-05-16 00:30:00,o,4.65,0.9,0.25,1.9726840921694981,0.035126082423,0.309,-0.021331521964,2.23,-1.418,1.428
2024-05-16 00:30:00,o,4.65,0.9,0.3,1.9021117234480045,0.051257272849,0.33,-0.033858069092,2.11,-1.183,1.34
2024-05-16 00:30:00,o,4.65,0.9,0.35,1.826955462177445,0.052993580118,0.359,-0.037679234167,1.94,-0.881,1.292
2024-05-16 00:30:00,o,4.65,0.9,0.4,1.826955462177445,0.052993580118,0.359,-0.037679234167,1.94,-0.881,1.292
2024-05-16 00:30:00,o,4.65,0.9,0.45,1.826955462177445,0.052993580118,0.359,-0.037679234167,1.94,-0.881,1.292
2024-05-16 00:30:00,o,4.65,0.9,0.5,1.7828451263014011,0.06144675078,0.368,-0.044383840754,1.87,-0.768,1.274
2024-05-16 00:30:00,o,4.65,0.9,0.55,1.7742760296997284,0.064522845752,0.365,-0.044222110965,1.9,-0.816,1.254
2024-05-16 00:30:00,o,4.65,0.9,0.6,1.7742760296997284,0.064522845752,0.365,-0.044222110965,1.9,-0.816,1.254
2024-05-16 00:30:00,o,4.65,0.9,0.65,1.7742760296997284,0.064522845752,0.365,-0.044222110965,1.9,-0.816,1.254
2024-05-16 00:30:00,o,4.65,0.9,0.7,1.7748380059838151,0.072829905669,0.355,-0.045700914131,1.97,-0.931,1.185
2024-05-16 00:30:00,o,4.65,0.9,0.75,1.8138744217847809,0.087685321521,0.33,-0.051657276265,2.11,-1.183,1.076
2024-05-16 00:30:00,o,4.65,0.9,0.8,1.8138744217847809,0.087685321521,0.33,-0.051657276265,2.11,-1.183,1.076
2024-05-16 00:30:00,o,4.65,0.9,0.85,1.8138744217847809,0.087685321521,0.33,-0.051657276265,2.11,-1.183,1.076
2024-05-16 00:30:00,o,4.65,0.9,0.9,1.8282924594596257,0.089139581771,0.322,-0.0515254278,2.16,-1.279,1.136
2024-05-16 00:30:00,o,4.65,0.9,0.95,1.835551067649706,0.089750455105,0.318,-0.051422911134,2.18,-1.318,1.192
2024-05-16 00:30:00,o,4.65,0.95,0.0,1.9995133175872142,0.032630395758,0.312,-0.019480105552,2.21,-1.378,1.515
2024-05-16 00:30:00,o,4.65,0.95,0.05,1.9995133175872142,0.032630395758,0.312,-0.019480105552,2.21,-1.378,1.515
2024-05-16 00:30:00,o,4.65,0.95,0.1,1.9995133175872142,0.032630395758,0.312,-0.019480105552,2.21,-1.378,1.515
2024-05-16 00:30:00,o,4.65,0.95,0.15,1.9726840921694981,0.035126082423,0.309,-0.021331521964,2.23,-1.418,1.428
2024-05-16 00:30:00,o,4.65,0.95,0.2,1.9641370107543163,0.040090444792,0.313,-0.024568942009,2.21,-1.378,1.38
2024-05-16 00:30:00,o,4.65,0.95,0.25,1.9641370107543163,0.040090444792,0.313,-0.024568942009,2.21,-1.378,1.38
2024-05-16 00:30:00,o,4.65,0.95,0.3,1.9021117234480045,0.051257272849,0.33,-0.033858069092,2.11,-1.183,1.34
2024-05-16 00:30:00,o,4.65,0.95,0.35,1.868074015711457,0.05191228841,0.343,-0.03526238111,2.04,-1.054,1.322
2024-05-16 00:30:00,o,4.65,0.95,0.4,1.826955462177445,0.052993580118,0.359,-0.037679234167,1.94,-0.881,1.292
2024-05-16 00:30:00,o,4.65,0.95,0.45,1.826955462177445,0.052993580118,0.359,-0.037679234167,1.94,-0.881,1.292
2024-05-16 00:30:00,o,4.65,0.95,0.5,1.801403710017355,0.06085944443,0.363,-0.044608701008,1.91,-0.832,1.219
2024-05-16 00:30:00,o,4.65,0.95,0.55,1.7828451263014011,0.06144675078,0.368,-0.044383840754,1.87,-0.768,1.274
2024-05-16 00:30:00,o,4.65,0.95,0.6,1.7742760296997284,0.064522845752,0.365,-0.044222110965,1.9,-0.816,1.254
2024-05-16 00:30:00,o,4.65,0.95,0.65,1.7748380059838151,0.072829905669,0.355,-0.045700914131,1.97,-0.931,1.185
2024-05-16 00:30:00,o,4.65,0.95,0.7,1.774794241739116,0.080838776903,0.352,-0.050652257002,1.98,-0.948,1.012
2024-05-16 00:30:00,o,4.65,0.95,0.75,1.792538764335695,0.085266735788,0.342,-0.05184218072,2.04,-1.054,0.955
2024-05-16 00:30:00,o,4.65,0.95,0.8,1.8030745495413345,0.087840253579,0.336,-0.052666800988,2.08,-1.127,0.889
2024-05-16 00:30:00,o,4.65,0.95,0.85,1.8138744217847809,0.087685321521,0.33,-0.051657276265,2.11,-1.183,1.076
2024-05-16 00:30:00,o,4.65,0.95,0.9,1.8282924594596257,0.089139581771,0.322,-0.0515254278,2.16,-1.279,1.136
2024-05-16 00:30:00,o,4.65,0.95,0.95,1.829483887261626,0.0902043354,0.321,-0.052446829163,2.16,-1.279,1.089
2024-05-16 00:30:00,o,4.65,1.0,0.0,1.9995133175872142,0.032630395758,0.312,-0.019480105552,2.21,-1.378,1.515
2024-05-16 00:30:00,o,4.65,1.0,0.05,1.9982462570675958,0.035554990313,0.312,-0.022104267779,2.21,-1.378,1.513
2024-05-16 00:30:00,o,4.65,1.0,0.1,1.9916557260000516,0.037828407466,0.316,-0.023722108606,2.19,-1.338,1.461
2024-05-16 00:30:00,o,4.65,1.0,0.15,1.9782718416106353,0.040297828947,0.314,-0.0248927473,2.2,-1.358,1.415
2024-05-16 00:30:00,o,4.65,1.0,0.2,1.9641370107543163,0.040090444792,0.313,-0.024568942009,2.21,-1.378,1.38
2024-05-16 00:30:00,o,4.65,1.0,0.25,1.9438900482484727,0.044956543017,0.319,-0.028599236052,2.17,-1.299,1.301
2024-05-16 00:30:00,o,4.65,1.0,0.3,1.9021117234480045,0.051257272849,0.33,-0.033858069092,2.11,-1.183,1.34
2024-05-16 00:30:00,o,4.65,1.0,0.35,1.9021117234480045,0.051257272849,0.33,-0.033858069092,2.11,-1.183,1.34
2024-05-16 00:30:00,o,4.65,1.0,0.4,1.826955462177445,0.052993580118,0.359,-0.037679234167,1.94,-0.881,1.292
2024-05-16 00:30:00,o,4.65,1.0,0.45,1.801403710017355,0.06085944443,0.363,-0.044608701008,1.91,-0.832,1.219
2024-05-16 00:30:00,o,4.65,1.0,0.5,1.801403710017355,0.06085944443,0.363,-0.044608701008,1.91,-0.832,1.219
2024-05-16 00:30:00,o,4.65,1.0,0.55,1.801403710017355,0.06085944443,0.363,-0.044608701008,1.91,-0.832,1.219
2024-05-16 00:30:00,o,4.65,1.0,0.6,1.7742760296997284,0.064522845752,0.365,-0.044222110965,1.9,-0.816,1.254
2024-05-16 00:30:00,o,4.65,1.0,0.65,1.774794241739116,0.080838776903,0.352,-0.050652257002,1.98,-0.948,1.012
2024-05-16 00:30:00,o,4.65,1.0,0.7,1.774794241739116,0.080838776903,0.352,-0.050652257002,1.98,-0.948,1.012
2024-05-16 00:30:00,o,4.65,1.0,0.75,1.774794241739116,0.080838776903,0.352,-0.050652257002,1.98,-0.948,1.012
2024-05-16 00:30:00,o,4.65,1.0,0.8,1.8030745495413345,0.087840253579,0.336,-0.052666800988,2.08,-1.127,0.889
2024-05-16 00:30:00,o,4.65,1.0,0.85,1.8030745495413345,0.087840253579,0.336,-0.052666800988,2.08,-1.127,0.889
2024-05-16 00:30:00,o,4.65,1.0,0.9,1.8110787688964347,0.089762888291,0.331,-0.053759700571,2.11,-1.183,0.802
2024-05-16 00:30:00,o,4.65,1.0,0.95,1.8211858826088454,0.08975023523,0.326,-0.052345139486,2.14,-1.24,0.955
2024-05-16 00:30:00,o,4.65,1.05,0.0,1.9889377960227526,0.042362727536,0.318,-0.02638866738,2.18,-1.318,1.217
2024-05-16 00:30:00,o,4.65,1.05,0.05,1.9945283083718168,0.04021342255,0.315,-0.024410654911,2.2,-1.358,1.453
2024-05-16 00:30:00,o,4.65,1.05,0.1,1.9916557260000516,0.037828407466,0.316,-0.023722108606,2.19,-1.338,1.461
2024-05-16 00:30:00,o,4.65,1.05,0.15,1.9782718416106353,0.040297828947,0.314,-0.0248927473,2.2,-1.358,1.415
2024-05-16 00:30:00,o,4.65,1.05,0.2,1.9782718416106353,0.040297828947,0.314,-0.0248927473,2.2,-1.358,1.415
2024-05-16 00:30:00,o,4.65,1.05,0.25,1.9021117234480045,0.051257272849,0.33,-0.033858069092,2.11,-1.183,1.34
2024-05-16 00:30:00,o,4.65,1.05,0.3,1.904250173672248,0.055925553303,0.333,-0.036588690577,2.1,-1.164,1.41
2024-05-16 00:30:00,o,4.65,1.05,0.35,1.904250173672248,0.055925553303,0.333,-0.036588690577,2.1,-1.164,1.41
2024-05-16 00:30:00,o,4.65,1.05,0.4,1.8801330456169967,0.061017035093,0.338,-0.041763404686,2.07,-1.109,1.567
2024-05-16 00:30:00,o,4.65,1.05,0.45,1.804854713005252,0.067026207109,0.364,-0.048825271111,1.9,-0.816,1.314
2024-05-16 00:30:00,o,4.65,1.05,0.5,1.804854713005252,0.067026207109,0.364,-0.048825271111,1.9,-0.816,1.314
2024-05-16 00:30:00,o,4.65,1.05,0.55,1.804854713005252,0.067026207109,0.364,-0.048825271111,1.9,-0.816,1.314
2024-05-16 00:30:00,o,4.65,1.05,0.6,1.761867724297393,0.075767952301,0.37,-0.051926672376,1.86,-0.753,1.234
2024-05-16 00:30:00,o,4.65,1.05,0.65,1.764527312924223,0.081985142528,0.358,-0.052359826927,1.95,-0.897,1.104
2024-05-16 00:30:00,o,4.65,1.05,0.7,1.764527312924223,0.081985142528,0.358,-0.052359826927,1.95,-0.897,1.104
2024-05-16 00:30:00,o,4.65,1.05,0.75,1.774794241739116,0.080838776903,0.352,-0.050652257002,1.98,-0.948,1.012
2024-05-16 00:30:00,o,4.65,1.05,0.8,1.8030745495413345,0.087840253579,0.336,-0.052666800988,2.08,-1.127,0.889
2024-05-16 00:30:00,o,4.65,1.05,0.85,1.8037438192353172,0.089506293981,0.336,-0.053310947717,2.08,-1.127,0.66
2024-05-16 00:30:00,o,4.65,1.05,0.9,1.8037438192353172,0.089506293981,0.336,-0.053310947717,2.08,-1.127,0.66
2024-05-16 00:30:00,o,4.65,1.05,0.95,1.8110787688964347,0.089762888291,0.331,-0.053759700571,2.11,-1.183,0.802
2024-05-16 00:30:00,o,4.65,1.1,0.0,1.9889377960227526,0.042362727536,0.318,-0.02638866738,2.18,-1.318,1.217
2024-05-16 00:30:00,o,4.65,1.1,0.05,1.9889377960227526,0.042362727536,0.318,-0.02638866738,2.18,-1.318,1.217
2024-05-16 00:30:00,o,4.65,1.1,0.1,1.996156911843868,0.040483590158,0.314,-0.024544403245,2.2,-1.358,1.907
2024-05-16 00:30:00,o,4.65,1.1,0.15,1.975335287899486,0.045752893855,0.318,-0.028885499577,2.18,-1.318,2.318
2024-05-16 00:30:00,o,4.65,1.1,0.2,1.9669766531030928,0.047678852838,0.321,-0.030010912203,2.16,-1.279,1.456
2024-05-16 00:30:00,o,4.65,1.1,0.25,1.8932400736088384,0.059570337258,0.335,-0.039427987718,2.09,-1.146,1.513
2024-05-16 00:30:00,o,4.65,1.1,0.3,1.8932400736088384,0.059570337258,0.335,-0.039427987718,2.09,-1.146,1.513
2024-05-16 00:30:00,o,4.65,1.1,0.35,1.8932400736088384,0.059570337258,0.335,-0.039427987718,2.09,-1.146,1.513
2024-05-16 00:30:00,o,4.65,1.1,0.4,1.825653267724309,0.068963921737,0.36,-0.049845838981,1.93,-0.864,1.495
2024-05-16 00:30:00,o,4.65,1.1,0.45,1.7998572591896123,0.071154558253,0.365,-0.052641785063,1.9,-0.816,1.354
2024-05-16 00:30:00,o,4.65,1.1,0.5,1.7998572591896123,0.071154558253,0.365,-0.052641785063,1.9,-0.816,1.354
2024-05-16 00:30:00,o,4.65,1.1,0.55,1.7998572591896123,0.071154558253,0.365,-0.052641785063,1.9,-0.816,1.354
2024-05-16 00:30:00,o,4.65,1.1,0.6,1.7679272596809057,0.080255637881,0.369,-0.054,1.86,-0.753,1.278
2024-05-16 00:30:00,o,4.65,1.1,0.65,1.7650796605798131,0.083323004476,0.36,-0.054552196076,1.93,-0.864,1.12
2024-05-16 00:30:00,o,4.65,1.1,0.7,1.7650796605798131,0.083323004476,0.36,-0.054552196076,1.93,-0.864,1.12
2024-05-16 00:30:00,o,4.65,1.1,0.75,1.768001359986824,0.086443564949,0.356,-0.05503146173,1.96,-0.914,1.133
2024-05-16 00:30:00,o,4.65,1.1,0.8,1.7851304409579205,0.090911453239,0.346,-0.056476016441,2.02,-1.018,0.802
2024-05-16 00:30:00,o,4.65,1.1,0.85,1.7940067797887853,0.09087883034,0.341,-0.055562992867,2.05,-1.072,0.673
2024-05-16 00:30:00,o,4.65,1.1,0.9,1.7972329067159485,0.090233649447,0.339,-0.055020694494,2.06,-1.09,0.551
2024-05-16 00:30:00,o,4.65,1.1,0.95,1.8032112189832226,0.089552702775,0.336,-0.053685612884,2.08,-1.127,0.422
2024-05-16 00:30:00,o,4.65,1.15,0.0,1.9889377960227526,0.042362727536,0.318,-0.02638866738,2.18,-1.318,1.217
2024-05-16 00:30:00,o,4.65,1.15,0.05,1.984945654660568,0.044085655169,0.32,-0.028111223718,2.17,-1.299,1.309
2024-05-16 00:30:00,o,4.65,1.15,0.1,1.9762444881238859,0.045336189885,0.326,-0.028689637794,2.14,-1.24,1.254
2024-05-16 00:30:00,o,4.65,1.15,0.15,1.9669766531030928,0.047678852838,0.321,-0.030010912203,2.16,-1.279,1.456
2024-05-16 00:30:00,o,4.65,1.15,0.2,1.9185178575740305,0.056774414403,0.332,-0.038031977703,2.1,-1.164,1.607
2024-05-16 00:30:00,o,4.65,1.15,0.25,1.9185178575740305,0.056774414403,0.332,-0.038031977703,2.1,-1.164,1.607
2024-05-16 00:30:00,o,4.65,1.15,0.3,1.8932400736088384,0.059570337258,0.335,-0.039427987718,2.09,-1.146,1.513
2024-05-16 00:30:00,o,4.65,1.15,0.35,1.8628168801302234,0.064228379836,0.346,-0.045029257203,2.02,-1.018,1.611
2024-05-16 00:30:00,o,4.65,1.15,0.4,1.825653267724309,0.068963921737,0.36,-0.049845838981,1.93,-0.864,1.495
2024-05-16 00:30:00,o,4.65,1.15,0.45,1.825653267724309,0.068963921737,0.36,-0.049845838981,1.93,-0.864,1.495
2024-05-16 00:30:00,o,4.65,1.15,0.5,1.7998572591896123,0.071154558253,0.365,-0.052641785063,1.9,-0.816,1.354
2024-05-16 00:30:00,o,4.65,1.15,0.55,1.7782887551991327,0.075548119146,0.371,-0.054,1.86,-0.753,1.378
2024-05-16 00:30:00,o,4.65,1.15,0.6,1.7679272596809057,0.080255637881,0.369,-0.054,1.86,-0.753,1.278
2024-05-16 00:30:00,o,4.65,1.15,0.65,1.7679272596809057,0.080255637881,0.369,-0.054,1.86,-0.753,1.278
2024-05-16 00:30:00,o,4.65,1.15,0.7,1.7650796605798131,0.083323004476,0.36,-0.054552196076,1.93,-0.864,1.12
2024-05-16 00:30:00,o,4.65,1.15,0.75,1.7752535464992723,0.089368559118,0.352,-0.056087218921,1.98,-0.948,0.942
2024-05-16 00:30:00,o,4.65,1.15,0.8,1.7752535464992723,0.089368559118,0.352,-0.056087218921,1.98,-0.948,0.942
2024-05-16 00:30:00,o,4.65,1.15,0.85,1.791023610761494,0.090969225133,0.343,-0.055593086824,2.04,-1.054,0.55
2024-05-16 00:30:00,o,4.65,1.15,0.9,1.7945716908314635,0.090386843769,0.341,-0.054867301941,2.05,-1.072,0.214
2024-05-16 00:30:00,o,4.65,1.15,0.95,1.7984089198895257,0.089325609928,0.339,-0.053658846673,2.06,-1.09,0.091
